4
3
17
7
3
0
3
26
85
6
3
9
11
12
40
56
36
57
27
24
142
22
7
23
10
33
57
9
0
1
15
1
0
20
26
8
0
8
13
2
4
37
4
45
3
2
16
40
22
13
36
81
5
11
30
73
61
0
3
3
0
6
62
70
11
5
19
7
28
0
20
59
50
14
75
17
3
31
52
80
64
45
37
36
2
34
9
85
42
13
4
34
36
11
33
1
31
9
36
19
8
46
29
43
34
34
68
40
1
14
38
0
71
30
37
28
83
36
44
38
28
4
29
38
37
1
6
30
44
75
17
43
50
40
21
7
9
21
63
59
66
34
14
27
10
5
28
18
4
23
4
62
16
36
10
25
56
46
2
0
12
0
15
14
5
24
26
56
0
0
3
33
218
28
14
0
19
30
68
41
41
0
27
1
8
15
0
1
71
39
45
4
32
36
14
2
4
13
79
71
19
26
33
46
59
7
106
27
28
71
47
24
2
13
0
58
2
33
25
9
150
47
36
24
18
5
3
44
3
1
29
22
10
23
13
3
14
25
14
10
28
12
41
19
44
54
0
15
72
11
21
16
48
76
115
43
28
40
18
44
36
23
13
21
49
12
21
5
7
51
8
69
6
16
63
30
13
14
17
23
2
23
0
5
45
25
36
15
8
20
7
17
1
4
4
2
1
71
8
95
10
18
28
24
11
7
6
2
14
7
9
53
36
49
56
3
25
6
19
9
20
27
0
5
18
37
37
27
14
31
77
2
4
3
63
0
2
17
24
1
45
15
46
132
19
30
5
32
12
24
47
40
36
48
20
71
16
21
50
11
15
16
53
17
126
48
34
6
22
9
31
7
8
29
20
4
20
25
25
20
8
32
9
29
4
50
0
13
8
142
36
32
14
18
7
4
4
0
26
86
76
7
0
59
1
47
32
62
16
1
1
88
15
39
10
35
72
0
8
13
67
15
1
24
7
16
23
82
36
11
30
21
28
17
17
7
20
24
17
3
16
9
70
15
73
22
3
2
6
6
14
8
20
0
29
23
8
23
75
18
22
38
11
0
27
4
89
64
10
31
107
36
9
8
69
30
31
1
18
16
29
41
19
71
1
12
27
31
4
23
24
20
2
20
1
10
60
0
6
3
15
2
2
28
16
60
39
5
30
7
31
46
152
36
88
57
41
7
3
23
35
28
26
13
8
57
96
3
2
10
6
0
2
33
44
4
11
29
15
20
6
24
86
15
2
26
1
79
50
1
85
36
9
99
30
17
97
54
9
2
14
39
16
1
40
82
56
20
0
14
10
58
6
2
48
28
21
28
14
0
24
59
64
76
36
1
95
15
2
32
0
19
4
3
17
5
22
148
12
28