4
3
17
7
3
3
26
85
6
3
9
11
12
40
56
36
57
27
24
142
22
7
23
10
33
57
9
1
15
1
20
26
8
8
13
2
4
37
4
45
3
2
16
40
22
13
36
81
5
11
30
73
61
3
3
6
62
70
11
5
19
7
28
20
59
50
14
75
17
3
31
52
80
64
45
37
36
2
34
9
85
42
13
4
34
36
11
33
1
31
9
36
19
8
46
29
43
34
34
68
40
1
14
38
71
30
37
28
83
36
44
38
28
4
29
38
37
1
6
30
44
75
17
43
50
40
21
7
9
21
63
59
66
34
14
27
10
5
28
18
4
23
4
62
16
36
10
25
56
46
2
12
15
14
5
24
26
56
3
33
218
28
14
19
30
68
41
41
27
1
8
15
1
71
39
45
4
32
36
14
2
4
13
79
71
19
26
33
46
59
7
106
27
28
71
47
24
2
13
58
2
33
25
9
150
47
36
24
18
5
3
44
3
1
29
22
10
23
13
3
14
25
14
10
28
12
41
19
44
54
15
72
11
21
16
48
76
115
43
28
40
18
44
36
23
13
21
49
12
21
5
7
51
8
69
6
16
63
30
13
14
17
23
2
23
5
45
25
36
15
8
20
7
17
1
4
4
2
1
71
8
95
10
18
28
24
11
7
6
2
14
7
9
53
36
49
56
3
25
6
