36
36
36
36
36
36
53
53
53
53
53
53
50
50
50
50
50
50
44
44
44
44
44
44
33
33
33
33
33
33
19
19
19
19
19
19
14
14
14
14
14
14
11
11
11
11
11
11
10
10
10
10
10
10
12
12
12
12
12
12
16
16
16
16
16
16
23
23
23
23
23
23
30
30
30
30
30
30
32
32
32
32
32
32
33
33
33
33
33
33
32
32
32
32
32
32
30
30
30
30
30
30
31
31
31
31
31
31
35
35
35
35
35
35
32
32
32
32
32
32
27
27
27
27
27
27
26
26
26
26
26
26
18
18
18
18
18
18
13
13
13
13
13
13
8
8
8
8
8
8
5
5
5
5
5
5
3
3
3
3
3
3
6
6
6
6
6
6
16
16
16
16
16
16
27
27
27
27
27
27
36
36
36
36
36
36
39
39
39
39
39
39
33
33
33
33
33
33
32
32
32
32
32
32
34
34
34
34
34
34
35
35
35
35
35
35
32
32
32
32
32
32
35
35
35
35
35
35
45
45
45
45
45
45
46
46
46
46
46
46
38
38
38
38
38
38
34
34
34
34
34
34
31
31
31
31
31
31
24
24
24
24
24
24
17
17
17
17
17
17
11
11
11
11
11
11
7
7
7
7
7
7
4
4
4
4
4
4
5
5
5
5
5
5
15
15
15
15
15
15
