30 0.00 
30 0.00 
60 0.00 
90 0.00 
180 0.00 
270 0.00 
270 0.00 
330 0.00 
360 0.00 
360 0.00 
420 0.00 
570 0.00 
810 0.00 
810 0.00 
840 0.00 
870 0.00 
870 0.00 
870 0.00 
900 0.00 
900 0.00 
1020 0.00 
1020 0.00 
1020 0.00 
1080 0.00 
1080 0.00 
1080 0.00 
1110 0.00 
1140 0.00 
1140 0.00 
1170 0.00 
1170 0.00 
1260 0.00 
1260 0.00 
1260 0.00 
1290 0.00 
1290 0.00 
1290 0.00 
1320 0.00 
1320 0.00 
1500 0.00 
1500 0.00 
1500 0.00 
1590 0.00 
1680 0.00 
1740 0.00 
1740 0.00 
1740 0.00 
1770 0.00 
1830 0.00 
1950 0.00 
1980 0.00 
2010 0.00 
2040 0.00 
2070 0.00 
2100 0.00 
2130 0.00 
2160 0.00 
2190 0.00 
2220 0.00 
2700 0.00 
2910 0.00 
2910 0.00 
2940 0.00 
3000 0.00 
3030 0.00 
3030 0.00 
3060 0.00 
3120 0.00 
3120 0.00 
3180 0.00 
3210 0.00 
3210 0.00 
3210 0.00 
3240 0.00 
3240 0.00 
3300 0.00 
3300 0.00 
3300 0.00 
3300 0.00 
3360 0.00 
3360 0.00 
3360 0.00 
3420 0.00 
3510 0.00 
3510 0.00 
3510 0.00 
60 0.00 
90 0.00 
90 0.00 
