2 101.60 
4 102.74 
6 100.76 
8 101.27 
10 100.36 
12 82.73 
14 70.60 
16 47.41 
18 33.72 
20 64.96 
22 62.09 
24 39.16 
26 27.98 
28 28.44 
30 26.17 
30 0.15 
30 0.08 
30 6.57 
32 101.99 
34 102.19 
35 102.76 
37 94.86 
39 59.06 
41 48.37 
43 49.03 
45 42.91 
47 30.32 
49 36.64 
51 25.05 
53 30.07 
55 43.05 
57 33.91 
59 53.77 
60 0.12 
60 0.18 
60 0.24 
61 101.57 
63 102.30 
65 102.36 
67 76.22 
69 70.40 
71 77.10 
73 36.40 
75 36.60 
77 33.12 
79 61.82 
81 39.40 
83 28.76 
85 27.58 
87 18.36 
89 66.69 
90 1.20 
90 0.08 
90 0.11 
91 100.19 
93 101.31 
95 102.22 
97 102.87 
99 75.19 
101 50.28 
103 43.83 
105 23.35 
107 23.46 
109 29.37 
111 36.28 
113 86.43 
115 52.19 
117 17.53 
119 28.32 
120 1.43 
120 0.16 
120 0.17 
122 100.75 
124 96.17 
126 91.61 
128 85.37 
130 72.37 
132 47.99 
134 61.29 
136 40.20 
138 36.21 
140 91.14 
142 51.54 
144 53.46 
146 27.93 
148 32.70 
150 40.92 
150 0.14 
150 0.11 
150 0.11 
150 103.58 
152 63.28 
154 102.31 
156 71.45 
158 82.37 
160 80.13 
162 53.05 
164 47.19 
166 83.38 
168 13.92 
170 14.09 
171 41.90 
173 72.38 
175 37.29 
177 50.99 
179 21.41 
180 1.17 
180 0.23 
180 0.13 
181 94.03 
183 102.49 
185 102.15 
187 101.73 
189 67.54 
191 57.67 
193 41.68 
195 42.06 
197 26.50 
199 38.40 
201 34.90 
203 35.44 
205 19.19 
207 20.87 
209 81.01 
210 1.42 
210 0.14 
210 1.30 
211 101.32 
213 102.04 
215 102.01 
217 99.69 
219 90.76 
221 55.75 
223 27.29 
225 40.65 
227 34.95 
229 55.32 
231 57.86 
233 28.78 
235 29.03 
237 18.02 
239 63.29 
240 0.25 
240 0.22 
240 0.17 
242 103.66 
244 101.89 
246 103.27 
248 102.03 
250 90.52 
252 75.71 
254 82.05 
256 73.53 
258 51.65 
260 56.86 
262 48.13 
264 42.04 
266 49.40 
268 34.12 
269 47.70 
270 0.07 
270 0.14 
270 0.18 
272 104.37 
274 100.64 
275 101.78 
277 101.98 
279 80.69 
281 69.98 
283 66.59 
285 72.15 
287 54.99 
289 70.32 
291 54.74 
293 43.44 
295 70.93 
297 27.82 
299 43.67 
300 0.40 
300 0.13 
300 0.14 
301 101.99 
303 100.97 
305 101.64 
307 90.21 
309 99.29 
311 98.86 
313 83.29 
315 102.07 
317 88.97 
319 43.24 
321 36.43 
323 49.51 
325 59.54 
327 52.96 
329 54.75 
330 14.16 
330 0.21 
330 0.62 
330 0.13 
330 101.35 
332 101.14 
334 102.18 
336 102.37 
338 103.15 
340 101.99 
341 102.32 
343 102.86 
345 99.59 
347 87.64 
349 80.03 
351 52.74 
353 73.32 
355 73.42 
357 64.05 
359 40.74 
360 0.14 
360 0.20 
360 0.20 
361 65.77 
363 99.10 
365 105.49 
367 97.66 
369 101.24 
371 100.41 
373 84.96 
375 98.15 
377 78.12 
379 91.33 
381 75.81 
383 75.80 
385 49.97 
387 46.23 
389 27.06 
390 3.89 
390 0.12 
390 0.14 
392 102.75 
394 102.02 
396 102.46 
398 97.05 
400 104.60 
402 65.83 
404 75.67 
406 54.83 
408 84.39 
410 74.52 
411 51.28 
413 77.18 
415 56.20 
417 63.90 
419 27.88 
420 0.14 
420 0.10 
420 0.20 
421 102.63 
423 102.14 
425 102.44 
427 102.10 
429 85.15 
431 79.00 
433 65.02 
435 56.52 
437 61.84 
439 51.31 
441 45.47 
443 42.10 
445 65.41 
447 37.49 
449 25.82 
450 8.09 
450 0.08 
450 0.16 
452 100.82 
454 100.17 
456 89.51 
458 100.02 
460 91.97 
462 55.19 
463 54.09 
465 59.74 
467 64.91 
469 86.96 
471 36.70 
473 39.16 
475 23.56 
477 26.36 
479 85.85 
480 4.19 
480 0.09 
480 0.17 
482 105.28 
484 101.94 
486 102.83 
488 105.09 
490 103.02 
491 101.96 
493 103.18 
495 102.31 
497 102.95 
499 102.79 
501 103.24 
503 91.73 
505 43.31 
507 57.34 
509 24.71 
510 3.02 
510 0.16 
510 0.21 
512 102.32 
514 101.93 
516 102.34 
518 102.65 
520 101.91 
522 102.08 
524 102.51 
525 98.51 
527 47.72 
529 85.10 
531 61.39 
533 95.05 
535 59.03 
537 54.46 
539 75.08 
540 0.15 
540 0.12 
540 0.14 
541 101.56 
543 102.61 
545 102.03 
547 102.96 
549 101.90 
551 99.48 
553 74.76 
555 84.70 
557 61.15 
558 54.30 
560 80.62 
562 62.45 
564 53.32 
566 78.76 
568 69.82 
570 56.61 
570 0.15 
570 0.35 
570 0.14 
572 101.76 
573 103.18 
575 102.26 
577 102.08 
579 102.28 
581 101.75 
583 78.89 
585 74.35 
587 66.19 
589 89.07 
591 86.24 
593 71.08 
595 50.30 
597 30.05 
599 34.88 
600 7.44 
600 0.14 
600 0.70 
602 102.71 
604 102.88 
606 101.98 
607 102.37 
609 102.67 
611 101.14 
613 102.30 
615 100.87 
617 99.22 
619 85.61 
621 68.43 
623 56.20 
625 77.94 
627 57.94 
629 52.76 
630 18.06 
630 0.08 
630 0.23 
632 103.54 
634 101.22 
635 103.07 
637 101.87 
639 102.28 
641 105.60 
643 104.13 
645 103.19 
647 101.71 
649 102.61 
651 103.06 
653 62.87 
655 74.61 
657 41.92 
659 41.34 
660 12.23 
660 0.24 
660 0.24 
662 102.58 
664 102.67 
665 101.39 
667 102.26 
669 102.57 
671 103.04 
673 102.00 
675 61.85 
677 55.44 
679 55.97 
681 53.06 
683 79.03 
685 62.32 
686 47.85 
688 23.13 
690 30.13 
690 0.12 
690 0.17 
690 0.14 
690 100.38 
691 102.41 
693 101.81 
695 100.96 
697 103.23 
699 104.10 
701 102.26 
703 101.64 
705 68.83 
706 73.80 
708 58.22 
710 55.69 
712 75.24 
714 61.56 
716 87.35 
718 35.49 
720 34.27 
720 0.13 
720 0.24 
720 0.19 
720 104.12 
722 101.70 
723 100.91 
725 100.77 
727 102.40 
729 101.00 
731 103.60 
733 98.44 
735 86.54 
737 99.17 
739 94.29 
740 43.08 
742 49.74 
744 70.94 
746 61.52 
748 72.49 
750 59.04 
750 0.21 
750 0.13 
750 0.15 
750 105.01 
751 104.03 
753 100.87 
755 100.61 
756 98.01 
758 101.76 
760 102.36 
762 103.25 
764 97.56 
766 80.54 
768 65.31 
769 79.47 
771 69.30 
773 39.65 
775 58.38 
777 53.81 
779 54.39 
780 44.33 
780 0.15 
780 2.17 
780 0.12 
780 103.36 
781 101.68 
783 101.45 
785 101.38 
787 102.48 
789 102.74 
791 102.62 
793 102.47 
795 102.14 
796 102.11 
798 99.68 
800 102.78 
802 103.18 
804 100.89 
806 81.70 
808 104.23 
810 83.38 
810 0.12 
810 0.10 
810 0.20 
812 101.50 
812 102.03 
813 102.97 
813 101.93 
815 102.12 
815 100.53 
817 105.15 
817 93.77 
819 104.91 
819 79.94 
821 81.00 
821 79.95 
823 77.86 
823 53.15 
825 35.57 
825 34.37 
827 48.85 
827 71.96 
829 78.05 
829 52.81 
831 38.67 
831 60.27 
833 23.74 
833 84.02 
835 55.88 
835 63.41 
837 25.38 
837 36.57 
838 55.07 
838 33.83 
840 16.79 
840 13.54 
840 0.24 
840 0.29 
840 1.35 
840 1.66 
840 0.12 
840 0.14 
840 99.93 
840 99.58 
841 100.66 
841 102.76 
843 102.40 
843 88.90 
845 88.73 
845 80.42 
847 84.16 
847 68.40 
849 55.81 
849 72.91 
850 63.30 
850 48.00 
852 52.21 
852 69.05 
854 40.11 
854 43.78 
856 61.80 
856 36.02 
858 29.63 
858 30.03 
860 21.88 
860 41.49 
862 37.38 
862 78.47 
864 82.55 
864 65.90 
866 46.52 
866 37.41 
867 43.07 
867 65.24 
869 73.34 
869 45.22 
870 0.18 
870 0.11 
870 0.19 
870 0.24 
870 0.09 
870 0.08 
871 101.41 
871 102.01 
873 101.76 
873 100.95 
875 101.11 
875 101.47 
877 102.80 
877 103.54 
879 102.57 
879 103.13 
881 102.74 
881 103.31 
883 102.66 
883 102.55 
885 102.25 
885 101.87 
886 101.70 
886 102.27 
888 102.79 
888 102.70 
890 103.15 
890 103.72 
892 102.47 
892 102.97 
894 92.31 
894 103.55 
896 44.41 
896 103.79 
898 39.07 
898 103.00 
900 29.25 
900 102.54 
900 0.08 
900 100.11 
900 0.30 
900 0.52 
900 0.12 
900 0.12 
902 101.10 
902 101.24 
904 101.87 
904 101.00 
905 103.20 
905 102.52 
907 103.82 
907 104.34 
909 79.88 
909 102.30 
911 64.39 
911 102.65 
913 56.69 
913 103.21 
915 24.88 
915 101.90 
917 58.60 
917 103.51 
919 43.89 
919 101.54 
921 36.69 
921 86.47 
923 56.59 
923 81.83 
925 62.11 
925 59.53 
927 56.86 
927 54.66 
929 30.04 
929 35.46 
930 4.13 
930 6.86 
930 0.09 
930 0.09 
930 0.17 
930 0.19 
931 100.51 
931 100.64 
933 101.82 
933 101.16 
935 102.85 
935 103.39 
937 100.70 
937 102.92 
939 96.72 
939 80.12 
941 63.39 
941 56.83 
943 59.91 
943 65.01 
945 82.28 
945 88.40 
947 53.20 
947 35.26 
949 81.17 
949 37.95 
951 27.91 
951 34.33 
953 25.92 
953 45.79 
955 24.33 
955 32.57 
956 35.35 
956 39.26 
958 27.09 
958 37.54 
960 17.81 
960 17.41 
960 0.10 
960 0.12 
960 0.32 
960 0.31 
960 0.15 
960 0.12 
960 101.14 
960 105.02 
961 102.72 
961 102.59 
963 100.52 
963 101.08 
965 101.22 
965 101.67 
967 102.62 
967 102.40 
969 103.76 
969 101.53 
970 102.44 
970 63.49 
972 103.24 
972 42.15 
974 103.40 
974 50.63 
976 103.33 
976 85.68 
978 103.22 
978 61.46 
980 102.89 
980 48.03 
982 102.90 
982 45.10 
983 95.65 
983 36.62 
985 70.67 
985 35.37 
987 68.88 
987 40.38 
989 50.37 
989 43.66 
990 9.35 
990 70.71 
990 0.28 
990 0.24 
990 0.12 
990 0.10 
991 100.65 
991 101.20 
993 96.04 
993 102.49 
995 98.60 
995 98.19 
997 93.72 
997 102.61 
999 95.67 
999 102.33 
1001 81.54 
1001 104.10 
1003 75.23 
1003 78.29 
1005 74.21 
1005 86.79 
1007 71.48 
1007 82.29 
1009 61.25 
1009 58.45 
1010 42.38 
1010 34.58 
1012 29.04 
1012 45.03 
1014 85.07 
1014 27.27 
1016 41.20 
1016 32.29 
1018 28.94 
1018 36.45 
1020 23.45 
1020 50.09 
1020 0.30 
1020 0.26 
1020 0.18 
1020 0.12 
1020 0.13 
1020 0.11 
1021 103.23 
1021 101.60 
1023 102.64 
1023 102.83 
1025 104.84 
1025 104.55 
1027 101.54 
1027 103.58 
1029 72.56 
1029 84.79 
1031 62.67 
1031 88.08 
1032 50.00 
1032 59.74 
1034 52.93 
1034 46.61 
1036 58.90 
1036 58.16 
1038 40.66 
1038 42.98 
1040 35.20 
1040 57.39 
1042 101.22 
1042 31.59 
1044 58.62 
1044 63.54 
1045 37.48 
1045 35.47 
1047 29.30 
1047 28.76 
1049 27.81 
1049 62.89 
1050 0.11 
1050 0.07 
1050 0.18 
1050 0.21 
1050 1.29 
1050 0.12 
1052 101.85 
1052 100.51 
1054 104.88 
1054 97.21 
1055 100.83 
1055 87.37 
1057 104.14 
1057 95.84 
1059 103.64 
1059 102.10 
1061 86.32 
1061 83.15 
1063 58.96 
1063 74.64 
1065 79.97 
1065 83.90 
1067 53.24 
1067 41.84 
1069 47.55 
1069 37.47 
1070 62.79 
1070 49.78 
1072 56.82 
1072 65.48 
1074 41.32 
1074 49.78 
1076 44.79 
1076 63.71 
1078 54.88 
1078 70.57 
1080 34.48 
1080 31.99 
1080 0.09 
1080 0.09 
1080 0.24 
1080 0.19 
1080 0.14 
1080 0.14 
1082 102.07 
1082 101.73 
1083 100.52 
1083 101.26 
1085 98.96 
1085 100.24 
1087 104.09 
1087 103.78 
1089 57.87 
1089 60.39 
1091 52.17 
1091 47.99 
1093 51.33 
1093 68.38 
1095 62.66 
1095 58.12 
1097 61.25 
1097 75.09 
1098 60.10 
1098 50.24 
1100 99.81 
1100 69.81 
1102 89.07 
1102 66.61 
1104 39.62 
1104 39.92 
1106 28.07 
1106 45.26 
1108 46.91 
1108 70.39 
1110 29.26 
1110 26.43 
1110 0.16 
1110 0.17 
1110 0.48 
1110 0.77 
1110 0.16 
1110 0.13 
1110 101.41 
1110 101.54 
1111 100.83 
1111 104.58 
1113 101.48 
1113 100.81 
1115 100.93 
1115 102.20 
1117 91.25 
1117 102.07 
1119 90.69 
1119 102.60 
1121 95.20 
1121 101.04 
1123 75.16 
1123 85.01 
1124 82.39 
1124 56.34 
1126 56.59 
1126 44.58 
1128 65.69 
1128 25.59 
1130 25.93 
1130 29.22 
1132 54.30 
1132 43.86 
1134 52.82 
1134 59.91 
1136 66.39 
1136 68.25 
1137 53.54 
1137 66.09 
1139 60.91 
1139 42.61 
1140 0.23 
1140 20.48 
1140 0.14 
1140 0.17 
1140 0.13 
1140 0.15 
1141 101.67 
1141 100.89 
1143 102.29 
1143 96.10 
1145 95.33 
1145 89.60 
1147 103.09 
1147 85.57 
1149 82.82 
1149 79.23 
1151 98.71 
1151 95.86 
1153 95.07 
1153 93.34 
1155 59.46 
1155 103.39 
1156 69.23 
1156 64.80 
1158 40.37 
1158 40.55 
1160 67.83 
1160 39.02 
1162 30.30 
1162 42.11 
1164 60.15 
1164 96.98 
1166 53.54 
1166 99.77 
1168 80.92 
1168 66.66 
1170 30.30 
1170 29.70 
1170 0.09 
1170 0.11 
1170 0.18 
1170 0.22 
1170 0.12 
1170 0.12 
1172 101.24 
1172 102.33 
1174 101.68 
1174 103.26 
1175 101.05 
1175 92.24 
1177 94.98 
1177 86.69 
1179 64.19 
1179 62.00 
1181 88.05 
1181 82.64 
1183 79.94 
1183 63.81 
1185 63.24 
1185 76.23 
1187 41.48 
1187 74.30 
1189 70.31 
1189 86.56 
1191 45.91 
1191 59.67 
1193 39.26 
1193 68.04 
1194 34.16 
1194 40.01 
1196 50.29 
1196 46.85 
1198 43.04 
1198 35.76 
1200 15.35 
1200 30.99 
1200 0.08 
1200 0.13 
1200 0.15 
1200 2.30 
1200 0.14 
1200 0.13 
1200 103.61 
1200 101.86 
1202 101.74 
1202 101.88 
1204 97.17 
1204 100.87 
1206 102.69 
1206 103.24 
1208 103.13 
1208 101.63 
1210 104.73 
1210 86.72 
1212 93.23 
1212 58.14 
1214 74.41 
1214 46.63 
1216 64.37 
1216 80.43 
1218 79.09 
1218 72.66 
1220 39.63 
1220 34.78 
1221 55.64 
1221 50.64 
1223 37.98 
1223 41.50 
1225 19.00 
1225 18.35 
1227 17.85 
1227 25.26 
1229 33.98 
1229 42.27 
1230 2.26 
1230 1.16 
1230 0.28 
1230 0.18 
1230 0.83 
1230 2.28 
1231 101.38 
1231 101.53 
1233 102.21 
1233 102.15 
1235 102.82 
1235 102.43 
1237 103.28 
1237 103.30 
1239 104.56 
1239 104.65 
1241 98.19 
1241 103.99 
1243 53.77 
1243 97.48 
1244 65.87 
1244 91.51 
1246 69.22 
1246 73.45 
1248 72.13 
1248 67.65 
1250 59.59 
1250 50.49 
1252 40.97 
1252 56.46 
1254 41.78 
1254 36.64 
1256 26.10 
1256 33.28 
1258 52.58 
1258 43.18 
1260 37.67 
1260 67.34 
1260 0.19 
1260 0.20 
1260 0.16 
1260 0.16 
1260 0.12 
1260 0.11 
1261 101.70 
1261 101.86 
1263 101.85 
1263 102.65 
1265 103.53 
1265 102.90 
1267 95.52 
1267 102.17 
1269 78.60 
1269 102.82 
1271 89.03 
1271 93.89 
1273 61.39 
1273 71.21 
1275 42.34 
1275 49.18 
1277 71.14 
1277 70.97 
1278 52.27 
1278 84.29 
1280 68.37 
1280 51.67 
1282 35.80 
1282 29.42 
1284 17.37 
1284 25.50 
1286 26.81 
1286 38.58 
1288 22.78 
1288 21.49 
1290 22.28 
1290 22.28 
1290 0.19 
1290 0.14 
1290 0.15 
1290 0.12 
1290 0.17 
1290 0.14 
1292 103.11 
1292 101.87 
1294 104.57 
1294 103.68 
1295 99.86 
1295 103.18 
1297 95.71 
1297 102.40 
1299 85.67 
1299 103.68 
1301 74.79 
1301 103.67 
1303 59.14 
1303 46.23 
1305 56.76 
1305 50.70 
1307 53.46 
1307 65.44 
1309 44.57 
1309 66.41 
1311 46.24 
1311 31.38 
1313 62.90 
1313 35.09 
1314 35.10 
1314 55.20 
1316 31.39 
1316 24.01 
1318 45.12 
1318 18.32 
1320 22.56 
1320 29.22 
1320 0.20 
1320 0.15 
1320 0.14 
1320 0.15 
1320 0.15 
1320 0.14 
1322 101.50 
1322 101.85 
1323 103.16 
1323 103.74 
1325 101.32 
1325 101.26 
1327 102.29 
1327 103.11 
1329 103.38 
1329 103.10 
1331 99.38 
1331 103.08 
1333 85.58 
1333 103.53 
1335 35.95 
1335 103.58 
1337 35.04 
1337 103.62 
1339 35.70 
1339 104.06 
1341 41.77 
1341 102.25 
1343 41.29 
1343 103.05 
1345 46.88 
1345 102.95 
1346 42.00 
1346 103.45 
1348 40.53 
1348 100.94 
1350 10.67 
1350 79.88 
1350 0.14 
1350 0.13 
1350 0.22 
1350 0.29 
1350 0.16 
1350 0.11 
1350 101.80 
1350 103.70 
1351 102.99 
1351 102.63 
1353 102.95 
1353 104.26 
1355 102.53 
1355 102.37 
1357 90.17 
1357 93.64 
1359 77.90 
1359 87.44 
1361 53.14 
1361 55.72 
1363 63.50 
1363 64.07 
1365 57.83 
1365 69.33 
1366 69.64 
1366 56.23 
1368 37.22 
1368 59.48 
1370 40.23 
1370 42.71 
1372 30.64 
1372 45.68 
1374 44.62 
1374 88.64 
1376 80.46 
1376 60.23 
1378 33.12 
1378 29.32 
1380 48.16 
1380 46.08 
1380 0.16 
1380 0.27 
1380 0.15 
1380 0.18 
1380 0.12 
1380 0.13 
1380 100.33 
1380 102.88 
1382 101.37 
1382 101.67 
1384 102.39 
1384 103.10 
1386 103.86 
1386 103.99 
1388 75.80 
1388 81.87 
1389 62.69 
1389 73.35 
1391 70.23 
1391 79.06 
1393 58.40 
1393 79.18 
1395 63.17 
1395 64.00 
1397 94.56 
1397 72.54 
1399 41.36 
1399 43.64 
1401 18.65 
1401 23.78 
1403 39.00 
1403 48.07 
1405 38.92 
1405 52.10 
1407 51.80 
1407 30.60 
1409 49.17 
1409 35.15 
1410 61.40 
1410 4.10 
1410 0.13 
1410 0.11 
1410 0.10 
1410 0.09 
1411 101.33 
1411 101.49 
1413 102.61 
1413 101.95 
1415 102.16 
1415 102.00 
1417 103.01 
1417 100.80 
1419 104.39 
1419 61.85 
1421 102.14 
1421 63.46 
1423 102.71 
1423 54.20 
1425 103.48 
1425 45.50 
1427 103.41 
1427 74.68 
1429 103.58 
1429 50.11 
1431 104.44 
1431 58.35 
1433 101.84 
1433 34.40 
1435 67.72 
1435 29.70 
1437 103.23 
1437 17.10 
1438 43.64 
1438 24.75 
1440 95.42 
1440 28.14 
1440 0.22 
1440 0.17 
1440 0.15 
1440 1.31 
1440 0.13 
1440 0.11 
1440 103.36 
1440 105.16 
1441 100.36 
1441 101.89 
1443 81.27 
1443 100.96 
1445 101.11 
1445 101.22 
1447 103.20 
1447 100.27 
1449 97.55 
1449 95.29 
1451 93.00 
1451 69.40 
1453 104.40 
1453 44.70 
1455 57.93 
1455 35.34 
1457 64.72 
1457 37.87 
1459 69.97 
1459 65.78 
1461 37.62 
1461 85.94 
1463 47.22 
1463 40.34 
1465 12.06 
1465 17.78 
1467 42.09 
1467 52.05 
1469 58.57 
1469 31.03 
1470 14.06 
1470 10.47 
1470 0.13 
1470 0.14 
1470 0.57 
1470 1.50 
1470 0.12 
1470 0.11 
1470 102.10 
1470 100.94 
1471 100.60 
1471 100.66 
1473 100.63 
1473 102.33 
1475 68.83 
1475 83.38 
1477 45.01 
1477 101.03 
1479 31.36 
1479 103.57 
1481 51.38 
1481 88.37 
1483 33.42 
1483 68.42 
1484 27.37 
1484 37.78 
1486 28.70 
1486 27.63 
1488 54.46 
1488 34.93 
1490 36.89 
1490 22.34 
1492 28.13 
1492 25.16 
1494 39.15 
1494 36.49 
1496 31.74 
1496 46.61 
1498 27.20 
1498 35.08 
1500 48.53 
1500 24.71 
1500 0.25 
1500 0.26 
1500 0.15 
1500 0.13 
1500 0.10 
1500 0.09 
1502 101.29 
1502 101.07 
1504 101.87 
1504 101.98 
1506 100.87 
1506 102.27 
1508 73.85 
1508 77.32 
1510 70.48 
1510 73.57 
1512 63.23 
1512 49.42 
1513 39.97 
1513 55.81 
1515 22.72 
1515 26.10 
1517 30.55 
1517 29.20 
1519 24.57 
1519 21.05 
1521 27.86 
1521 28.01 
1523 31.52 
1523 103.57 
1525 34.18 
1525 85.00 
1526 44.90 
1526 37.47 
1528 34.84 
1528 60.69 
1530 41.76 
1530 28.95 
1530 0.19 
1530 0.19 
1530 0.58 
1530 1.33 
1530 0.13 
1530 0.14 
1530 102.41 
1530 102.80 
1531 92.07 
1531 93.27 
1533 101.85 
1533 102.11 
1535 92.07 
1535 102.04 
1537 100.85 
1537 103.16 
1539 94.21 
1539 103.66 
1541 95.43 
1541 102.76 
1543 56.97 
1543 103.22 
1545 39.21 
1545 102.84 
1547 25.78 
1547 103.43 
1549 17.10 
1549 101.84 
1551 31.34 
1551 101.08 
1553 45.05 
1553 104.35 
1555 92.20 
1555 92.97 
1556 31.04 
1556 63.11 
1558 25.54 
1558 102.82 
1560 22.49 
1560 90.97 
1560 0.17 
1560 0.19 
1560 1.06 
1560 0.66 
1560 0.12 
1560 0.13 
1560 102.16 
1560 102.60 
1561 103.76 
1561 101.84 
1563 98.51 
1563 97.53 
1565 83.38 
1565 90.92 
1567 72.64 
1567 85.72 
1569 98.82 
1569 83.92 
1571 80.13 
1571 72.33 
1573 46.81 
1573 38.77 
1575 94.58 
1575 29.21 
1576 45.42 
1576 59.38 
1578 50.51 
1578 54.38 
1580 33.71 
1580 84.32 
1582 102.33 
1582 36.49 
1584 13.82 
1584 25.30 
1586 27.96 
1586 29.15 
1588 48.33 
1588 29.62 
1590 86.81 
1590 67.45 
1590 0.11 
1590 0.10 
1590 0.15 
1590 0.17 
1590 0.13 
1590 0.11 
1590 103.73 
1590 100.36 
1592 101.43 
1592 102.22 
1594 102.76 
1594 98.45 
1596 97.75 
1596 96.32 
1597 83.17 
1597 71.53 
1599 103.89 
1599 87.09 
1601 104.39 
1601 100.61 
1603 104.65 
1603 61.11 
1605 100.71 
1605 37.31 
1607 101.90 
1607 33.89 
1609 102.77 
1609 25.25 
1611 102.24 
1611 31.59 
1613 103.28 
1613 80.03 
1615 102.26 
1615 48.38 
1617 103.04 
1617 56.09 
1619 102.94 
1619 38.34 
1620 44.88 
1620 25.96 
1620 0.11 
1620 0.13 
1620 0.21 
1620 0.21 
1620 0.11 
1620 0.12 
1620 101.67 
1620 101.38 
1621 103.89 
1621 103.25 
1623 104.00 
1623 101.66 
1625 101.48 
1625 103.60 
1627 89.74 
1627 102.86 
1629 46.87 
1629 102.10 
1631 71.12 
1631 102.97 
1633 39.89 
1633 102.09 
1635 46.70 
1635 102.69 
1637 46.39 
1637 101.41 
1639 32.94 
1639 102.31 
1641 51.51 
1641 102.79 
1643 41.81 
1643 101.20 
1644 25.95 
1644 102.97 
1646 58.49 
1646 103.45 
1648 19.61 
1648 102.00 
1650 47.90 
1650 100.20 
1650 0.08 
1650 100.54 
1650 0.12 
1650 92.31 
1650 0.12 
1650 0.12 
1650 101.84 
1650 101.27 
1652 101.01 
1652 103.19 
1653 103.90 
1653 102.96 
1655 100.28 
1655 103.39 
1657 82.62 
1657 102.69 
1659 65.46 
1659 102.48 
1661 60.78 
1661 103.57 
1663 37.46 
1663 102.42 
1665 28.68 
1665 102.04 
1667 50.77 
1667 101.68 
1669 60.82 
1669 87.75 
1671 49.10 
1671 69.51 
1673 26.43 
1673 58.53 
1675 43.72 
1675 31.35 
1677 63.61 
1677 47.03 
1679 57.44 
1679 34.98 
1680 1.76 
1680 0.16 
1680 0.11 
1680 0.14 
1680 0.17 
1680 0.13 
1682 83.33 
1682 88.43 
1684 99.00 
1684 81.55 
1686 98.65 
1686 72.61 
1688 81.81 
1688 85.58 
1690 76.67 
1690 72.38 
1692 69.03 
1692 54.24 
1694 32.55 
1694 28.44 
1696 38.46 
1696 32.65 
1698 24.98 
1698 63.32 
1700 31.36 
1700 84.74 
1702 37.11 
1702 33.49 
1703 55.93 
1703 87.98 
1705 21.64 
1705 18.03 
1707 34.28 
1707 27.90 
1709 25.46 
1709 22.30 
1710 34.05 
1710 0.38 
1710 0.12 
1710 0.33 
1710 1.33 
1710 0.62 
1712 100.35 
1712 102.86 
1714 93.65 
1714 92.57 
1716 53.14 
1716 71.96 
1718 61.94 
1718 70.19 
1720 54.50 
1720 50.94 
1722 45.22 
1722 76.29 
1724 50.57 
1724 41.79 
1726 70.85 
1726 34.80 
1728 19.82 
1728 42.32 
1730 35.12 
1730 38.64 
1732 30.48 
1732 45.42 
1734 28.08 
1734 21.70 
1736 31.61 
1736 32.93 
1738 20.36 
1738 26.93 
1740 47.67 
1740 22.02 
1740 0.13 
1740 0.10 
1740 0.66 
1740 0.16 
1740 0.14 
1740 0.16 
1742 102.08 
1742 99.53 
1744 75.28 
1744 69.48 
1745 28.90 
1745 62.48 
1747 23.69 
1747 22.88 
1749 18.10 
1749 28.46 
1751 58.84 
1751 75.43 
1753 53.60 
1753 46.57 
1755 51.86 
1755 34.75 
1757 55.28 
1757 50.69 
1759 32.67 
1759 47.94 
1761 37.52 
1761 44.78 
1763 40.17 
1763 29.44 
1765 23.99 
1765 22.99 
1767 72.48 
1767 79.06 
1769 21.75 
1769 35.61 
1770 0.16 
1770 0.24 
1770 0.23 
1770 0.33 
1770 0.23 
1770 1.69 
1771 101.14 
1771 101.55 
1773 98.74 
1773 99.97 
1775 53.43 
1775 54.01 
1777 49.11 
1777 56.76 
1779 73.27 
1779 56.24 
1781 68.34 
1781 56.91 
1783 51.97 
1783 35.86 
1785 40.97 
1785 34.94 
1787 41.19 
1787 32.42 
1789 26.59 
1789 25.61 
1791 26.67 
1791 31.18 
1793 48.49 
1793 58.71 
1795 20.23 
1795 27.02 
1797 30.31 
1797 34.81 
1799 43.12 
1799 28.80 
1800 0.11 
1800 0.09 
1800 0.07 
1800 0.06 
1800 0.17 
1800 0.15 
1802 100.88 
1802 101.77 
1804 102.83 
1804 96.43 
1806 96.26 
1806 79.34 
1808 70.53 
1808 50.48 
1810 68.52 
1810 58.80 
1812 46.21 
1812 51.21 
1814 47.50 
1814 41.23 
1816 33.32 
1816 28.23 
1818 20.00 
1818 22.12 
1820 30.17 
1820 19.96 
1821 15.42 
1821 16.72 
1823 18.94 
1823 18.19 
1825 24.86 
1825 80.21 
1827 33.08 
1827 18.36 
1829 26.20 
1829 35.75 
1830 0.18 
1830 0.18 
1830 0.17 
1830 0.16 
1830 0.09 
1830 0.09 
1831 98.83 
1831 99.89 
1833 101.27 
1833 96.38 
1835 100.86 
1835 85.48 
1837 79.10 
1837 60.69 
1839 65.49 
1839 58.21 
1841 39.66 
1841 34.25 
1843 70.57 
1843 48.55 
1845 21.30 
1845 29.91 
1847 26.56 
1847 31.20 
1849 26.61 
1849 42.31 
1851 38.20 
1851 25.66 
1853 33.88 
1853 34.18 
1855 20.24 
1855 33.19 
1857 34.66 
1857 18.64 
1859 29.03 
1859 92.47 
1860 15.71 
1860 6.05 
1860 0.79 
1860 0.11 
1860 0.18 
1860 0.26 
1860 0.11 
1860 0.14 
1860 101.94 
1860 102.47 
1862 102.62 
1862 100.38 
1864 101.75 
1864 101.74 
1866 76.54 
1866 83.19 
1868 30.07 
1868 101.64 
1869 55.05 
1869 103.27 
1871 38.38 
1871 102.07 
1873 42.11 
1873 102.43 
1875 37.36 
1875 103.02 
1877 38.65 
1877 104.34 
1879 46.09 
1879 92.72 
1881 31.77 
1881 52.56 
1883 31.05 
1883 32.52 
1885 30.61 
1885 33.84 
1887 60.63 
1887 13.43 
1889 56.81 
1889 14.07 
1890 0.83 
1890 1.13 
1890 0.11 
1890 0.10 
1890 0.13 
1890 0.12 
1892 100.23 
1892 102.18 
1894 101.92 
1894 102.63 
1896 100.80 
1896 100.66 
1898 85.16 
1898 103.56 
1900 78.06 
1900 103.66 
1901 36.40 
1901 51.83 
1903 28.81 
1903 32.94 
1905 32.84 
1905 25.66 
1907 34.94 
1907 22.51 
1909 27.76 
1909 35.90 
1911 66.71 
1911 25.53 
1913 29.27 
1913 28.54 
1915 21.55 
1915 24.41 
1917 50.24 
1917 59.06 
1919 50.67 
1919 31.43 
1920 2.91 
1920 0.84 
1920 0.25 
1920 0.24 
1920 1.00 
1920 0.10 
1922 80.70 
1922 82.41 
1924 44.69 
1924 102.01 
1926 64.01 
1926 69.55 
1928 24.73 
1928 29.68 
1930 42.48 
1930 35.89 
1932 57.98 
1932 40.16 
1934 30.57 
1934 24.01 
1936 21.54 
1936 27.10 
1938 24.36 
1938 22.48 
1940 44.26 
1940 33.76 
1942 35.17 
1942 30.47 
1944 42.28 
1944 21.19 
1945 32.26 
1945 14.86 
1947 10.30 
1947 17.05 
1949 17.95 
1949 21.35 
1950 0.12 
1950 0.14 
1950 0.12 
1950 0.09 
1950 0.18 
1950 0.13 
1951 103.60 
1953 102.30 
1955 97.76 
1957 97.07 
1959 85.85 
1961 40.17 
1963 41.19 
1965 26.69 
1967 32.41 
1969 76.62 
1971 95.32 
1973 48.50 
1975 24.23 
1977 22.11 
1979 29.68 
1980 0.34 
1980 0.10 
1980 0.20 
1981 101.11 
1983 103.03 
1985 101.19 
1987 101.48 
1989 102.60 
1991 101.43 
1993 103.98 
1995 101.63 
1997 99.54 
1999 100.41 
2001 102.16 
2003 92.52 
2005 62.07 
2007 42.44 
2009 52.77 
2010 0.15 
2010 0.12 
2010 0.09 
2011 98.66 
2013 100.05 
2015 101.64 
2017 72.70 
2019 80.91 
2021 67.01 
2023 76.25 
2025 52.27 
2027 29.53 
2029 29.36 
2031 40.82 
2033 45.31 
2035 31.01 
2037 41.68 
2039 37.54 
2040 0.15 
2040 0.12 
2040 0.09 
2041 101.85 
2043 99.57 
2045 63.91 
2047 63.94 
2049 42.37 
2051 39.88 
2053 22.91 
2055 46.20 
2057 26.43 
2059 16.66 
2061 39.13 
2063 42.35 
2065 54.99 
2067 46.41 
2069 37.43 
2070 19.50 
2070 0.20 
2070 0.69 
2072 101.78 
2074 101.63 
2076 100.32 
2078 101.15 
2080 96.55 
2082 61.70 
2084 65.69 
2086 46.50 
2088 26.91 
2090 50.61 
2092 46.80 
2094 33.01 
2096 19.94 
2098 24.81 
2100 37.01 
2100 0.10 
2100 0.17 
2100 0.10 
2100 100.88 
2102 101.79 
2104 101.23 
2106 101.00 
2108 84.58 
2110 61.17 
2112 62.51 
2114 43.78 
2116 34.26 
2118 30.52 
2120 43.86 
2122 53.44 
2124 34.66 
2126 27.17 
2128 61.10 
2130 35.42 
2130 0.13 
2130 0.11 
2130 0.12 
2130 100.60 
2132 103.08 
2134 102.72 
2136 101.53 
2138 100.55 
2140 76.66 
2142 37.95 
2144 41.79 
2146 31.25 
2148 33.93 
2150 31.66 
2152 38.75 
2154 34.15 
2156 14.56 
2158 9.75 
2160 32.13 
2160 0.12 
2160 0.17 
2160 0.14 
2162 102.77 
2164 101.25 
2166 101.45 
2168 100.04 
2170 85.87 
2172 88.86 
2174 70.57 
2176 83.56 
2178 94.28 
2180 67.93 
2181 76.98 
2183 23.04 
2185 82.53 
2187 49.82 
2189 37.66 
2190 0.15 
2190 0.12 
2190 0.15 
2191 103.68 
2193 101.56 
2195 102.78 
2197 101.26 
2199 101.11 
2201 103.13 
2203 103.56 
2205 101.26 
2207 100.48 
2209 101.35 
2211 101.68 
2213 102.59 
2215 102.42 
2217 102.91 
2219 101.70 
2220 10.71 
2220 0.35 
2220 1.45 
2222 101.56 
2222 101.08 
2224 103.37 
2224 101.74 
2226 100.24 
2226 57.81 
2228 72.25 
2228 49.75 
2230 72.88 
2230 71.40 
2232 60.56 
2232 69.16 
2234 39.17 
2234 34.63 
2236 36.34 
2236 20.79 
2237 32.12 
2237 57.33 
2239 17.49 
2239 33.43 
2241 33.82 
2241 31.87 
2243 26.96 
2243 33.21 
2245 21.03 
2245 27.68 
2247 34.69 
2247 38.44 
2249 71.61 
2249 40.39 
2250 0.11 
2250 0.11 
2250 0.10 
2250 0.09 
2250 0.08 
2250 0.11 
2251 101.60 
2251 102.18 
2253 102.13 
2253 97.30 
2255 102.68 
2255 80.73 
2257 102.81 
2257 53.80 
2259 101.75 
2259 49.70 
2261 102.59 
2261 56.22 
2263 102.80 
2263 24.57 
2265 101.73 
2265 47.39 
2267 101.63 
2267 54.08 
2269 103.54 
2269 61.02 
2271 91.77 
2271 21.63 
2273 93.23 
2273 27.93 
2275 87.73 
2275 36.50 
2276 58.60 
2276 20.77 
2278 37.03 
2278 20.05 
2280 10.94 
2280 21.64 
2280 0.14 
2280 0.18 
2280 0.14 
2280 0.14 
2280 0.12 
2280 0.18 
2280 100.68 
2280 105.80 
2281 101.70 
2281 100.26 
2283 101.74 
2283 88.14 
2285 99.67 
2285 68.72 
2287 95.91 
2287 58.05 
2289 101.65 
2289 75.40 
2291 102.67 
2291 56.59 
2293 103.49 
2293 42.69 
2295 48.66 
2295 29.97 
2297 101.38 
2297 71.20 
2299 48.40 
2299 44.28 
2301 34.03 
2301 27.62 
2303 52.30 
2303 15.87 
2305 28.65 
2305 19.32 
2307 37.32 
2307 69.74 
2309 41.39 
2309 25.99 
2310 10.85 
2310 8.50 
2310 0.10 
2310 0.09 
2310 1.51 
2310 1.23 
2310 0.12 
2310 0.11 
2310 102.25 
2310 101.05 
2311 86.09 
2311 96.70 
2313 86.56 
2313 102.42 
2315 68.82 
2315 102.57 
2317 45.39 
2317 102.16 
2319 19.30 
2319 100.48 
2321 31.22 
2321 101.38 
2323 43.10 
2323 102.09 
2325 42.79 
2325 101.89 
2327 43.16 
2327 100.30 
2329 46.18 
2329 90.38 
2331 38.93 
2331 41.10 
2333 47.68 
2333 39.53 
2335 38.20 
2335 29.52 
2337 49.34 
2337 39.29 
2338 60.64 
2338 13.17 
2340 16.06 
2340 6.74 
2340 0.16 
2340 0.19 
2340 2.82 
2340 0.82 
2340 0.12 
2340 0.13 
2340 101.98 
2340 101.68 
2341 101.16 
2341 100.51 
2343 101.40 
2343 102.84 
2345 95.33 
2345 102.45 
2347 82.96 
2347 103.87 
2349 59.81 
2349 103.45 
2351 49.81 
2351 101.36 
2353 37.02 
2353 103.45 
2355 37.92 
2355 85.70 
2357 36.87 
2357 103.99 
2359 25.37 
2359 103.58 
2361 74.65 
2361 102.42 
2363 36.90 
2363 102.12 
2365 24.62 
2365 102.68 
2367 41.24 
2367 103.19 
2369 30.30 
2369 102.57 
2370 7.08 
2370 100.13 
2370 0.11 
2370 100.34 
2370 0.10 
2370 99.77 
2370 0.09 
2370 102.25 
2370 100.82 
2370 101.80 
2372 101.74 
2372 101.56 
2374 96.76 
2374 103.21 
2376 71.82 
2376 71.69 
2378 94.01 
2378 55.25 
2379 82.90 
2379 53.59 
2381 61.82 
2381 47.36 
2383 81.96 
2383 61.03 
2385 30.68 
2385 57.01 
2387 33.50 
2387 32.83 
2389 32.89 
2389 27.21 
2391 41.58 
2391 34.19 
2393 25.49 
2393 21.94 
2395 55.57 
2395 66.56 
2397 13.42 
2397 12.83 
2399 23.10 
2399 34.53 
2400 0.21 
2400 0.15 
2400 1.19 
2400 0.14 
2400 0.10 
2400 0.08 
2402 98.95 
2402 98.40 
2404 101.49 
2404 97.19 
2405 88.29 
2405 102.69 
2407 82.51 
2407 90.78 
2409 62.87 
2409 98.07 
2411 65.73 
2411 67.37 
2413 55.54 
2413 79.10 
2415 41.82 
2415 59.86 
2417 36.49 
2417 39.91 
2419 36.93 
2419 88.09 
2421 42.67 
2421 29.58 
2423 59.20 
2423 47.76 
2425 19.12 
2425 84.28 
2427 16.20 
2427 16.63 
2429 57.00 
2429 47.84 
2430 14.64 
2430 30.03 
2430 0.14 
2430 0.15 
2430 0.07 
2430 0.07 
2432 102.61 
2432 101.57 
2434 103.40 
2434 93.22 
2436 102.96 
2436 86.49 
2438 74.94 
2438 52.33 
2439 44.55 
2439 50.33 
2441 44.57 
2441 29.37 
2443 76.57 
2443 79.41 
2445 68.63 
2445 70.70 
2447 72.15 
2447 35.89 
2449 44.67 
2449 36.61 
2451 58.80 
2451 27.15 
2453 24.51 
2453 72.42 
2455 24.22 
2455 30.62 
2457 38.83 
2457 33.99 
2459 83.72 
2459 58.83 
2460 3.19 
2460 8.10 
2460 0.13 
2460 0.12 
2460 0.11 
2460 0.09 
2462 102.33 
2462 102.52 
2464 101.60 
2464 101.17 
2466 102.68 
2466 102.38 
2468 103.55 
2468 102.12 
2470 101.99 
2470 101.55 
2471 102.90 
2471 103.10 
2473 102.29 
2473 103.46 
2475 100.96 
2475 102.09 
2477 103.86 
2477 96.82 
2479 101.01 
2479 50.53 
2481 101.74 
2481 51.76 
2483 84.62 
2483 31.34 
2485 67.06 
2485 38.97 
2487 41.84 
2487 29.73 
2488 75.77 
2488 23.54 
2490 24.22 
2490 14.54 
2490 0.19 
2490 0.28 
2490 0.11 
2490 0.11 
2490 0.16 
2490 0.14 
2490 103.34 
2490 100.52 
2491 97.59 
2491 97.62 
2493 96.18 
2493 101.94 
2495 85.60 
2495 101.34 
2497 75.91 
2497 102.09 
2499 82.79 
2499 102.56 
2501 96.55 
2501 102.95 
2503 61.92 
2503 103.81 
2505 54.04 
2505 96.93 
2507 30.92 
2507 96.38 
2509 29.92 
2509 59.74 
2510 53.98 
2510 53.11 
2512 25.53 
2512 54.61 
2514 48.65 
2514 54.86 
2516 22.35 
2516 36.12 
2518 21.34 
2518 85.65 
2520 25.35 
2520 102.12 
2520 0.14 
2520 70.87 
2520 0.13 
2520 0.16 
2520 0.15 
2520 0.16 
2520 99.97 
2520 103.34 
2522 102.48 
2522 102.00 
2524 102.97 
2524 103.74 
2526 102.74 
2526 81.08 
2528 98.03 
2528 87.09 
2530 59.71 
2530 71.36 
2532 63.93 
2532 56.06 
2533 39.21 
2533 34.34 
2535 41.18 
2535 45.40 
2537 19.24 
2537 25.29 
2539 29.65 
2539 38.78 
2541 23.97 
2541 35.87 
2543 59.55 
2543 28.95 
2545 59.31 
2545 40.07 
2547 62.25 
2547 45.82 
2549 20.00 
2549 50.84 
2550 13.13 
2550 85.02 
2550 0.35 
2550 0.16 
2550 2.40 
2550 1.20 
2550 0.13 
2550 0.13 
2550 102.03 
2550 102.66 
2552 100.60 
2552 101.38 
2553 102.52 
2553 104.07 
2555 82.41 
2555 101.31 
2557 71.04 
2557 53.33 
2559 75.87 
2559 46.93 
2561 42.08 
2561 59.63 
2563 68.81 
2563 47.80 
2565 45.31 
2565 67.38 
2567 39.89 
2567 38.92 
2569 61.93 
2569 53.52 
2571 63.48 
2571 18.57 
2573 24.44 
2573 62.25 
2574 47.08 
2574 19.86 
2576 38.08 
2576 31.59 
2578 25.45 
2578 33.86 
2580 51.61 
2580 57.05 
2580 0.12 
2580 0.10 
2580 0.12 
2580 0.14 
2580 0.12 
2580 0.13 
2580 102.63 
2580 101.54 
2582 90.19 
2582 75.12 
2584 103.52 
2584 103.88 
2586 92.38 
2586 76.54 
2588 105.26 
2588 103.10 
2589 104.17 
2589 98.76 
2591 79.67 
2591 94.95 
2593 62.97 
2593 82.56 
2595 36.49 
2595 53.11 
2597 32.90 
2597 16.90 
2599 23.06 
2599 24.46 
2601 38.65 
2601 34.10 
2603 76.91 
2603 45.52 
2605 43.45 
2605 27.32 
2607 41.17 
2607 52.65 
2609 94.54 
2609 103.24 
2610 0.16 
2610 0.94 
2610 0.15 
2610 0.17 
2610 2.77 
2610 2.98 
2612 104.68 
2612 101.49 
2614 99.96 
2614 102.14 
2615 86.57 
2615 103.97 
2617 87.04 
2617 104.94 
2619 67.51 
2619 102.90 
2621 59.36 
2621 102.26 
2623 41.35 
2623 102.81 
2625 58.73 
2625 102.79 
2627 45.42 
2627 102.49 
2629 37.35 
2629 102.82 
2631 26.48 
2631 102.07 
2633 31.61 
2633 62.84 
2635 37.51 
2635 83.86 
2636 33.02 
2636 67.75 
2638 30.67 
2638 36.15 
2640 83.51 
2640 22.75 
2640 0.12 
2640 0.23 
2640 0.20 
2640 0.24 
2640 0.12 
2640 0.13 
2640 101.52 
2640 101.25 
2641 103.23 
2641 104.48 
2643 103.85 
2643 102.20 
2645 104.08 
2645 103.44 
2647 103.07 
2647 103.60 
2649 103.13 
2649 85.82 
2651 101.37 
2651 54.35 
2653 102.67 
2653 56.94 
2655 105.41 
2655 30.67 
2657 103.93 
2657 55.42 
2659 102.03 
2659 80.14 
2661 103.09 
2661 50.97 
2663 99.43 
2663 47.17 
2664 77.96 
2664 32.57 
2666 36.12 
2666 51.18 
2668 26.98 
2668 16.95 
2670 22.76 
2670 18.35 
2670 0.22 
2670 0.21 
2670 0.10 
2670 0.12 
2670 0.11 
2670 0.12 
2670 101.99 
2670 100.57 
2671 101.48 
2671 103.03 
2673 105.52 
2673 102.87 
2675 103.25 
2675 101.85 
2677 83.39 
2677 102.38 
2678 58.87 
2678 102.72 
2680 81.12 
2680 101.96 
2682 48.87 
2682 102.49 
2684 32.84 
2684 104.68 
2686 34.28 
2686 104.24 
2688 33.02 
2688 93.36 
2690 63.71 
2690 82.84 
2692 56.28 
2692 72.49 
2693 59.26 
2693 101.28 
2695 21.19 
2695 36.57 
2697 49.27 
2697 37.53 
2699 25.69 
2699 37.87 
2700 0.20 
2700 0.25 
2700 0.23 
2700 0.29 
2700 0.28 
2700 0.16 
2702 104.25 
2702 97.91 
2704 99.33 
2704 101.20 
2706 103.40 
2706 103.26 
2708 103.38 
2708 85.78 
2710 90.00 
2710 70.47 
2712 59.08 
2712 69.63 
2714 79.55 
2714 54.74 
2716 77.26 
2716 71.11 
2718 33.11 
2718 39.94 
2719 34.64 
2719 22.35 
2721 46.62 
2721 81.88 
2723 59.95 
2723 92.55 
2725 48.41 
2725 73.08 
2727 70.98 
2727 73.00 
2729 58.35 
2729 55.50 
2730 0.14 
2730 0.12 
2730 0.13 
2730 0.14 
2730 0.09 
2730 0.09 
2731 103.91 
2731 104.32 
2733 101.40 
2733 100.18 
2735 103.03 
2735 103.72 
2737 100.65 
2737 100.58 
2739 71.84 
2739 72.03 
2741 77.17 
2741 77.35 
2743 77.27 
2743 67.50 
2745 85.69 
2745 88.49 
2747 86.88 
2747 73.27 
2749 55.71 
2749 41.33 
2751 48.10 
2751 83.49 
2753 51.51 
2753 47.32 
2755 31.82 
2755 57.80 
2757 31.43 
2757 33.58 
2759 79.14 
2759 23.32 
2760 5.31 
2760 7.21 
2760 0.10 
2760 0.09 
2760 0.70 
2760 1.44 
2760 0.13 
2760 0.12 
2760 101.78 
2760 101.73 
2761 104.67 
2761 103.84 
2763 100.51 
2763 100.96 
2765 102.74 
2765 103.61 
2767 102.20 
2767 97.05 
2769 103.51 
2769 86.51 
2771 104.14 
2771 56.91 
2773 103.22 
2773 17.12 
2775 103.09 
2775 58.58 
2777 103.16 
2777 74.26 
2779 104.33 
2779 45.37 
2781 102.41 
2781 77.92 
2783 100.85 
2783 62.24 
2785 103.30 
2785 41.92 
2787 102.33 
2787 59.98 
2789 104.47 
2789 51.07 
2790 100.90 
2790 6.81 
2790 100.35 
2790 0.09 
2790 73.02 
2790 1.24 
2792 104.38 
2792 102.09 
2794 103.52 
2794 103.40 
2795 103.10 
2795 102.32 
2797 102.36 
2797 100.57 
2799 101.87 
2799 75.91 
2801 105.57 
2801 60.97 
2803 101.82 
2803 62.31 
2805 103.48 
2805 85.82 
2807 103.74 
2807 91.83 
2809 104.11 
2809 51.84 
2811 97.43 
2811 44.66 
2813 53.40 
2813 16.59 
2815 78.53 
2815 24.07 
2817 58.90 
2817 39.49 
2818 77.14 
2818 36.85 
2820 22.60 
2820 27.75 
2820 0.11 
2820 0.08 
2820 1.30 
2820 0.07 
2820 0.12 
2820 0.11 
2820 101.13 
2820 100.62 
2822 99.74 
2822 100.98 
2824 91.38 
2824 58.86 
2826 71.83 
2826 83.20 
2827 61.44 
2827 87.28 
2829 97.19 
2829 103.47 
2831 70.70 
2831 74.03 
2833 78.62 
2833 78.93 
2835 71.06 
2835 83.77 
2837 60.55 
2837 68.07 
2839 31.60 
2839 35.61 
2841 27.15 
2841 24.02 
2843 59.77 
2843 56.02 
2845 36.04 
2845 29.66 
2847 48.02 
2847 82.14 
2849 35.46 
2849 46.55 
2850 27.75 
2850 26.02 
2850 0.08 
2850 0.09 
2850 1.05 
2850 1.31 
2850 0.10 
2850 0.12 
2850 101.60 
2850 102.22 
2851 103.26 
2851 101.90 
2853 102.55 
2853 101.58 
2855 104.86 
2855 103.66 
2857 102.94 
2857 102.66 
2859 67.36 
2859 103.76 
2861 68.21 
2861 102.39 
2863 48.75 
2863 102.04 
2865 53.76 
2865 101.76 
2867 61.45 
2867 102.34 
2869 54.29 
2869 87.81 
2870 23.21 
2870 40.28 
2872 30.63 
2872 67.54 
2874 42.93 
2874 34.32 
2876 27.40 
2876 28.33 
2878 29.03 
2878 38.68 
2880 38.67 
2880 27.68 
2880 0.11 
2880 0.10 
2880 0.12 
2880 0.08 
2880 0.13 
2880 0.14 
2880 101.82 
2880 101.57 
2881 102.06 
2881 101.85 
2883 102.20 
2883 101.02 
2885 103.63 
2885 103.35 
2887 103.08 
2887 103.01 
2889 100.41 
2889 100.48 
2891 61.63 
2891 87.54 
2893 84.71 
2893 76.72 
2895 94.01 
2895 84.45 
2897 69.01 
2897 69.46 
2899 56.08 
2899 62.20 
2901 41.23 
2901 51.54 
2903 41.55 
2903 44.07 
2904 74.08 
2904 91.61 
2906 53.79 
2906 32.51 
2908 22.97 
2908 25.06 
2910 29.46 
2910 22.41 
2910 0.18 
2910 0.19 
2910 0.17 
2910 0.23 
2910 0.10 
2910 0.15 
2912 101.69 
2912 101.87 
2913 100.65 
2913 96.83 
2915 102.95 
2915 102.92 
2917 102.95 
2917 103.30 
2919 96.92 
2919 96.07 
2921 63.32 
2921 78.82 
2923 98.78 
2923 88.93 
2925 95.06 
2925 76.49 
2927 46.50 
2927 65.45 
2929 82.24 
2929 82.48 
2931 55.51 
2931 52.95 
2933 57.71 
2933 54.36 
2934 31.10 
2934 59.75 
2936 44.34 
2936 66.52 
2938 54.00 
2938 36.45 
2940 31.42 
2940 55.43 
2940 0.20 
2940 0.23 
2940 0.65 
2940 0.16 
2940 0.12 
2940 0.13 
2940 101.81 
2940 101.06 
2942 100.89 
2942 101.74 
2944 102.55 
2944 103.03 
2946 101.54 
2946 101.82 
2947 101.82 
2947 101.91 
2949 101.58 
2949 102.47 
2951 103.19 
2951 92.81 
2953 103.44 
2953 74.82 
2955 103.28 
2955 82.86 
2957 101.72 
2957 89.06 
2959 104.69 
2959 77.59 
2961 105.58 
2961 61.75 
2963 102.91 
2963 52.30 
2964 99.40 
2964 44.83 
2966 102.52 
2966 47.60 
2968 102.46 
2968 69.21 
2970 99.72 
2970 47.33 
2970 101.68 
2970 0.11 
2970 100.81 
2970 0.59 
2970 104.13 
2970 0.12 
2970 102.31 
2970 101.17 
2971 101.89 
2971 101.93 
2973 101.01 
2973 104.56 
2975 104.79 
2975 103.89 
2977 104.38 
2977 102.93 
2979 101.29 
2979 102.21 
2981 105.48 
2981 104.98 
2983 105.04 
2983 100.94 
2985 102.88 
2985 102.66 
2986 98.47 
2986 103.46 
2988 103.32 
2988 102.62 
2990 102.99 
2990 101.95 
2992 72.25 
2992 97.91 
2994 43.78 
2994 57.18 
2996 40.14 
2996 48.67 
2997 41.57 
2997 34.47 
2999 44.07 
2999 72.69 
3000 0.26 
3000 4.66 
3000 0.22 
3000 0.25 
3000 0.17 
3000 0.17 
3001 103.28 
3001 106.05 
3003 102.93 
3003 97.90 
3005 100.94 
3005 87.72 
3007 102.36 
3007 102.59 
3009 104.78 
3009 105.22 
3011 104.40 
3011 85.05 
3013 102.68 
3013 102.89 
3015 103.93 
3015 96.89 
3017 103.55 
3017 66.06 
3018 102.97 
3018 29.38 
3020 103.81 
3020 30.90 
3022 101.93 
3022 59.51 
3024 102.15 
3024 21.02 
3026 103.22 
3026 26.09 
3028 102.55 
3028 23.33 
3030 97.23 
3030 35.14 
3030 0.20 
3030 0.17 
3030 0.10 
3030 0.13 
3030 0.11 
3030 0.11 
3031 102.31 
3031 102.52 
3033 101.08 
3033 101.33 
3035 102.83 
3035 102.55 
3037 103.62 
3037 103.44 
3039 103.50 
3039 104.09 
3041 77.17 
3041 103.64 
3043 82.94 
3043 103.47 
3044 64.94 
3044 104.35 
3046 48.96 
3046 104.05 
3048 71.54 
3048 103.80 
3050 45.18 
3050 105.83 
3052 54.68 
3052 104.11 
3054 48.81 
3054 105.31 
3056 39.92 
3056 103.93 
3057 63.04 
3057 102.43 
3059 32.05 
3059 102.86 
3060 0.16 
3060 100.49 
3060 0.11 
3060 100.95 
3060 0.09 
3060 101.15 
3062 102.36 
3062 102.06 
3062 101.27 
3064 102.71 
3064 101.36 
3064 102.27 
3066 101.95 
3066 96.73 
3066 93.72 
3068 71.38 
3068 89.14 
3068 73.31 
3070 27.68 
3070 27.15 
3070 29.26 
3071 31.27 
3071 43.68 
3071 37.57 
3073 28.52 
3073 30.00 
3073 26.31 
3075 36.99 
3075 38.52 
3075 51.67 
3077 35.98 
3077 38.43 
3077 50.67 
3079 29.64 
3079 62.64 
3079 28.62 
3081 52.69 
3081 51.31 
3081 36.14 
3083 64.94 
3083 60.34 
3083 46.66 
3085 25.59 
3085 17.33 
3085 17.91 
3086 23.24 
3086 30.23 
3086 24.41 
3088 28.96 
3088 25.29 
3088 32.84 
3090 23.72 
3090 20.35 
3090 16.03 
3090 0.18 
3090 0.20 
3090 0.17 
3090 0.14 
3090 0.13 
3090 1.02 
3090 0.09 
3090 0.11 
3090 0.12 
3090 103.09 
3090 105.00 
3090 100.26 
3092 102.51 
3092 103.35 
3092 102.18 
3094 101.48 
3094 102.68 
3094 100.13 
3096 99.03 
3096 90.38 
3096 95.01 
3098 70.91 
3098 58.25 
3098 64.75 
3100 51.66 
3100 61.98 
3100 65.05 
3101 56.31 
3101 54.12 
3101 65.68 
3103 45.07 
3103 41.44 
3103 50.02 
3105 29.92 
3105 41.72 
3105 37.55 
3107 26.84 
3107 31.61 
3107 28.84 
3109 44.62 
3109 27.15 
3109 39.11 
3111 24.07 
3111 60.61 
3111 13.44 
3112 40.40 
3112 44.09 
3112 44.48 
3114 27.73 
3114 24.15 
3114 31.15 
3116 64.92 
3116 38.76 
3116 41.30 
3118 27.24 
3118 27.62 
3118 20.15 
3120 23.61 
3120 96.33 
3120 89.42 
3120 0.07 
3120 0.10 
3120 0.07 
3120 0.17 
3120 0.24 
3120 0.16 
3120 0.15 
3120 0.14 
3120 0.17 
3121 101.08 
3121 98.02 
3121 99.56 
3123 100.14 
3123 101.17 
3123 98.33 
3125 102.63 
3125 101.29 
3125 95.59 
3127 99.77 
3127 98.52 
3127 65.58 
3129 77.00 
3129 95.28 
3129 73.56 
3131 41.04 
3131 71.90 
3131 57.21 
3133 38.78 
3133 35.84 
3133 39.09 
3135 23.89 
3135 27.80 
3135 21.27 
3137 35.15 
3137 18.76 
3137 39.73 
3138 18.23 
3138 26.92 
3138 16.90 
3140 17.16 
3140 17.91 
3140 17.36 
3142 41.69 
3142 19.73 
3142 22.53 
3144 28.01 
3144 29.50 
3144 39.35 
3146 23.11 
3146 18.56 
3146 16.72 
3148 45.84 
3148 46.94 
3148 17.39 
3149 25.97 
3149 13.96 
3149 40.07 
3150 0.14 
3150 0.18 
3150 0.16 
3150 0.10 
3150 0.11 
3150 0.13 
3150 0.15 
3150 0.16 
3150 0.14 
3151 100.62 
3151 101.19 
3151 101.28 
3153 92.74 
3153 100.72 
3153 104.56 
3155 93.03 
3155 101.73 
3155 86.02 
3157 92.38 
3157 101.05 
3157 100.59 
3159 67.45 
3159 103.17 
3159 62.72 
3161 86.49 
3161 102.47 
3161 78.39 
3162 31.85 
3162 89.92 
3162 38.98 
3164 71.29 
3164 71.38 
3164 28.16 
3166 90.52 
3166 40.76 
3166 38.05 
3168 22.88 
3168 30.31 
3168 35.07 
3170 33.21 
3170 26.31 
3170 36.51 
3172 42.85 
3172 30.35 
3172 22.22 
3174 16.45 
3174 22.37 
3174 23.06 
3175 39.72 
3175 26.88 
3175 30.54 
3177 66.17 
3177 18.02 
3177 49.97 
3179 34.45 
3179 49.05 
3179 34.93 
3180 0.17 
3180 0.23 
3180 0.15 
3180 0.23 
3180 0.21 
3180 0.18 
3180 0.22 
3180 0.20 
3180 0.31 
3181 100.16 
3181 102.78 
3181 103.53 
3183 97.06 
3183 101.95 
3183 103.26 
3185 88.16 
3185 91.58 
3185 91.07 
3187 65.95 
3187 81.44 
3187 69.65 
3189 58.18 
3189 58.06 
3189 76.10 
3191 68.29 
3191 63.90 
3191 54.06 
3193 47.91 
3193 49.89 
3193 80.47 
3194 40.18 
3194 26.12 
3194 37.93 
3196 32.44 
3196 61.15 
3196 40.12 
3198 30.61 
3198 42.25 
3198 95.10 
3200 21.98 
3200 24.44 
3200 29.24 
3202 32.82 
3202 25.46 
3202 34.56 
3204 76.74 
3204 38.70 
3204 82.03 
3206 40.02 
3206 86.47 
3206 27.67 
3208 49.62 
3208 45.21 
3208 43.15 
3210 35.18 
3210 22.69 
3210 20.60 
3210 0.20 
3210 0.16 
3210 0.21 
3210 0.12 
3210 0.14 
3210 0.14 
3210 0.18 
3210 0.11 
3210 0.13 
3211 99.69 
3211 102.48 
3211 100.75 
3213 102.95 
3213 101.67 
3213 97.54 
3215 101.89 
3215 87.80 
3215 98.59 
3217 82.41 
3217 68.10 
3217 85.82 
3219 102.39 
3219 56.32 
3219 95.88 
3221 74.91 
3221 50.57 
3221 51.46 
3223 36.36 
3223 34.32 
3223 29.05 
3225 31.84 
3225 59.11 
3225 44.64 
3227 52.11 
3227 43.28 
3227 45.90 
3229 49.09 
3229 42.31 
3229 27.06 
3230 32.00 
3230 23.44 
3230 46.08 
3232 22.99 
3232 55.96 
3232 17.79 
3234 25.49 
3234 17.92 
3234 18.22 
3236 15.68 
3236 18.59 
3236 22.50 
3238 28.68 
3238 18.44 
3238 34.29 
3240 29.23 
3240 33.92 
3240 36.22 
3240 0.19 
3240 0.16 
3240 0.26 
3240 0.21 
3240 0.20 
3240 0.21 
3240 0.10 
3240 0.12 
3240 0.09 
3241 104.49 
3241 100.79 
3241 102.28 
3243 101.87 
3243 93.80 
3243 96.85 
3245 104.45 
3245 103.80 
3245 88.43 
3247 69.26 
3247 85.12 
3247 103.93 
3249 60.42 
3249 90.00 
3249 96.84 
3251 60.31 
3251 54.31 
3251 95.70 
3253 50.31 
3253 39.36 
3253 96.56 
3255 81.68 
3255 46.99 
3255 70.02 
3257 36.33 
3257 28.00 
3257 46.07 
3259 56.74 
3259 24.25 
3259 42.58 
3261 14.59 
3261 22.24 
3261 13.14 
3263 38.80 
3263 65.62 
3263 77.06 
3265 36.42 
3265 39.61 
3265 30.73 
3267 31.43 
3267 59.42 
3267 33.37 
3268 24.90 
3268 79.60 
3268 44.55 
3270 11.94 
3270 9.16 
3270 7.12 
3270 0.10 
3270 0.11 
3270 0.11 
3270 0.62 
3270 1.00 
3270 1.18 
3270 0.12 
3270 0.17 
3270 0.13 
3270 101.75 
3270 99.75 
3270 100.87 
3272 96.02 
3272 94.58 
3272 101.93 
3274 74.05 
3274 85.30 
3274 84.44 
3276 51.30 
3276 53.39 
3276 65.54 
3277 65.14 
3277 49.29 
3277 63.58 
3279 55.10 
3279 78.85 
3279 65.64 
3281 100.53 
3281 41.51 
3281 60.90 
3283 34.43 
3283 32.67 
3283 44.33 
3285 40.11 
3285 32.10 
3285 47.54 
3287 28.62 
3287 24.89 
3287 29.59 
3289 85.48 
3289 18.71 
3289 17.50 
3290 56.62 
3290 47.34 
3290 16.18 
3292 26.76 
3292 50.96 
3292 41.91 
3294 35.69 
3294 24.76 
3294 25.80 
3296 37.68 
3296 45.90 
3296 42.63 
3298 22.76 
3298 89.90 
3298 13.80 
3300 19.82 
3300 20.50 
3300 27.21 
3300 0.17 
3300 0.21 
3300 0.17 
3300 0.23 
3300 0.23 
3300 0.24 
3300 0.15 
3300 0.14 
3300 0.21 
3302 101.05 
3302 96.93 
3302 93.57 
3303 103.17 
3303 101.75 
3303 84.75 
3305 70.75 
3305 68.23 
3305 66.01 
3307 92.65 
3307 98.61 
3307 78.58 
3309 87.10 
3309 87.15 
3309 85.59 
3311 72.67 
3311 58.10 
3311 78.83 
3313 51.73 
3313 52.48 
3313 68.19 
3315 51.02 
3315 46.99 
3315 66.59 
3317 26.97 
3317 49.78 
3317 30.98 
3319 19.02 
3319 15.16 
3319 27.55 
3321 17.04 
3321 14.27 
3321 21.06 
3323 23.24 
3323 20.82 
3323 38.79 
3325 66.07 
3325 21.02 
3325 31.23 
3326 19.14 
3326 10.40 
3326 17.34 
3328 12.63 
3328 16.20 
3328 9.85 
3330 17.92 
3330 17.26 
3330 15.89 
3330 0.12 
3330 0.15 
3330 0.11 
3330 0.22 
3330 1.27 
3330 0.23 
3330 0.13 
3330 0.15 
3330 0.12 
3330 101.34 
3330 101.44 
3331 103.06 
3331 104.02 
3333 103.41 
3333 90.85 
3335 102.64 
3335 102.88 
3337 102.83 
3337 103.10 
3339 102.50 
3339 99.14 
3341 102.86 
3341 57.17 
3343 101.68 
3343 51.59 
3344 102.69 
3344 45.90 
3346 97.06 
3346 78.38 
3348 88.86 
3348 59.10 
3350 86.95 
3350 93.09 
3352 48.36 
3352 36.80 
3354 39.40 
3354 44.04 
3356 57.27 
3356 48.17 
3358 50.82 
3358 59.05 
3360 39.54 
3360 54.65 
3360 0.10 
3360 0.10 
3360 0.12 
3360 0.15 
3360 0.10 
3360 0.11 
3361 99.90 
3361 101.03 
3363 102.05 
3363 92.59 
3365 91.55 
3365 82.38 
3367 68.95 
3367 81.47 
3369 56.66 
3369 87.53 
3371 94.45 
3371 94.39 
3373 91.69 
3373 62.41 
3375 43.95 
3375 31.42 
3377 35.48 
3377 32.21 
3379 78.32 
3379 98.94 
3381 43.82 
3381 43.12 
3383 28.98 
3383 19.39 
3385 31.56 
3385 31.88 
3387 14.68 
3387 13.84 
3388 19.42 
3388 23.75 
3390 34.36 
3390 30.81 
3390 0.17 
3390 0.12 
3390 0.21 
3390 0.24 
3390 0.15 
3390 0.17 
3390 100.96 
3390 101.47 
3391 103.10 
3391 102.20 
3393 102.98 
3393 101.55 
3395 77.53 
3395 90.51 
3397 86.25 
3397 91.06 
3399 45.23 
3399 38.86 
3401 40.49 
3401 44.81 
3403 74.49 
3403 40.69 
3405 33.79 
3405 36.65 
3407 29.21 
3407 52.40 
3408 19.04 
3408 22.67 
3410 26.70 
3410 32.60 
3412 52.10 
3412 69.61 
3414 30.50 
3414 39.78 
3416 23.54 
3416 21.31 
3418 23.66 
3418 19.84 
3420 31.11 
3420 19.59 
3420 0.11 
3420 0.13 
3420 0.13 
3420 7.71 
3420 0.12 
3420 0.11 
3421 102.87 
3421 101.90 
3423 102.06 
3423 103.13 
3425 98.27 
3425 102.24 
3427 96.53 
3427 96.33 
3429 59.94 
3429 56.54 
3431 42.21 
3431 52.78 
3433 45.67 
3433 62.73 
3435 38.94 
3435 50.37 
3437 68.07 
3437 41.54 
3439 63.16 
3439 69.08 
3441 30.23 
3441 29.90 
3443 32.51 
3443 54.34 
3445 32.98 
3445 24.51 
3447 88.27 
3447 79.47 
3449 43.80 
3449 60.11 
3450 37.54 
3450 12.41 
3450 0.11 
3450 0.16 
3450 1.09 
3450 0.63 
3452 103.44 
3452 105.30 
3454 100.94 
3454 103.22 
3456 91.86 
3456 102.84 
3458 82.20 
3458 96.66 
3460 68.87 
3460 83.21 
3462 67.29 
3462 36.55 
3464 66.06 
3464 57.27 
3466 55.33 
3466 63.14 
3467 22.21 
3467 36.04 
3469 27.17 
3469 69.00 
3471 48.02 
3471 46.77 
3473 26.85 
3473 37.64 
3475 36.80 
3475 68.28 
3477 74.05 
3477 72.22 
3479 69.64 
3479 74.93 
3480 0.11 
3480 0.13 
3480 0.21 
3480 0.24 
3480 0.24 
3480 0.26 
3481 102.50 
3481 102.50 
3483 102.93 
3483 102.60 
3485 103.02 
3485 103.06 
3487 93.63 
3487 75.19 
3489 89.62 
3489 76.25 
3491 48.54 
3491 63.01 
3492 39.03 
3492 25.46 
3494 28.04 
3494 25.94 
3496 31.11 
3496 25.87 
3498 35.47 
3498 19.01 
3500 53.67 
3500 21.47 
3502 17.03 
3502 17.06 
3504 25.10 
3504 33.41 
3506 74.47 
3506 39.02 
3508 41.46 
3508 25.39 
3509 27.64 
3509 64.72 
3510 0.12 
3510 0.12 
3510 0.13 
3510 0.12 
3510 0.16 
3510 0.16 
3511 103.09 
3511 103.31 
3513 101.72 
3513 101.69 
3515 71.02 
3515 95.31 
3517 66.27 
3517 100.98 
3519 63.02 
3519 49.02 
3521 44.01 
3521 46.29 
3522 54.18 
3522 49.20 
3524 49.72 
3524 51.03 
3526 41.35 
3526 49.02 
3528 40.51 
3528 76.03 
3530 23.06 
3530 33.44 
3532 78.45 
3532 25.65 
3534 30.71 
3534 62.49 
3536 31.49 
3536 37.28 
3538 23.47 
3538 27.58 
3540 57.22 
3540 85.24 
3540 0.12 
3540 0.12 
3540 0.26 
3540 0.30 
3540 0.13 
3540 0.13 
3540 103.95 
3540 100.80 
3542 96.61 
3542 103.17 
3544 103.63 
3544 100.26 
3546 94.45 
3546 103.09 
3548 91.63 
3548 101.25 
3550 64.69 
3550 84.82 
3551 32.36 
3551 72.02 
3553 48.03 
3553 61.20 
3555 65.91 
3555 54.03 
3557 59.10 
3557 41.45 
3559 22.71 
3559 19.55 
3561 49.27 
3561 64.85 
3563 24.12 
3563 21.39 
3565 17.29 
3565 26.20 
3566 20.04 
3566 25.61 
3568 24.72 
3568 38.08 
3570 15.73 
3570 10.13 
3570 0.23 
3570 0.22 
3570 1.08 
3570 0.18 
3570 0.14 
3570 0.16 
3570 106.37 
3570 100.24 
3571 87.20 
3571 83.88 
3573 101.76 
3573 99.17 
3575 89.81 
3575 100.09 
3577 101.52 
3577 101.25 
3579 98.34 
3579 103.16 
3581 65.90 
3581 103.77 
3583 46.68 
3583 104.02 
3585 20.84 
3585 103.12 
3587 21.87 
3587 104.28 
3588 19.50 
3588 101.39 
3590 18.58 
3590 103.48 
3592 75.46 
3592 103.11 
3594 56.23 
3594 103.65 
3596 33.20 
3596 102.61 
3598 29.28 
3598 102.58 
3600 34.71 
3600 95.02 
3600 0.18 
3600 0.25 
3600 0.14 
3600 1.53 
3600 0.13 
3600 0.12 
3600 100.55 
3600 100.40 
3601 104.27 
3601 103.64 
3603 90.03 
3603 99.30 
3605 53.51 
3605 73.42 
3607 67.28 
3607 80.04 
3609 75.54 
3609 49.90 
3611 54.80 
3611 50.51 
3613 44.53 
3613 38.60 
3615 37.41 
3615 36.29 
3617 31.37 
3617 38.95 
3619 80.21 
3619 55.97 
3621 31.38 
3621 40.88 
3623 38.02 
3623 15.15 
3625 36.83 
3625 24.07 
3627 33.84 
3627 29.02 
3629 20.05 
3629 17.90 
3630 9.61 
3630 7.85 
