24 201 0.0028116703033447266 1 1
25 201 0.0038433074951171875 1 1
26 201 0.002949953079223633 1 1
27 201 0.0026946067810058594 1 1
28 201 0.005954265594482422 1 1
55 201 0.0036661624908447266 1 1
56 201 0.003842592239379883 1 1
57 201 0.01975083351135254 1 1
58 201 0.004102945327758789 1 1
59 201 0.0024971961975097656 1 1
84 201 0.0036077499389648438 1 1
85 201 0.0029664039611816406 1 1
86 201 0.0025911331176757812 1 1
87 201 0.0024144649505615234 1 1
88 201 0.0027000904083251953 1 1
115 201 0.0027189254760742188 1 1
116 201 0.0033617019653320312 1 1
116 timeout 0.05 1 1
117 timeout 0.05 1 1
118 201 0.002997159957885742 1 1
145 201 0.0033693313598632812 1 1
146 201 0.003125429153442383 1 1
146 201 0.002267599105834961 1 1
147 201 0.0029964447021484375 1 1
148 201 0.002790689468383789 1 1
175 201 0.004615306854248047 1 1
176 201 0.006197452545166016 1 1
177 201 0.004437685012817383 1 1
178 201 0.010213851928710938 1 1
179 201 0.0032889842987060547 1 1
204 201 0.003576517105102539 1 1
205 201 0.0033342838287353516 1 1
206 201 0.0022504329681396484 1 1
207 201 0.0033349990844726562 1 1
208 201 0.0027604103088378906 1 1
234 201 0.0028526782989501953 1 1
236 201 0.0035581588745117188 1 1
236 201 0.002916097640991211 1 1
237 timeout 0.05 1 1
238 201 0.0025441646575927734 1 1
264 timeout 0.05 1 1
265 201 0.012813091278076172 1 1
266 201 0.002408266067504883 1 1
267 201 0.0025615692138671875 1 1
268 201 0.0030014514923095703 1 1
294 201 0.00800776481628418 1 1
295 201 0.004792213439941406 1 1
296 201 0.0034558773040771484 1 1
297 201 0.003432750701904297 1 1
298 201 0.0033981800079345703 1 1
324 201 0.0030744075775146484 1 1
325 201 0.0029249191284179688 1 1
326 201 0.0029871463775634766 1 1
327 201 0.002706289291381836 1 1
328 201 0.0033838748931884766 1 1
355 201 0.00487518310546875 1 1
355 201 0.0026879310607910156 1 1
356 201 0.005258321762084961 1 1
357 201 0.002132415771484375 1 1
358 201 0.0037877559661865234 1 1
384 201 0.003885030746459961 1 1
385 201 0.002999544143676758 1 1
386 201 0.002826690673828125 1 1
387 201 0.0026421546936035156 1 1
388 201 0.002474069595336914 1 1
414 201 0.0027463436126708984 1 1
415 201 0.0021469593048095703 1 1
416 201 0.0024738311767578125 1 1
417 201 0.0028612613677978516 1 1
418 201 0.0025260448455810547 1 1
444 timeout 0.05 1 1
445 201 0.0023212432861328125 1 1
446 201 0.002294778823852539 1 1
447 201 0.0025339126586914062 1 1
448 201 0.002311229705810547 1 1
474 201 0.003864765167236328 1 1
475 201 0.004221200942993164 1 1
476 201 0.003330230712890625 1 1
477 201 0.002939939498901367 1 1
478 201 0.0039043426513671875 1 1
504 timeout 0.05 1 1
505 201 0.0027375221252441406 1 1
506 201 0.002968311309814453 1 1
507 timeout 0.05 1 1
508 timeout 0.05 1 1
534 201 0.0030357837677001953 1 1
535 201 0.0029671192169189453 1 1
536 201 0.002593994140625 1 1
537 201 0.003030538558959961 1 1
538 201 0.002767801284790039 1 1
564 201 0.0031151771545410156 1 1
565 201 0.0032050609588623047 1 1
566 timeout 0.05 1 1
567 201 0.003229856491088867 1 1
568 201 0.0053136348724365234 1 1
594 201 0.003647327423095703 1 1
595 201 0.003755331039428711 1 1
596 timeout 0.05 1 1
597 timeout 0.05 1 1
598 201 0.002833127975463867 1 1
624 201 0.0034325122833251953 1 1
625 201 0.004411458969116211 1 1
626 201 0.003240823745727539 1 1
627 201 0.005060672760009766 1 1
628 201 0.0026099681854248047 1 1
654 201 0.0030977725982666016 1 1
655 201 0.0036585330963134766 1 1
656 201 0.0032050609588623047 1 1
657 201 0.0026674270629882812 1 1
658 201 0.006010532379150391 1 1
684 201 0.0034711360931396484 1 1
685 201 0.0037605762481689453 1 1
686 201 0.003123760223388672 1 1
687 timeout 0.05 1 1
688 timeout 0.05 1 1
714 201 0.004297971725463867 1 1
715 201 0.0036008358001708984 1 1
716 timeout 0.05 1 1
717 timeout 0.05 1 1
718 201 0.002346515655517578 1 1
744 201 0.005235195159912109 1 1
745 201 0.0031065940856933594 1 1
746 201 0.003515481948852539 1 1
747 201 0.0040149688720703125 1 1
748 201 0.03997945785522461 1 1
774 201 0.0060923099517822266 1 1
775 201 0.00394439697265625 1 1
776 timeout 0.05 1 1
777 201 0.003036975860595703 1 1
778 timeout 0.05 1 1
804 201 0.004113197326660156 1 1
805 201 0.003865957260131836 1 1
806 201 0.005738019943237305 1 1
807 201 0.00553131103515625 1 1
808 201 0.007934808731079102 1 1
834 201 0.0038094520568847656 1 2
835 201 0.003248453140258789 1 2
836 201 0.0033676624298095703 1 2
837 timeout 0.05 1 2
838 201 0.0024328231811523438 1 2
864 201 0.0037164688110351562 1 2
865 201 0.00621342658996582 1 2
866 201 0.003476858139038086 1 2
867 201 0.0035965442657470703 1 2
868 201 0.003805398941040039 1 2
894 201 0.004669189453125 1 2
895 201 0.0031173229217529297 1 2
896 201 0.004494190216064453 1 2
897 201 0.004529237747192383 1 2
898 201 0.003447294235229492 1 2
924 201 0.008580446243286133 1 2
925 201 0.003344297409057617 1 2
926 201 0.002972126007080078 1 2
927 201 0.002839803695678711 1 2
928 201 0.003908395767211914 1 2
954 201 0.00360870361328125 1 2
955 201 0.005010128021240234 1 2
956 201 0.0038270950317382812 1 2
957 timeout 0.05 1 2
958 timeout 0.05 1 2
984 201 0.0036597251892089844 1 2
985 201 0.0033779144287109375 1 2
986 201 0.003981828689575195 1 2
987 timeout 0.05 1 2
988 201 0.0042266845703125 1 2
1014 timeout 0.05 1 2
1015 201 0.004258632659912109 1 2
1016 201 0.002660989761352539 1 2
1017 201 0.0050890445709228516 1 2
1018 201 0.0044214725494384766 1 2
1044 timeout 0.05 1 2
1045 201 0.003005504608154297 1 2
1046 201 0.0038475990295410156 1 2
1047 201 0.006145477294921875 1 2
1048 201 0.0035593509674072266 1 2
1074 201 0.005373477935791016 1 2
1075 timeout 0.05 1 2
1076 201 0.003871917724609375 1 2
1077 201 0.003200531005859375 1 2
1078 201 0.0025644302368164062 1 2
1104 201 0.003907442092895508 1 2
1105 201 0.004290103912353516 1 2
1106 201 0.003997325897216797 1 2
1107 201 0.00660252571105957 1 2
1108 timeout 0.05 1 2
1134 201 0.0038270950317382812 1 2
1135 timeout 0.05 1 2
1136 201 0.013174057006835938 1 2
1137 201 0.0048596858978271484 1 2
1138 timeout 0.05 1 2
1164 201 0.010796308517456055 1 2
1165 201 0.003529071807861328 1 2
1166 201 0.0028231143951416016 1 2
1167 201 0.003178834915161133 1 2
1168 201 0.006812095642089844 1 2
1194 201 0.0038299560546875 1 2
1195 201 0.004801511764526367 1 2
1196 201 0.0038361549377441406 1 2
1197 201 0.0041255950927734375 1 2
1198 timeout 0.05 1 2
1224 201 0.0038132667541503906 1 2
1225 timeout 0.05 1 2
1226 timeout 0.05 1 2
1227 timeout 0.05 1 2
1228 201 0.003349781036376953 1 2
1254 201 0.003632783889770508 1 2
1255 201 0.003392457962036133 1 2
1256 201 0.0041043758392333984 1 2
1257 201 0.004057884216308594 1 2
1258 201 0.003908872604370117 1 2
1284 201 0.004165172576904297 1 2
1285 201 0.0040264129638671875 1 2
1286 timeout 0.05 1 2
1287 201 0.0065898895263671875 1 2
1288 201 0.003091573715209961 1 2
1314 201 0.003301382064819336 1 2
1315 201 0.0032761096954345703 1 2
1316 201 0.0032558441162109375 1 2
1317 201 0.007840633392333984 1 2
1318 201 0.0030329227447509766 1 2
1344 201 0.0060541629791259766 1 2
1345 201 0.004307746887207031 1 2
1346 201 0.003925323486328125 1 2
1347 201 0.005036830902099609 1 2
1348 201 0.003702402114868164 1 2
1374 201 0.0036356449127197266 1 2
1376 timeout 0.05 1 2
1376 timeout 0.05 1 2
1377 201 0.0032112598419189453 1 2
1378 timeout 0.05 1 2
1404 201 0.004103660583496094 1 2
1405 201 0.004180431365966797 1 2
1406 201 0.0033271312713623047 1 2
1407 201 0.006033182144165039 1 2
1408 201 0.0037648677825927734 1 2
1434 201 0.00341796875 1 2
1435 201 0.003462553024291992 1 2
1436 timeout 0.05 1 2
1437 201 0.0036110877990722656 1 2
1438 201 0.0029680728912353516 1 2
1464 201 0.003276348114013672 1 2
1465 201 0.004144430160522461 1 2
1466 201 0.0031538009643554688 1 2
1467 timeout 0.05 1 2
1468 201 0.0038404464721679688 1 2
1494 201 0.0042552947998046875 1 2
1495 201 0.00781702995300293 1 2
1496 201 0.0033965110778808594 1 2
1497 201 0.0036134719848632812 1 2
1498 timeout 0.05 1 2
1524 201 0.004480600357055664 1 2
1525 201 0.0041332244873046875 1 2
1526 201 0.004997968673706055 1 2
1527 201 0.0049855709075927734 1 2
1528 201 0.003353595733642578 1 2
1554 201 0.003979682922363281 1 2
1555 201 0.0035202503204345703 1 2
1556 201 0.0048656463623046875 1 2
1557 201 0.005258798599243164 1 2
1558 201 0.004624605178833008 1 2
1584 201 0.0031762123107910156 1 2
1585 201 0.003607034683227539 1 2
1586 timeout 0.05 1 2
1587 201 0.003345012664794922 1 2
1588 201 0.0027112960815429688 1 2
1614 201 0.003391742706298828 1 2
1615 201 0.005001068115234375 1 2
1616 201 0.005400657653808594 1 2
1617 201 0.004827260971069336 1 2
1618 201 0.0034787654876708984 1 2
1644 timeout 0.05 1 2
1645 201 0.004155874252319336 1 2
1646 201 0.0029532909393310547 1 2
1647 timeout 0.05 1 2
1648 201 0.0048694610595703125 1 2
1674 201 0.003255605697631836 1 2
1675 201 0.005374908447265625 1 2
1676 201 0.0040705204010009766 1 2
1677 201 0.0051763057708740234 1 2
1678 201 0.0036542415618896484 1 2
1704 201 0.003152132034301758 1 2
1705 201 0.002651214599609375 1 2
1706 201 0.004091501235961914 1 2
1707 201 0.0027441978454589844 1 2
1708 201 0.0030183792114257812 1 2
1734 201 0.0037848949432373047 1 2
1735 201 0.003270387649536133 1 2
1736 201 0.003637552261352539 1 2
1737 201 0.0031309127807617188 1 2
1738 201 0.0029299259185791016 1 2
1765 201 0.006754636764526367 1 2
1766 201 0.007404327392578125 1 2
1767 201 0.003621339797973633 1 2
1767 201 0.003514528274536133 1 2
1768 201 0.003886699676513672 1 2
1794 201 0.0037147998809814453 1 2
1795 201 0.0029354095458984375 1 2
1796 201 0.004800081253051758 1 2
1797 201 0.003351926803588867 1 2
1798 201 0.0032470226287841797 1 2
1825 201 0.008782625198364258 1 2
1826 timeout 0.05 1 2
1826 201 0.004271030426025391 1 2
1827 201 0.0041046142578125 1 2
1828 201 0.0037949085235595703 1 2
1854 timeout 0.05 1 2
1855 201 0.008072853088378906 1 2
1856 201 0.003499269485473633 1 2
1857 201 0.0043027400970458984 1 2
1858 201 0.003740549087524414 1 2
1884 201 0.00492548942565918 1 2
1885 201 0.004562854766845703 1 2
1886 201 0.003882884979248047 1 2
1887 201 0.0038824081420898438 1 2
1888 timeout 0.05 1 2
1914 201 0.003864288330078125 1 2
1915 201 0.00534820556640625 1 2
1916 201 0.0077877044677734375 1 2
1917 201 0.0032465457916259766 1 2
1918 201 0.0034782886505126953 1 2
1944 201 0.0039014816284179688 1 2
1945 201 0.00431060791015625 1 2
1946 201 0.004151105880737305 1 2
1947 201 0.00429987907409668 1 2
1948 201 0.003782987594604492 1 2
1975 201 0.0031440258026123047 1 1
1976 201 0.0030045509338378906 1 1
1977 201 0.0029802322387695312 1 1
1978 201 0.004166841506958008 1 1
1979 201 0.002468585968017578 1 1
2005 timeout 0.05 1 1
2005 201 0.003568410873413086 1 1
2007 timeout 0.05 1 1
2008 201 0.0032367706298828125 1 1
2009 201 0.0027666091918945312 1 1
2035 201 0.003554821014404297 1 1
2036 201 0.0033833980560302734 1 1
2037 201 0.00405120849609375 1 1
2038 201 0.0026078224182128906 1 1
2039 201 0.0021164417266845703 1 1
2065 201 0.003635883331298828 1 1
2066 201 0.01021265983581543 1 1
2067 201 0.0033180713653564453 1 1
2068 201 0.003651142120361328 1 1
2069 201 0.002906322479248047 1 1
2095 201 0.003342866897583008 1 1
2096 201 0.00446772575378418 1 1
2097 201 0.005256175994873047 1 1
2098 201 0.0033521652221679688 1 1
2099 201 0.002707242965698242 1 1
2125 201 0.0032362937927246094 1 1
2126 201 0.003609180450439453 1 1
2127 201 0.003496408462524414 1 1
2128 201 0.004213809967041016 1 1
2129 201 0.002905130386352539 1 1
2154 201 0.003458261489868164 1 1
2156 201 0.005052804946899414 1 1
2156 201 0.00689244270324707 1 1
2157 201 0.0032148361206054688 1 1
2158 201 0.003812551498413086 1 1
2185 201 0.008450746536254883 1 1
2186 201 0.0028083324432373047 1 1
2186 201 0.0031099319458007812 1 1
2187 201 0.0031671524047851562 1 1
2188 201 0.002756357192993164 1 1
2214 201 0.003172159194946289 1 1
2215 201 0.0030639171600341797 1 1
2216 201 0.0032219886779785156 1 1
2217 201 0.03112196922302246 1 1
2218 201 0.003948211669921875 1 1
2244 201 0.0033974647521972656 1 2
2245 201 0.003370046615600586 1 2
2246 201 0.006736040115356445 1 2
2247 201 0.0033423900604248047 1 2
2248 201 0.0055921077728271484 1 2
2274 201 0.004079103469848633 1 2
2275 201 0.0060651302337646484 1 2
2276 201 0.004842042922973633 1 2
2277 201 0.004984855651855469 1 2
2278 201 0.0046041011810302734 1 2
2305 timeout 0.05 1 2
2305 201 0.003787517547607422 1 2
2306 201 0.008580923080444336 1 2
2307 201 0.003229856491088867 1 2
2308 201 0.003380298614501953 1 2
2334 201 0.003943204879760742 1 2
2335 201 0.006018638610839844 1 2
2336 201 0.003751993179321289 1 2
2337 timeout 0.05 1 2
2338 201 0.0032405853271484375 1 2
2365 201 0.003458738327026367 1 2
2365 201 0.004254341125488281 1 2
2366 201 0.003324270248413086 1 2
2367 201 0.004983425140380859 1 2
2368 201 0.003219127655029297 1 2
2394 201 0.003564596176147461 1 2
2395 201 0.003650665283203125 1 2
2396 201 0.00420832633972168 1 2
2397 201 0.0035669803619384766 1 2
2398 201 0.004474163055419922 1 2
2424 201 0.00463557243347168 1 2
2425 timeout 0.05 1 2
2426 201 0.0031464099884033203 1 2
2427 201 0.0032923221588134766 1 2
2428 201 0.005307674407958984 1 2
2454 timeout 0.05 1 2
2455 201 0.003925800323486328 1 2
2456 201 0.004242658615112305 1 2
2457 201 0.004102230072021484 1 2
2458 201 0.0037775039672851562 1 2
2484 timeout 0.05 1 2
2485 201 0.0029251575469970703 1 2
2486 201 0.00424647331237793 1 2
2487 timeout 0.05 1 2
2488 201 0.003401517868041992 1 2
2514 timeout 0.05 1 2
2515 201 0.0037145614624023438 1 2
2516 201 0.003283977508544922 1 2
2517 201 0.014382600784301758 1 2
2518 timeout 0.05 1 2
2544 201 0.003567934036254883 1 2
2545 201 0.004685878753662109 1 2
2546 201 0.004343986511230469 1 2
2547 201 0.019097089767456055 1 2
2548 201 0.003616809844970703 1 2
2574 201 0.0034596920013427734 1 2
2575 201 0.0052492618560791016 1 2
2576 201 0.0056610107421875 1 2
2577 201 0.0036923885345458984 1 2
2578 201 0.006358623504638672 1 2
2604 201 0.0033261775970458984 1 2
2605 201 0.004369974136352539 1 2
2606 201 0.004039764404296875 1 2
2607 201 0.0041332244873046875 1 2
2608 201 0.0029985904693603516 1 2
2634 timeout 0.05 1 2
2635 201 0.0068225860595703125 1 2
2636 201 0.0040435791015625 1 2
2637 201 0.006073713302612305 1 2
2638 201 0.002858400344848633 1 2
2664 201 0.004527091979980469 1 2
2665 201 0.004837751388549805 1 2
2666 timeout 0.05 1 2
2667 201 0.013498306274414062 1 2
2668 timeout 0.05 1 2
2694 201 0.003584623336791992 1 2
2695 timeout 0.05 1 2
2696 201 0.004973888397216797 1 2
2697 201 0.004036664962768555 1 2
2698 timeout 0.05 1 2
2724 201 0.005171537399291992 1 2
2725 201 0.0030972957611083984 1 2
2726 201 0.003866434097290039 1 2
2727 201 0.0035147666931152344 1 2
2728 201 0.003513336181640625 1 2
2754 201 0.00325775146484375 1 2
2755 201 0.003737926483154297 1 2
2756 201 0.007851362228393555 1 2
2757 201 0.003909111022949219 1 2
2758 201 0.0037512779235839844 1 2
2784 201 0.0056302547454833984 1 2
2785 201 0.006105899810791016 1 2
2786 201 0.0067026615142822266 1 2
2787 201 0.004039764404296875 1 2
2788 201 0.004204988479614258 1 2
2814 201 0.0036144256591796875 1 2
2815 201 0.002889871597290039 1 2
2816 201 0.0038673877716064453 1 2
2817 201 0.0032918453216552734 1 2
2818 201 0.0030968189239501953 1 2
2844 201 0.009048938751220703 1 2
2845 201 0.0037908554077148438 1 2
2846 201 0.004271745681762695 1 2
2847 201 0.003326416015625 1 2
2848 201 0.007264137268066406 1 2
2874 201 0.003686189651489258 1 2
2875 201 0.008977413177490234 1 2
2876 201 0.0027675628662109375 1 2
2877 201 0.005628108978271484 1 2
2878 201 0.004109382629394531 1 2
2904 201 0.0032143592834472656 1 2
2905 201 0.0038874149322509766 1 2
2906 201 0.003763437271118164 1 2
2907 timeout 0.05 1 2
2908 timeout 0.05 1 2
2934 201 0.003279447555541992 1 2
2935 201 0.00435328483581543 1 2
2936 201 0.0034818649291992188 1 2
2937 201 0.003438234329223633 1 2
2938 201 0.0043792724609375 1 2
2964 timeout 0.05 1 2
2965 201 0.013433456420898438 1 2
2966 201 0.018518924713134766 1 2
2967 timeout 0.05 1 2
2968 201 0.005654811859130859 1 2
2994 201 0.005094051361083984 1 2
2995 201 0.004444122314453125 1 2
2996 201 0.004657268524169922 1 2
2997 201 0.003943681716918945 1 2
2998 201 0.006396293640136719 1 2
3024 201 0.004305839538574219 1 2
3025 timeout 0.05 1 2
3026 201 0.0032935142517089844 1 2
3027 201 0.0030481815338134766 1 2
3028 timeout 0.05 1 2
3054 201 0.004503965377807617 1 2
3055 201 0.00450897216796875 1 2
3056 201 0.003219127655029297 1 2
3057 timeout 0.05 1 2
3058 201 0.0030755996704101562 1 2
3084 timeout 0.05 1 3
3085 timeout 0.05 1 3
3086 201 0.0031540393829345703 1 3
3087 timeout 0.05 1 3
3088 timeout 0.05 1 3
3114 201 0.0036652088165283203 1 3
3115 201 0.004620075225830078 1 3
3116 201 0.003388643264770508 1 3
3117 201 0.005187511444091797 1 3
3118 201 0.004044055938720703 1 3
3144 201 0.007624149322509766 1 3
3145 201 0.0041844844818115234 1 3
3146 201 0.010999917984008789 1 3
3147 201 0.0036156177520751953 1 3
3148 201 0.004056692123413086 1 3
3174 201 0.004771232604980469 1 3
3175 201 0.005050182342529297 1 3
3176 timeout 0.05 1 3
3177 201 0.003925323486328125 1 3
3178 201 0.0053217411041259766 1 3
3204 201 0.00720524787902832 1 3
3205 201 0.0045812129974365234 1 3
3206 201 0.0041773319244384766 1 3
3207 201 0.0038537979125976562 1 3
3208 timeout 0.05 1 3
3234 timeout 0.05 1 3
3235 201 0.005680084228515625 1 3
3236 201 0.0049512386322021484 1 3
3237 201 0.006196260452270508 1 3
3238 201 0.003214120864868164 1 3
3264 201 0.008523702621459961 1 3
3265 201 0.003711700439453125 1 3
3267 timeout 0.05 1 3
3267 201 0.0035638809204101562 1 3
3268 timeout 0.05 1 3
3294 201 0.004918336868286133 1 3
3295 timeout 0.05 1 3
3296 201 0.005312442779541016 1 3
3297 201 0.005294322967529297 1 3
3298 201 0.00515294075012207 1 3
3324 201 0.0045185089111328125 1 3
3325 201 0.004050016403198242 1 3
3326 timeout 0.05 1 3
3327 201 0.005194902420043945 1 3
3328 201 0.0034732818603515625 1 3
3354 201 0.0081329345703125 1 2
3355 201 0.0057239532470703125 1 2
3356 201 0.0033028125762939453 1 2
3357 201 0.0058820247650146484 1 2
3358 201 0.004972934722900391 1 2
3384 201 0.0033080577850341797 1 2
3385 201 0.004198312759399414 1 2
3386 timeout 0.05 1 2
3387 timeout 0.05 1 2
3388 timeout 0.05 1 2
3414 timeout 0.05 1 2
3415 timeout 0.05 1 2
3416 201 0.0031099319458007812 1 2
3417 201 0.0040013790130615234 1 2
3418 201 0.004953622817993164 1 2
3444 201 0.004676103591918945 1 2
3445 timeout 0.05 1 2
3446 timeout 0.05 1 2
3447 201 0.0067386627197265625 1 2
3448 201 0.004094600677490234 1 2
3474 201 0.0039577484130859375 1 2
3475 201 0.004044532775878906 1 2
3476 201 0.003938198089599609 1 2
3477 201 0.0031609535217285156 1 2
3478 201 0.0032711029052734375 1 2
3504 201 0.0037178993225097656 1 2
3505 201 0.0073583126068115234 1 2
3506 timeout 0.05 1 2
3507 timeout 0.05 1 2
3508 timeout 0.05 1 2
3534 201 0.004561662673950195 1 2
3535 201 0.004911899566650391 1 2
3536 201 0.005820035934448242 1 2
3537 201 0.0035865306854248047 1 2
3538 201 0.0038204193115234375 1 2
3564 timeout 0.05 1 2
3565 timeout 0.05 1 2
3566 201 0.003481149673461914 1 2
3567 201 0.0033292770385742188 1 2
3568 201 0.0038619041442871094 1 2
3594 201 0.003998756408691406 1 2
3595 201 0.0027413368225097656 1 2
3596 201 0.003909111022949219 1 2
3597 201 0.009068727493286133 1 2
3598 201 0.0092926025390625 1 2
3624 201 0.004182577133178711 1 2
3625 201 0.005437135696411133 1 2
3626 timeout 0.05 1 2
3627 201 0.002820730209350586 1 2
3628 201 0.007529258728027344 1 2
54 201 0.0035390853881835938 1 1
55 201 0.0037136077880859375 1 1
56 201 0.002827167510986328 1 1
57 201 0.004033565521240234 1 1
58 201 0.0032880306243896484 1 1
85 201 0.0029692649841308594 1 1
86 201 0.006143331527709961 1 1
87 201 0.0029375553131103516 1 1
88 201 0.0029387474060058594 1 1
89 201 0.002390146255493164 1 1
115 201 0.008000612258911133 1 1
116 201 0.0028297901153564453 1 1
117 201 0.0025107860565185547 1 1
118 201 0.0037360191345214844 1 1
119 201 0.0076372623443603516 1 1
