2 1.43 
4 1.53 
6 1.38 
8 1.39 
10 1.50 
12 1.62 
14 1.77 
16 1.54 
18 1.27 
20 1.69 
22 1.42 
24 1.41 
26 1.41 
28 1.35 
30 1.58 
30 0.04 
30 0.03 
30 0.06 
32 1.59 
34 1.57 
35 1.39 
37 1.50 
39 1.50 
41 1.36 
43 1.42 
45 1.87 
47 1.51 
49 1.55 
51 1.44 
53 1.64 
55 1.77 
57 2.47 
59 1.50 
60 0.04 
60 0.03 
60 0.04 
61 1.48 
63 1.36 
65 1.45 
67 1.47 
69 1.44 
71 1.47 
73 1.28 
75 1.45 
77 1.33 
79 1.61 
81 1.30 
83 1.46 
85 1.14 
87 1.54 
89 1.49 
90 0.09 
90 0.03 
90 0.04 
91 1.24 
93 1.33 
95 1.49 
97 1.37 
99 1.38 
101 1.48 
103 1.33 
105 0.82 
107 0.78 
109 1.21 
111 1.40 
113 1.89 
115 2.34 
117 1.08 
119 1.41 
120 0.03 
120 0.05 
120 0.10 
122 1.66 
124 1.52 
126 1.67 
128 1.48 
130 1.25 
132 1.61 
134 1.16 
136 1.27 
138 1.47 
140 1.78 
142 1.92 
144 1.64 
146 1.45 
148 1.16 
150 1.08 
150 0.07 
150 0.04 
150 0.03 
152 0.72 
154 1.06 
156 1.19 
158 1.20 
160 1.22 
162 1.34 
164 1.19 
166 1.31 
168 0.87 
170 0.95 
171 1.20 
173 1.17 
175 1.34 
177 1.23 
179 1.70 
180 0.04 
180 0.08 
180 0.07 
181 1.15 
183 1.06 
185 1.32 
187 1.39 
189 1.56 
191 1.63 
193 1.38 
195 1.33 
197 1.46 
199 1.35 
201 1.32 
203 1.26 
205 1.26 
207 1.36 
209 1.60 
210 0.03 
210 0.03 
210 0.13 
211 1.51 
213 1.40 
215 1.24 
217 1.47 
219 1.81 
221 1.30 
223 1.43 
225 1.50 
227 1.39 
229 1.57 
231 1.54 
233 1.93 
235 1.44 
237 1.16 
239 1.00 
240 0.04 
240 0.07 
240 0.09 
242 2.80 
244 2.03 
246 2.19 
248 1.79 
250 2.13 
252 2.47 
254 2.21 
256 2.20 
258 1.98 
260 2.43 
262 2.43 
264 2.06 
266 1.47 
268 2.02 
269 2.01 
270 0.02 
270 0.06 
270 0.07 
272 2.19 
274 2.02 
275 2.35 
277 2.33 
279 1.95 
281 2.38 
283 2.30 
285 2.00 
287 1.57 
289 2.12 
291 2.27 
293 2.33 
295 2.72 
297 2.13 
299 2.44 
300 0.03 
300 0.04 
300 0.04 
301 1.35 
303 2.35 
305 2.25 
307 1.19 
309 2.27 
311 2.21 
313 2.21 
315 2.25 
317 2.67 
319 1.50 
321 1.57 
323 2.28 
325 2.16 
327 2.28 
329 2.23 
330 1.13 
330 0.07 
330 0.04 
330 0.04 
332 2.21 
334 2.18 
336 1.76 
338 1.88 
340 2.11 
341 2.19 
343 2.24 
345 2.19 
347 2.63 
349 2.17 
351 2.40 
353 2.28 
355 2.35 
357 2.22 
359 2.30 
360 0.05 
360 0.06 
360 0.07 
361 0.71 
363 1.10 
365 2.21 
367 1.59 
369 1.82 
371 2.00 
373 1.67 
375 2.34 
377 2.26 
379 1.86 
381 2.21 
383 2.08 
385 2.25 
387 2.19 
389 2.07 
390 0.34 
390 0.06 
390 0.05 
392 2.74 
394 2.42 
396 2.24 
398 2.12 
400 2.39 
402 2.06 
404 1.76 
406 2.13 
408 2.05 
410 1.24 
411 1.70 
413 2.27 
415 2.10 
417 2.36 
419 2.08 
420 0.03 
420 0.03 
420 0.08 
421 1.99 
423 2.09 
425 2.08 
427 2.28 
429 2.39 
431 1.98 
433 2.07 
435 2.39 
437 1.91 
439 2.03 
441 2.12 
443 2.25 
445 1.84 
447 2.02 
449 2.00 
450 0.06 
450 0.03 
450 0.05 
452 1.57 
454 1.31 
456 1.16 
458 1.76 
460 1.74 
462 2.23 
463 1.67 
465 1.94 
467 1.84 
469 2.37 
471 1.75 
473 1.53 
475 1.94 
477 1.59 
479 2.18 
480 0.44 
480 0.02 
480 0.06 
482 1.84 
484 3.06 
486 3.22 
488 3.13 
490 2.99 
491 2.42 
493 3.08 
495 3.04 
497 3.01 
499 3.06 
501 2.83 
503 2.94 
505 1.44 
507 2.28 
509 1.42 
510 0.22 
510 0.06 
510 0.06 
512 2.12 
514 2.89 
516 3.08 
518 2.78 
520 3.07 
522 2.86 
524 2.87 
525 1.43 
527 1.48 
529 2.61 
531 2.57 
533 2.60 
535 2.88 
537 3.28 
539 2.96 
540 0.03 
540 0.05 
540 0.04 
541 0.80 
543 2.60 
545 3.01 
547 2.10 
549 2.60 
551 2.33 
553 2.20 
555 3.09 
557 2.93 
558 2.47 
560 2.04 
562 1.98 
564 2.42 
566 2.24 
568 2.53 
570 3.25 
570 0.07 
570 0.04 
570 0.03 
572 1.26 
573 3.06 
575 3.17 
577 3.27 
579 2.86 
581 3.13 
583 3.19 
585 3.05 
587 3.07 
589 2.99 
591 3.15 
593 2.52 
595 2.19 
597 1.53 
599 2.04 
600 0.34 
600 0.04 
600 0.05 
602 1.49 
604 3.18 
606 1.69 
607 2.01 
609 2.37 
611 1.45 
613 2.30 
615 2.49 
617 2.43 
619 2.43 
621 2.54 
623 2.51 
625 2.88 
627 2.81 
629 2.99 
630 0.82 
630 0.04 
630 0.06 
632 1.38 
634 2.45 
635 2.29 
637 2.33 
639 2.46 
641 2.96 
643 2.63 
645 2.69 
647 2.77 
649 2.86 
651 2.90 
653 1.53 
655 2.22 
657 2.24 
659 2.03 
660 0.70 
660 0.09 
660 0.09 
662 2.32 
664 2.31 
665 2.37 
667 2.36 
669 2.73 
671 2.86 
673 2.87 
675 1.66 
677 2.79 
679 2.31 
681 2.55 
683 2.04 
685 1.85 
686 2.00 
688 1.52 
690 1.51 
690 0.06 
690 0.03 
690 0.04 
691 0.41 
693 2.51 
695 2.15 
697 2.57 
699 3.09 
701 2.74 
703 2.47 
705 2.38 
706 2.16 
708 2.82 
710 2.59 
712 2.46 
714 2.96 
716 2.46 
718 1.86 
720 2.33 
720 0.03 
720 0.04 
720 0.06 
722 1.03 
723 3.67 
725 3.14 
727 3.55 
729 2.64 
731 2.86 
733 3.33 
735 3.07 
737 3.25 
739 3.31 
740 2.33 
742 2.96 
744 2.70 
746 3.02 
748 3.62 
750 2.91 
750 0.08 
750 0.03 
750 0.05 
751 0.26 
753 1.74 
755 3.17 
756 2.19 
758 3.58 
760 3.24 
762 3.13 
764 3.25 
766 2.50 
768 2.12 
769 2.17 
771 2.94 
773 2.23 
775 2.66 
777 2.34 
779 2.35 
780 1.06 
780 0.04 
780 0.06 
780 0.04 
781 0.18 
783 1.56 
785 3.08 
787 3.59 
789 3.33 
791 3.52 
793 2.85 
795 2.18 
796 2.86 
798 1.81 
800 2.94 
802 3.10 
804 2.97 
806 2.87 
808 3.76 
810 3.68 
810 0.04 
810 0.03 
810 0.07 
812 3.39 
813 3.31 
815 3.53 
817 3.34 
819 4.19 
821 4.01 
823 3.91 
825 2.91 
827 3.06 
829 3.74 
831 3.14 
833 3.13 
835 3.76 
837 2.48 
838 3.02 
840 2.03 
840 0.06 
840 0.05 
840 0.04 
841 2.63 
843 2.36 
845 2.51 
847 2.11 
849 2.70 
850 2.21 
852 2.94 
854 3.12 
856 2.37 
858 1.86 
860 2.06 
862 3.01 
864 3.72 
866 2.93 
867 3.70 
869 3.03 
870 0.04 
870 0.04 
870 0.04 
871 2.22 
873 3.11 
875 3.47 
877 2.86 
879 3.65 
881 3.72 
883 2.71 
885 2.13 
886 2.16 
888 2.74 
890 3.19 
892 4.23 
894 3.59 
896 3.05 
898 2.12 
900 2.87 
900 0.04 
900 0.07 
900 0.05 
902 3.15 
904 3.24 
905 3.82 
907 4.33 
909 3.76 
911 3.90 
913 3.68 
915 2.39 
917 3.67 
919 3.23 
921 2.95 
923 3.71 
925 4.10 
927 3.99 
929 2.97 
930 0.58 
930 0.03 
930 0.05 
931 2.50 
933 3.91 
935 4.08 
937 4.30 
939 4.01 
941 4.13 
943 3.78 
945 4.21 
947 2.42 
949 2.07 
951 2.48 
953 2.22 
955 2.07 
956 2.93 
958 3.25 
960 1.61 
960 0.04 
960 0.10 
960 0.06 
961 1.71 
963 3.54 
965 3.02 
967 3.21 
969 3.58 
970 3.03 
972 2.45 
974 2.76 
976 3.25 
978 3.09 
980 3.24 
982 4.05 
983 3.89 
985 2.87 
987 3.40 
989 2.94 
990 0.63 
990 0.06 
990 0.03 
991 3.09 
993 2.96 
995 3.01 
997 3.83 
999 4.14 
1001 4.89 
1003 4.93 
1005 5.09 
1007 5.03 
1009 3.68 
1010 2.68 
1012 2.39 
1014 2.73 
1016 3.00 
1018 2.93 
1020 3.20 
1020 0.12 
1020 0.04 
1020 0.06 
1021 2.29 
1023 3.46 
1025 3.99 
1027 4.38 
1029 3.67 
1031 3.51 
1032 3.54 
1034 3.62 
1036 3.32 
1038 2.95 
1040 3.07 
1042 3.25 
1044 3.92 
1045 3.13 
1047 3.35 
1049 2.92 
1050 0.03 
1050 0.05 
1050 0.06 
1052 3.52 
1054 3.11 
1055 3.02 
1057 3.52 
1059 5.16 
1061 4.98 
1063 3.88 
1065 3.97 
1067 2.70 
1069 3.56 
1070 3.39 
1072 3.57 
1074 2.91 
1076 3.61 
1078 4.82 
1080 3.35 
1080 0.03 
1080 0.05 
1080 0.06 
1082 3.26 
1083 2.98 
1085 3.52 
1087 3.86 
1089 3.04 
1091 3.04 
1093 3.73 
1095 3.73 
1097 3.62 
1098 3.90 
1100 4.54 
1102 5.07 
1104 3.98 
1106 3.36 
1108 4.03 
1110 3.52 
1110 0.05 
1110 0.06 
1110 0.04 
1111 1.12 
1113 4.81 
1115 3.30 
1117 4.02 
1119 5.05 
1121 4.79 
1123 4.67 
1124 3.91 
1126 3.31 
1128 2.77 
1130 2.22 
1132 3.04 
1134 6.92 
1136 4.25 
1137 4.01 
1139 4.05 
1140 0.07 
1140 0.03 
1140 0.06 
1141 3.63 
1143 3.34 
1145 2.29 
1147 3.86 
1149 4.03 
1151 4.78 
1153 5.40 
1155 3.91 
1156 2.85 
1158 3.05 
1160 2.66 
1162 2.60 
1164 4.44 
1166 4.27 
1168 4.42 
1170 3.44 
1170 0.06 
1170 0.04 
1170 0.04 
1172 3.92 
1174 3.63 
1175 3.13 
1177 4.27 
1179 3.96 
1181 5.34 
1183 4.66 
1185 4.00 
1187 3.96 
1189 4.63 
1191 4.84 
1193 3.44 
1194 3.79 
1196 3.97 
1198 3.93 
1200 2.37 
1200 0.03 
1200 0.06 
1200 0.03 
1202 2.61 
1204 3.15 
1206 4.15 
1208 3.76 
1210 4.03 
1212 4.05 
1214 4.11 
1216 4.09 
1218 3.91 
1220 3.35 
1221 4.09 
1223 2.81 
1225 2.18 
1227 2.27 
1229 2.00 
1230 0.19 
1230 0.05 
1230 0.03 
1231 1.75 
1233 3.68 
1235 1.36 
1237 2.95 
1239 2.96 
1241 3.18 
1243 2.68 
1244 3.87 
1246 3.49 
1248 3.22 
1250 3.01 
1252 2.15 
1254 3.10 
1256 2.73 
1258 3.97 
1260 4.24 
1260 0.04 
1260 0.04 
1260 0.04 
1261 2.34 
1263 3.98 
1265 3.74 
1267 3.39 
1269 2.05 
1271 3.28 
1273 3.31 
1275 2.88 
1277 3.39 
1278 3.23 
1280 3.96 
1282 2.95 
1284 2.63 
1286 2.70 
1288 2.14 
1290 2.44 
1290 0.04 
1290 0.04 
1290 0.05 
1292 2.92 
1294 3.99 
1295 3.63 
1297 4.07 
1299 4.95 
1301 4.97 
1303 3.10 
1305 3.12 
1307 3.55 
1309 3.22 
1311 3.29 
1313 2.78 
1314 2.79 
1316 2.80 
1318 2.84 
1320 2.78 
1320 0.06 
1320 0.04 
1320 0.05 
1322 3.82 
1323 2.99 
1325 3.52 
1327 3.54 
1329 3.88 
1331 3.94 
1333 4.01 
1335 2.06 
1337 1.62 
1339 2.44 
1341 2.59 
1343 3.69 
1345 4.22 
1346 3.78 
1348 2.85 
1350 1.62 
1350 0.05 
1350 0.05 
1350 0.05 
1351 1.10 
1353 4.25 
1355 4.08 
1357 3.01 
1359 3.65 
1361 3.46 
1363 4.13 
1365 3.65 
1366 3.58 
1368 3.05 
1370 2.90 
1372 2.65 
1374 3.67 
1376 3.67 
1378 2.86 
1380 3.50 
1380 0.06 
1380 0.07 
1380 0.06 
1382 3.61 
1384 4.10 
1386 4.10 
1388 2.56 
1389 3.46 
1391 4.25 
1393 3.92 
1395 3.93 
1397 4.10 
1399 2.89 
1401 1.91 
1403 2.67 
1405 3.99 
1407 3.67 
1409 3.25 
1410 0.59 
1410 0.04 
1410 0.03 
1411 2.73 
1413 4.11 
1415 4.22 
1417 3.87 
1419 3.65 
1421 3.95 
1423 2.88 
1425 2.21 
1427 4.14 
1429 3.69 
1431 4.22 
1433 2.96 
1435 2.27 
1437 2.28 
1438 2.29 
1440 1.74 
1440 0.04 
1440 0.04 
1440 0.03 
1441 2.09 
1443 2.41 
1445 3.49 
1447 3.15 
1449 3.37 
1451 2.99 
1453 3.50 
1455 2.73 
1457 3.14 
1459 2.90 
1461 3.36 
1463 2.89 
1465 1.92 
1467 2.82 
1469 2.32 
1470 1.03 
1470 0.03 
1470 0.03 
1470 0.03 
1471 3.28 
1473 2.16 
1475 1.86 
1477 1.55 
1479 1.57 
1481 2.21 
1483 2.52 
1484 1.68 
1486 1.85 
1488 1.85 
1490 1.66 
1492 2.44 
1494 2.72 
1496 3.01 
1498 2.88 
1500 2.26 
1500 0.08 
1500 0.04 
1500 0.05 
1502 3.21 
1504 3.24 
1506 3.35 
1508 3.22 
1510 3.15 
1512 2.94 
1513 1.84 
1515 1.80 
1517 2.23 
1519 1.75 
1521 2.16 
1523 2.85 
1525 2.22 
1526 2.24 
1528 3.20 
1530 1.75 
1530 0.08 
1530 0.03 
1530 0.05 
1531 1.89 
1533 1.82 
1535 1.93 
1537 2.50 
1539 3.25 
1541 3.15 
1543 3.37 
1545 2.88 
1547 2.76 
1549 2.06 
1551 2.76 
1553 3.29 
1555 3.28 
1556 2.56 
1558 2.34 
1560 1.80 
1560 0.11 
1560 0.04 
1560 0.04 
1561 2.62 
1563 2.55 
1565 2.50 
1567 2.81 
1569 3.11 
1571 2.65 
1573 2.28 
1575 1.75 
1576 2.30 
1578 3.23 
1580 3.10 
1582 2.71 
1584 1.26 
1586 2.60 
1588 2.99 
1590 2.90 
1590 0.04 
1590 0.03 
1590 0.04 
1592 2.65 
1594 2.78 
1596 1.94 
1597 2.11 
1599 3.09 
1601 3.21 
1603 2.53 
1605 2.30 
1607 1.75 
1609 2.07 
1611 1.95 
1613 2.41 
1615 2.80 
1617 3.14 
1619 3.18 
1620 0.90 
1620 0.05 
1620 0.13 
1620 0.04 
1621 3.20 
1623 3.24 
1625 3.07 
1627 3.20 
1629 2.27 
1631 2.54 
1633 2.23 
1635 2.51 
1637 2.80 
1639 2.23 
1641 1.66 
1643 2.05 
1644 2.19 
1646 2.72 
1648 2.17 
1650 1.78 
1650 0.04 
1650 0.03 
1650 0.04 
1652 3.39 
1653 3.48 
1655 2.74 
1657 3.37 
1659 3.13 
1661 3.55 
1663 3.02 
1665 2.31 
1667 2.73 
1669 2.96 
1671 3.14 
1673 3.11 
1675 3.05 
1677 3.07 
1679 2.97 
1680 0.03 
1680 0.05 
1680 0.05 
1682 2.07 
1684 2.07 
1686 2.59 
1688 2.42 
1690 2.54 
1692 2.30 
1694 2.08 
1696 1.74 
1698 2.55 
1700 2.45 
1702 2.48 
1703 1.51 
1705 1.56 
1707 1.76 
1709 2.22 
1710 0.03 
1710 0.09 
1710 0.03 
1712 2.47 
1714 2.41 
1716 2.38 
1718 2.52 
1720 2.54 
1722 2.34 
1724 2.42 
1726 2.33 
1728 2.30 
1730 2.32 
1732 2.48 
1734 2.48 
1736 2.38 
1738 2.13 
1740 2.23 
1740 0.06 
1740 0.05 
1740 0.04 
1742 2.42 
1744 1.37 
1745 1.04 
1747 0.93 
1749 1.00 
1751 2.40 
1753 2.32 
1755 2.39 
1757 2.31 
1759 2.37 
1761 2.17 
1763 2.19 
1765 2.26 
1767 2.19 
1769 2.15 
1770 0.03 
1770 0.11 
1770 0.12 
1771 2.22 
1773 2.56 
1775 1.85 
1777 1.95 
1779 2.26 
1781 2.35 
1783 2.23 
1785 2.19 
1787 2.10 
1789 2.18 
1791 2.56 
1793 2.41 
1795 2.11 
1797 2.32 
1799 2.36 
1800 0.04 
1800 0.04 
1800 0.04 
1802 2.45 
1804 2.32 
1806 2.21 
1808 2.40 
1810 2.40 
1812 2.43 
1814 2.13 
1816 2.36 
1818 1.73 
1820 1.67 
1821 1.52 
1823 1.74 
1825 2.35 
1827 1.52 
1829 2.22 
1830 0.07 
1830 0.04 
1830 0.02 
1831 1.79 
1833 2.42 
1835 2.53 
1837 1.47 
1839 1.82 
1841 1.78 
1843 2.19 
1845 1.69 
1847 1.72 
1849 1.63 
1851 1.87 
1853 2.19 
1855 1.75 
1857 1.89 
1859 2.20 
1860 0.93 
1860 0.04 
1860 0.05 
1860 0.03 
1862 2.45 
1864 2.29 
1866 2.39 
1868 1.48 
1869 2.08 
1871 1.41 
1873 1.91 
1875 2.06 
1877 2.27 
1879 2.31 
1881 1.71 
1883 1.86 
1885 1.97 
1887 1.59 
1889 1.52 
1890 0.14 
1890 0.03 
1890 0.04 
1892 2.27 
1894 2.38 
1896 2.64 
1898 2.57 
1900 2.37 
1901 1.77 
1903 1.41 
1905 1.41 
1907 1.87 
1909 1.84 
1911 2.38 
1913 2.44 
1915 1.89 
1917 2.33 
1919 2.40 
1920 0.10 
1920 0.05 
1920 0.04 
1922 1.58 
1924 1.41 
1926 1.59 
1928 1.05 
1930 1.24 
1932 1.52 
1934 1.21 
1936 1.76 
1938 1.20 
1940 1.34 
1942 1.25 
1944 1.08 
1945 1.10 
1947 1.24 
1949 1.49 
1950 0.03 
1950 0.09 
1950 0.03 
1951 1.57 
1953 1.56 
1955 1.80 
1957 1.52 
1959 1.65 
1961 1.27 
1963 1.15 
1965 0.94 
1967 1.66 
1969 1.77 
1971 1.46 
1973 1.54 
1975 1.39 
1977 1.53 
1979 1.59 
1980 0.13 
1980 0.05 
1980 0.06 
1981 1.69 
1983 1.26 
1985 1.35 
1987 1.48 
1989 1.29 
1991 1.35 
1993 1.32 
1995 1.69 
1997 1.78 
1999 1.26 
2001 1.16 
2003 1.18 
2005 1.16 
2007 1.41 
2009 1.50 
2010 0.04 
2010 0.05 
2010 0.04 
2011 1.44 
2013 1.45 
2015 1.46 
2017 1.45 
2019 1.43 
2021 1.47 
2023 1.34 
2025 1.22 
2027 1.28 
2029 1.28 
2031 1.35 
2033 1.57 
2035 1.56 
2037 1.58 
2039 1.76 
2040 0.03 
2040 0.03 
2040 0.03 
2041 1.63 
2043 1.41 
2045 1.20 
2047 1.19 
2049 1.02 
2051 1.15 
2053 0.98 
2055 1.25 
2057 1.23 
2059 0.94 
2061 1.48 
2063 1.39 
2065 1.60 
2067 1.47 
2069 1.45 
2070 0.27 
2070 0.06 
2070 0.05 
2072 1.31 
2074 1.39 
2076 1.31 
2078 1.67 
2080 1.29 
2082 1.47 
2084 1.33 
2086 1.39 
2088 1.46 
2090 1.80 
2092 1.38 
2094 1.64 
2096 1.49 
2098 1.73 
2100 1.64 
2100 0.02 
2100 0.04 
2100 0.05 
2102 1.32 
2104 1.29 
2106 1.25 
2108 1.29 
2110 1.42 
2112 1.24 
2114 1.30 
2116 1.55 
2118 1.36 
2120 1.31 
2122 1.73 
2124 1.34 
2126 1.34 
2128 1.40 
2130 1.42 
2130 0.04 
2130 0.04 
2130 0.04 
2132 1.49 
2134 1.38 
2136 1.48 
2138 1.39 
2140 1.61 
2142 1.38 
2144 1.68 
2146 1.31 
2148 1.23 
2150 1.27 
2152 1.40 
2154 1.26 
2156 0.82 
2158 0.66 
2160 1.64 
2160 0.04 
2160 0.09 
2160 0.06 
2162 2.73 
2164 2.27 
2166 2.12 
2168 2.17 
2170 2.06 
2172 2.41 
2174 2.09 
2176 2.27 
2178 2.54 
2180 2.07 
2181 1.70 
2183 1.59 
2185 2.61 
2187 2.34 
2189 2.42 
2190 0.06 
2190 0.03 
2190 0.05 
2191 2.50 
2193 2.13 
2195 2.24 
2197 1.93 
2199 2.51 
2201 2.26 
2203 2.16 
2205 1.84 
2207 1.98 
2209 1.86 
2211 2.19 
2213 1.96 
2215 2.18 
2217 2.63 
2219 2.14 
2220 0.15 
2220 0.08 
2220 0.05 
2222 2.24 
2224 2.49 
2226 1.96 
2228 1.43 
2230 2.51 
2232 2.24 
2234 2.27 
2236 1.83 
2237 1.89 
2239 1.39 
2241 2.38 
2243 2.19 
2245 2.20 
2247 2.37 
2249 2.33 
2250 0.09 
2250 0.05 
2250 0.03 
2251 2.14 
2253 2.48 
2255 2.31 
2257 1.97 
2259 1.77 
2261 1.82 
2263 2.00 
2265 2.22 
2267 1.83 
2269 2.08 
2271 2.15 
2273 2.34 
2275 2.38 
2276 1.90 
2278 1.72 
2280 0.84 
2280 0.07 
2280 0.04 
2280 0.06 
2281 2.35 
2283 1.78 
2285 2.50 
2287 2.34 
2289 2.40 
2291 2.50 
2293 2.27 
2295 1.36 
2297 2.02 
2299 2.43 
2301 1.75 
2303 1.62 
2305 1.72 
2307 1.81 
2309 2.16 
2310 0.75 
2310 0.02 
2310 0.06 
2310 0.04 
2311 1.66 
2313 1.88 
2315 1.92 
2317 1.81 
2319 0.16 
2321 0.83 
2323 2.43 
2325 2.22 
2327 2.20 
2329 2.42 
2331 2.07 
2333 2.54 
2335 2.18 
2337 2.28 
2338 1.35 
2340 0.70 
2340 0.04 
2340 0.08 
2340 0.05 
2341 1.90 
2343 1.99 
2345 2.32 
2347 2.25 
2349 2.39 
2351 1.65 
2353 1.52 
2355 1.63 
2357 1.82 
2359 1.82 
2361 2.27 
2363 2.08 
2365 2.07 
2367 2.39 
2369 2.19 
2370 0.87 
2370 0.02 
2370 0.04 
2370 0.05 
2372 2.43 
2374 2.48 
2376 2.38 
2378 2.15 
2379 1.87 
2381 1.99 
2383 1.94 
2385 1.95 
2387 2.26 
2389 2.16 
2391 2.45 
2393 2.18 
2395 2.40 
2397 1.73 
2399 2.03 
2400 0.04 
2400 0.04 
2400 0.03 
2402 2.48 
2404 2.64 
2405 2.48 
2407 3.26 
2409 2.88 
2411 3.31 
2413 3.27 
2415 2.69 
2417 2.89 
2419 2.84 
2421 2.91 
2423 3.21 
2425 2.88 
2427 2.29 
2429 3.05 
2430 0.11 
2430 0.06 
2430 0.04 
2432 4.10 
2434 2.14 
2436 2.49 
2438 2.04 
2439 1.55 
2441 1.79 
2443 3.28 
2445 3.30 
2447 3.09 
2449 2.84 
2451 2.94 
2453 2.53 
2455 2.19 
2457 3.05 
2459 3.48 
2460 0.39 
2460 0.06 
2460 0.05 
2462 3.31 
2464 3.17 
2466 3.08 
2468 2.80 
2470 2.28 
2471 2.61 
2473 2.18 
2475 2.44 
2477 2.69 
2479 2.64 
2481 2.57 
2483 2.43 
2485 2.45 
2487 2.29 
2488 2.00 
2490 1.43 
2490 0.08 
2490 0.04 
2490 0.05 
2491 2.45 
2493 2.41 
2495 2.43 
2497 2.59 
2499 2.90 
2501 3.43 
2503 3.35 
2505 2.28 
2507 2.49 
2509 2.60 
2510 2.69 
2512 2.34 
2514 2.28 
2516 3.02 
2518 2.38 
2520 2.15 
2520 0.05 
2520 0.02 
2520 0.05 
2522 3.96 
2524 3.28 
2526 3.28 
2528 3.24 
2530 1.85 
2532 2.40 
2533 1.75 
2535 1.03 
2537 1.77 
2539 2.27 
2541 2.12 
2543 2.56 
2545 2.66 
2547 3.08 
2549 2.25 
2550 1.15 
2550 0.04 
2550 0.09 
2550 0.04 
2552 3.27 
2553 2.93 
2555 2.69 
2557 1.91 
2559 2.29 
2561 2.46 
2563 2.79 
2565 3.33 
2567 3.04 
2569 3.20 
2571 2.02 
2573 1.85 
2574 2.46 
2576 2.59 
2578 2.90 
2580 2.11 
2580 0.03 
2580 0.03 
2580 0.06 
2582 1.75 
2584 2.08 
2586 2.52 
2588 3.03 
2589 3.30 
2591 3.47 
2593 2.98 
2595 2.45 
2597 1.71 
2599 2.24 
2601 2.99 
2603 2.94 
2605 3.20 
2607 3.05 
2609 3.23 
2610 0.07 
2610 0.03 
2610 0.05 
2612 2.78 
2614 1.77 
2615 2.11 
2617 3.20 
2619 2.68 
2621 2.67 
2623 2.67 
2625 2.38 
2627 2.40 
2629 2.53 
2631 2.36 
2633 1.70 
2635 2.25 
2636 2.92 
2638 2.36 
2640 1.65 
2640 0.06 
2640 0.04 
2640 0.07 
2641 3.47 
2643 3.27 
2645 3.93 
2647 4.02 
2649 3.02 
2651 2.92 
2653 3.09 
2655 2.38 
2657 2.73 
2659 2.92 
2661 3.98 
2663 4.29 
2664 3.28 
2666 2.12 
2668 2.05 
2670 2.18 
2670 0.07 
2670 0.04 
2670 0.05 
2671 2.64 
2673 3.17 
2675 3.30 
2677 2.35 
2678 2.41 
2680 3.09 
2682 2.31 
2684 2.64 
2686 2.49 
2688 2.53 
2690 3.43 
2692 3.42 
2693 2.65 
2695 2.05 
2697 2.82 
2699 2.11 
2700 0.03 
2700 0.08 
2700 0.11 
2702 4.09 
2704 4.23 
2706 3.97 
2708 4.30 
2710 3.98 
2712 4.75 
2714 4.05 
2716 4.15 
2718 3.17 
2719 2.68 
2721 3.75 
2723 3.90 
2725 4.18 
2727 4.32 
2729 4.24 
2730 0.03 
2730 0.11 
2730 0.03 
2731 2.38 
2733 3.80 
2735 3.62 
2737 4.16 
2739 3.94 
2741 3.85 
2743 3.81 
2745 3.99 
2747 3.85 
2749 3.56 
2751 4.07 
2753 3.73 
2755 3.94 
2757 2.16 
2759 2.21 
2760 0.66 
2760 0.03 
2760 0.05 
2760 0.05 
2761 2.62 
2763 3.72 
2765 3.63 
2767 3.73 
2769 4.00 
2771 3.80 
2773 1.46 
2775 3.94 
2777 3.90 
2779 4.12 
2781 3.67 
2783 1.57 
2785 3.74 
2787 3.64 
2789 3.83 
2790 0.51 
2790 0.03 
2790 0.03 
2792 3.03 
2794 4.00 
2795 3.76 
2797 4.02 
2799 3.00 
2801 3.79 
2803 3.71 
2805 3.95 
2807 3.38 
2809 2.95 
2811 3.64 
2813 1.41 
2815 2.56 
2817 3.72 
2818 3.96 
2820 2.11 
2820 0.03 
2820 0.02 
2820 0.05 
2822 3.12 
2824 1.79 
2826 1.68 
2827 2.69 
2829 4.28 
2831 4.12 
2833 4.18 
2835 4.35 
2837 3.38 
2839 2.17 
2841 2.55 
2843 2.70 
2845 3.50 
2847 4.22 
2849 3.78 
2850 1.27 
2850 0.03 
2850 0.07 
2850 0.05 
2851 3.02 
2853 3.89 
2855 4.08 
2857 3.61 
2859 3.63 
2861 3.15 
2863 3.18 
2865 2.61 
2867 3.80 
2869 3.87 
2870 2.48 
2872 3.27 
2874 3.06 
2876 2.97 
2878 2.96 
2880 3.55 
2880 0.03 
2880 0.03 
2880 0.04 
2881 1.27 
2883 4.13 
2885 4.85 
2887 4.42 
2889 5.01 
2891 4.80 
2893 4.41 
2895 4.96 
2897 4.30 
2899 4.72 
2901 4.68 
2903 3.12 
2904 2.96 
2906 3.85 
2908 2.41 
2910 3.27 
2910 0.03 
2910 0.05 
2910 0.04 
2912 3.97 
2913 3.20 
2915 4.57 
2917 5.03 
2919 4.71 
2921 5.33 
2923 5.01 
2925 3.76 
2927 2.37 
2929 2.63 
2931 3.27 
2933 3.78 
2934 3.78 
2936 3.36 
2938 3.20 
2940 3.82 
2940 0.05 
2940 0.05 
2940 0.04 
2942 3.33 
2944 4.70 
2946 3.71 
2947 3.07 
2949 2.72 
2951 2.10 
2953 3.11 
2955 3.67 
2957 3.44 
2959 4.85 
2961 5.16 
2963 4.37 
2964 2.79 
2966 3.87 
2968 3.60 
2970 3.15 
2970 0.02 
2970 0.02 
2970 0.05 
2971 1.99 
2973 3.51 
2975 2.90 
2977 3.87 
2979 3.62 
2981 3.66 
2983 4.57 
2985 3.48 
2986 3.52 
2988 4.23 
2990 3.98 
2992 2.88 
2994 2.83 
2996 2.98 
2997 2.46 
2999 2.72 
3000 0.05 
3000 0.07 
3000 0.08 
3001 2.40 
3003 3.35 
3005 2.60 
3007 4.50 
3009 4.95 
3011 4.74 
3013 4.35 
3015 4.99 
3017 4.24 
3018 2.82 
3020 3.52 
3022 3.08 
3024 2.34 
3026 2.68 
3028 2.40 
3030 3.39 
3030 0.06 
3030 0.02 
3030 0.03 
3031 0.89 
3033 5.24 
3035 3.35 
3037 3.43 
3039 4.48 
3041 3.80 
3043 4.27 
3044 3.24 
3046 3.52 
3048 5.38 
3050 4.39 
3052 4.46 
3054 3.94 
3056 3.58 
3057 2.80 
3059 3.36 
3060 0.04 
3060 0.03 
3060 0.04 
3062 5.33 
3064 4.68 
3066 5.29 
3068 4.64 
3070 2.15 
3071 2.57 
3073 2.53 
3075 3.20 
3077 3.68 
3079 3.90 
3081 4.29 
3083 4.24 
3085 2.31 
3086 2.66 
3088 2.87 
3090 2.68 
3090 0.07 
3090 0.04 
3090 0.04 
3092 4.83 
3094 5.11 
3096 4.28 
3098 3.55 
3100 4.65 
3101 3.90 
3103 3.88 
3105 3.68 
3107 3.17 
3109 3.41 
3111 2.88 
3112 4.85 
3114 3.19 
3116 3.95 
3118 3.24 
3120 2.96 
3120 0.03 
3120 0.06 
3120 0.05 
3121 2.18 
3123 3.92 
3125 4.41 
3127 4.34 
3129 4.21 
3131 4.16 
3133 3.82 
3135 2.39 
3137 1.95 
3138 2.30 
3140 2.36 
3142 2.94 
3144 3.53 
3146 2.74 
3148 2.49 
3149 2.12 
3150 0.05 
3150 0.03 
3150 0.11 
3151 3.11 
3153 3.90 
3155 3.52 
3157 3.07 
3159 2.93 
3161 4.15 
3162 2.88 
3164 3.05 
3166 3.08 
3168 2.74 
3170 2.71 
3172 3.29 
3174 2.24 
3175 3.10 
3177 2.89 
3179 3.86 
3180 0.14 
3180 0.04 
3180 0.06 
3181 3.05 
3183 3.69 
3185 3.30 
3187 3.13 
3189 3.24 
3191 3.36 
3193 3.46 
3194 3.18 
3196 3.90 
3198 3.32 
3200 2.66 
3202 3.17 
3204 3.32 
3206 3.49 
3208 3.60 
3210 2.17 
3210 0.05 
3210 0.04 
3210 0.05 
3211 2.99 
3213 3.86 
3215 4.06 
3217 3.33 
3219 4.05 
3221 3.41 
3223 2.93 
3225 2.74 
3227 3.94 
3229 3.38 
3230 3.13 
3232 2.87 
3234 2.66 
3236 2.26 
3238 2.39 
3240 3.62 
3240 0.05 
3240 0.05 
3240 0.04 
3241 3.81 
3243 3.25 
3245 4.24 
3247 4.14 
3249 4.13 
3251 4.57 
3253 4.29 
3255 4.63 
3257 2.77 
3259 2.42 
3261 1.85 
3263 3.99 
3265 3.83 
3267 3.87 
3268 2.76 
3270 1.16 
3270 0.04 
3270 0.03 
3270 0.03 
3272 3.66 
3274 2.73 
3276 2.82 
3277 3.12 
3279 3.85 
3281 3.25 
3283 2.07 
3285 2.62 
3287 2.54 
3289 2.06 
3290 2.09 
3292 2.52 
3294 3.07 
3296 3.74 
3298 2.70 
3300 2.56 
3300 0.05 
3300 0.06 
3300 0.05 
3302 3.24 
3303 2.65 
3305 2.71 
3307 4.31 
3309 4.38 
3311 4.19 
3313 4.04 
3315 3.99 
3317 2.06 
3319 1.62 
3321 1.73 
3323 2.85 
3325 3.20 
3326 2.01 
3328 1.47 
3330 2.00 
3330 0.06 
3330 0.08 
3330 0.03 
3331 3.00 
3333 2.31 
3335 2.91 
3337 3.54 
3339 3.43 
3341 3.43 
3343 2.91 
3344 3.11 
3346 2.68 
3348 2.53 
3350 3.86 
3352 3.53 
3354 2.82 
3356 2.51 
3358 3.85 
3360 3.38 
3360 0.05 
3360 0.03 
3360 0.04 
3361 2.11 
3363 2.64 
3365 2.63 
3367 2.82 
3369 2.47 
3371 3.35 
3373 3.39 
3375 2.74 
3377 3.28 
3379 3.26 
3381 3.26 
3383 1.71 
3385 2.91 
3387 1.47 
3388 1.83 
3390 1.37 
3390 0.04 
3390 0.12 
3390 0.05 
3391 2.61 
3393 2.92 
3395 1.98 
3397 2.64 
3399 1.91 
3401 1.94 
3403 2.85 
3405 2.29 
3407 2.49 
3408 1.64 
3410 1.85 
3412 2.43 
3414 1.92 
3416 1.92 
3418 1.76 
3420 1.91 
3420 0.06 
3420 0.04 
3420 0.05 
3421 2.83 
3423 3.23 
3425 2.89 
3427 3.22 
3429 2.41 
3431 2.15 
3433 3.22 
3435 2.96 
3437 3.14 
3439 3.29 
3441 2.26 
3443 3.14 
3445 2.87 
3447 1.84 
3449 3.03 
3450 0.65 
3450 0.02 
3450 0.03 
3452 3.90 
3454 2.48 
3456 2.67 
3458 3.42 
3460 3.47 
3462 3.08 
3464 2.99 
3466 3.38 
3467 1.86 
3469 2.30 
3471 2.50 
3473 2.91 
3475 3.00 
3477 3.19 
3479 3.18 
3480 0.03 
3480 0.05 
3480 0.10 
3481 1.94 
3483 3.05 
3485 3.01 
3487 1.94 
3489 2.07 
3491 1.84 
3492 1.67 
3494 2.06 
3496 1.88 
3498 1.97 
3500 2.34 
3502 1.54 
3504 2.31 
3506 3.18 
3508 2.23 
3509 1.97 
3510 0.05 
3510 0.05 
3510 0.04 
3511 2.37 
3513 2.26 
3515 2.18 
3517 2.00 
3519 2.36 
3521 2.48 
3522 2.49 
3524 2.69 
3526 2.72 
3528 3.01 
3530 2.48 
3532 2.90 
3534 2.93 
3536 2.75 
3538 2.86 
3540 2.82 
3540 0.05 
3540 0.07 
3540 0.06 
3542 2.23 
3544 3.04 
3546 2.85 
3548 2.79 
3550 2.36 
3551 2.19 
3553 2.20 
3555 3.23 
3557 3.02 
3559 1.79 
3561 2.37 
3563 2.70 
3565 1.31 
3566 1.57 
3568 2.16 
3570 1.73 
3570 0.07 
3570 0.06 
3570 0.05 
3571 1.53 
3573 2.12 
3575 2.07 
3577 3.47 
3579 2.92 
3581 2.93 
3583 3.37 
3585 1.82 
3587 2.22 
3588 1.67 
3590 1.72 
3592 3.22 
3594 3.30 
3596 3.54 
3598 3.02 
3600 2.28 
3600 0.05 
3600 0.05 
3600 0.04 
3601 2.29 
3603 2.40 
3605 1.94 
3607 2.18 
3609 2.30 
3611 2.25 
3613 2.40 
3615 2.43 
3617 2.35 
3619 2.37 
3621 2.25 
3623 1.92 
3625 1.91 
3627 1.70 
3629 1.19 
3630 0.68 
32 1.93 
34 1.47 
36 1.29 
38 1.09 
40 0.80 
42 1.20 
44 1.54 
46 1.84 
48 1.55 
50 1.40 
52 1.15 
53 1.17 
55 1.22 
57 1.42 
59 1.22 
60 0.04 
60 0.06 
60 0.06 
61 1.41 
63 1.52 
65 1.76 
67 1.62 
69 1.45 
71 1.54 
73 1.49 
75 1.35 
77 1.67 
79 1.57 
81 1.43 
83 1.56 
85 1.75 
87 1.59 
89 1.31 
90 0.05 
90 0.04 
90 0.07 
92 1.65 
94 1.31 
96 1.29 
98 1.59 
100 1.17 
102 1.36 
104 1.46 
106 1.52 
108 1.36 
110 1.48 
112 1.62 
114 1.59 
116 1.43 
118 1.37 
120 1.51 
120 0.05 
120 0.08 
120 0.05 
