1 43.01 
3 24.71 
5 28.21 
7 35.18 
9 17.85 
11 13.13 
13 19.70 
15 21.76 
17 9.27 
19 10.80 
21 13.15 
23 12.01 
25 12.48 
27 8.79 
29 14.21 
30 0.09 
30 0.08 
30 0.14 
31 35.87 
33 24.64 
35 13.60 
37 27.16 
39 40.71 
41 19.28 
43 23.32 
45 12.54 
47 10.34 
49 8.57 
51 7.61 
53 15.11 
55 22.33 
57 14.30 
59 8.16 
60 0.16 
60 0.18 
60 0.23 
61 49.72 
63 34.82 
65 30.76 
67 23.72 
69 39.98 
71 42.10 
73 31.78 
75 16.99 
77 20.82 
79 19.20 
81 12.78 
83 5.63 
85 4.50 
87 26.35 
89 15.64 
90 0.23 
90 0.11 
90 0.17 
91 10.45 
93 17.01 
95 27.22 
97 9.73 
99 37.25 
101 31.35 
103 25.26 
105 57.67 
107 14.91 
109 7.66 
111 29.73 
113 6.34 
115 6.74 
117 23.08 
119 10.43 
120 5.00 
120 0.17 
120 0.23 
122 47.60 
124 37.40 
126 32.84 
128 23.94 
130 10.05 
132 37.92 
134 5.33 
136 25.01 
138 12.51 
140 13.23 
142 19.58 
144 48.75 
146 9.82 
148 28.65 
150 17.74 
150 0.09 
150 0.12 
150 0.15 
150 103.91 
152 18.72 
154 100.97 
156 15.21 
158 29.88 
160 11.82 
162 10.48 
164 49.98 
165 28.21 
167 34.06 
169 9.14 
171 8.65 
173 86.01 
175 28.09 
177 7.92 
179 23.23 
180 0.23 
180 0.25 
180 0.17 
181 25.64 
183 33.58 
185 22.32 
187 21.99 
189 74.51 
191 21.34 
193 14.67 
195 6.44 
197 8.78 
199 8.07 
201 9.67 
203 79.39 
205 8.33 
207 11.13 
209 29.33 
210 0.10 
210 0.13 
210 0.30 
212 24.78 
214 22.98 
216 11.45 
218 11.98 
220 15.38 
222 49.47 
224 1.78 
226 21.48 
228 20.72 
230 10.12 
232 12.94 
234 10.81 
236 10.25 
238 17.76 
240 18.38 
240 0.07 
240 0.08 
240 0.11 
240 99.56 
242 77.93 
244 32.96 
246 41.47 
248 19.02 
250 30.19 
252 20.10 
254 15.94 
256 27.23 
258 12.09 
260 19.05 
262 28.85 
264 26.75 
266 19.62 
267 9.77 
269 21.39 
270 0.10 
270 0.13 
270 0.25 
271 65.51 
273 79.23 
275 82.32 
277 59.86 
279 21.24 
281 40.02 
283 13.25 
285 16.49 
287 20.78 
289 10.60 
291 11.56 
293 36.48 
295 26.74 
297 22.02 
299 18.31 
300 1.77 
300 0.22 
300 0.13 
302 72.49 
304 45.53 
306 16.77 
308 20.27 
310 24.57 
312 16.20 
314 28.96 
316 29.38 
318 18.67 
320 15.69 
322 11.77 
324 36.12 
326 17.59 
328 23.32 
330 20.44 
330 0.14 
330 0.28 
330 0.10 
332 52.37 
333 38.59 
335 33.43 
337 24.63 
339 52.77 
341 24.65 
343 11.63 
345 19.96 
347 47.50 
349 17.04 
351 22.95 
353 13.34 
355 19.09 
357 8.94 
359 19.93 
360 0.22 
360 0.23 
360 0.20 
361 41.64 
363 26.36 
365 24.29 
367 41.36 
369 50.61 
371 36.12 
373 24.26 
375 22.26 
377 17.77 
379 20.37 
381 23.09 
383 23.34 
385 22.82 
387 14.26 
389 13.39 
390 8.73 
390 0.10 
390 0.11 
392 66.92 
394 56.48 
396 26.06 
398 22.68 
400 54.73 
402 18.50 
404 13.64 
406 25.43 
408 33.33 
409 16.21 
411 15.85 
413 30.39 
415 24.81 
417 24.42 
419 13.70 
420 2.69 
420 0.25 
420 0.27 
421 44.82 
423 27.67 
425 100.86 
427 52.43 
429 32.15 
431 16.24 
433 13.76 
435 21.95 
437 14.21 
439 14.21 
441 13.70 
443 30.03 
445 9.10 
447 18.46 
449 13.74 
450 0.22 
450 0.11 
450 0.13 
452 31.59 
454 11.16 
456 28.80 
458 17.26 
460 40.94 
462 29.21 
463 16.79 
465 23.66 
467 15.78 
469 20.76 
471 18.59 
473 12.91 
475 12.31 
477 22.01 
479 20.72 
480 6.76 
480 0.07 
480 0.10 
482 56.02 
484 74.74 
486 41.86 
488 42.55 
490 44.84 
491 27.31 
493 47.58 
495 30.92 
497 29.43 
499 50.94 
501 9.22 
503 16.80 
505 9.71 
507 10.44 
509 16.32 
510 1.82 
510 0.13 
510 0.26 
512 51.87 
514 101.15 
516 72.81 
518 61.08 
520 33.32 
522 19.96 
524 49.09 
525 10.39 
527 67.44 
529 99.80 
531 27.17 
533 14.94 
535 15.62 
537 32.80 
539 27.12 
540 0.08 
540 0.16 
540 0.13 
541 27.04 
543 51.72 
545 40.83 
547 36.12 
549 37.09 
551 12.58 
553 22.53 
555 35.85 
557 24.71 
559 21.78 
560 58.36 
562 67.69 
564 45.03 
566 17.13 
568 26.06 
570 27.94 
570 0.16 
570 0.18 
570 0.11 
570 100.74 
572 36.31 
574 62.53 
576 76.71 
577 40.92 
579 35.37 
581 25.31 
583 26.85 
585 36.21 
587 31.45 
589 18.30 
591 58.72 
593 29.55 
595 22.01 
597 7.65 
599 21.24 
600 0.21 
600 0.17 
600 2.02 
602 30.40 
604 40.16 
606 15.21 
608 54.85 
610 21.57 
611 9.80 
613 18.10 
615 18.39 
617 28.07 
619 29.09 
621 30.03 
623 17.72 
625 9.25 
627 44.92 
629 23.04 
630 9.64 
630 0.07 
630 0.23 
632 41.35 
634 101.25 
636 61.83 
637 24.95 
639 54.39 
641 29.88 
643 21.89 
645 27.35 
647 25.37 
649 99.50 
651 49.48 
653 7.23 
655 29.76 
657 36.20 
659 22.49 
660 3.89 
660 0.37 
660 0.23 
662 56.71 
664 103.09 
666 41.55 
668 53.89 
669 33.51 
671 36.43 
673 34.86 
675 7.00 
677 38.95 
679 30.59 
681 71.37 
683 22.81 
685 14.20 
687 15.08 
688 12.61 
690 8.31 
690 0.32 
690 0.16 
690 0.13 
690 100.01 
691 15.91 
693 51.62 
695 49.79 
697 24.25 
699 37.16 
701 39.53 
703 20.61 
705 28.65 
707 27.82 
709 22.77 
710 78.70 
712 86.96 
714 33.07 
716 31.04 
718 20.54 
720 25.70 
720 0.10 
720 0.59 
720 0.26 
720 100.54 
722 22.01 
724 50.79 
726 28.45 
728 78.42 
729 37.35 
731 27.07 
733 27.57 
735 25.85 
737 43.15 
739 27.66 
741 29.30 
743 42.29 
744 20.25 
746 50.04 
748 33.43 
750 18.08 
750 0.15 
750 1.18 
750 0.12 
750 99.93 
751 7.05 
753 62.39 
755 54.57 
757 36.38 
759 33.46 
760 53.49 
762 46.44 
764 19.59 
766 24.64 
768 18.69 
770 23.81 
772 10.25 
773 21.95 
775 16.08 
777 16.76 
779 13.93 
780 0.23 
780 0.18 
780 2.97 
782 6.79 
784 56.20 
786 46.54 
787 69.42 
789 48.07 
791 33.74 
793 32.15 
795 54.56 
797 12.58 
799 25.56 
801 42.89 
802 25.12 
804 18.58 
806 29.73 
808 29.21 
810 89.26 
810 0.29 
810 0.12 
810 0.12 
810 99.86 
811 60.80 
813 51.49 
815 102.98 
817 68.21 
819 52.18 
821 33.93 
823 35.20 
825 23.12 
826 16.37 
828 17.63 
830 41.99 
832 7.87 
834 35.38 
836 10.32 
838 13.91 
840 12.89 
840 0.39 
840 0.24 
840 0.33 
841 58.60 
843 42.67 
845 18.30 
847 57.77 
849 70.70 
851 12.89 
853 22.45 
854 28.69 
856 19.37 
858 18.84 
860 14.21 
862 46.20 
864 20.64 
866 19.42 
868 20.69 
870 42.54 
870 0.11 
870 0.25 
870 0.15 
871 77.45 
873 47.32 
875 52.85 
877 45.87 
879 45.43 
881 31.61 
883 55.01 
885 23.20 
887 25.19 
888 23.64 
890 59.88 
892 34.53 
894 52.24 
896 32.20 
898 26.21 
900 23.32 
900 0.07 
900 0.28 
900 0.09 
900 97.38 
902 88.64 
904 66.77 
906 49.89 
908 75.89 
909 49.45 
911 44.02 
913 35.99 
915 12.21 
917 92.45 
919 17.90 
921 10.77 
923 31.95 
925 29.31 
927 62.07 
929 16.90 
930 5.63 
930 0.11 
930 0.21 
932 67.06 
933 80.22 
935 59.43 
937 51.60 
939 36.38 
941 52.93 
943 38.94 
945 54.92 
947 26.72 
949 25.41 
951 33.99 
953 47.36 
955 12.06 
956 24.15 
958 31.36 
960 10.67 
960 0.11 
960 0.39 
960 0.18 
960 98.87 
961 63.02 
963 99.11 
965 76.41 
967 57.28 
968 33.56 
970 30.78 
972 39.15 
974 17.05 
976 20.72 
978 48.24 
979 36.53 
981 100.71 
983 46.90 
985 19.47 
987 29.92 
989 27.55 
990 6.16 
990 0.19 
990 0.13 
990 0.13 
990 100.22 
991 77.46 
993 53.89 
995 47.15 
997 70.80 
999 39.08 
1001 38.98 
1003 46.43 
1005 49.30 
1007 45.64 
1008 16.87 
1010 27.67 
1012 16.07 
1014 18.89 
1016 19.34 
1018 22.94 
1019 15.29 
1020 0.33 
1020 0.10 
1020 0.13 
1021 26.48 
1023 61.99 
1025 69.47 
1027 42.16 
1028 31.92 
1030 32.38 
1032 53.76 
1034 19.99 
1036 28.24 
1038 14.77 
1039 30.26 
1041 37.75 
1043 41.92 
1045 16.70 
1047 23.01 
1049 21.27 
1050 17.03 
1050 0.19 
1050 1.80 
1050 0.14 
1050 104.93 
1051 69.99 
1053 54.63 
1055 43.54 
1057 46.24 
1059 66.07 
1061 43.18 
1063 54.15 
1065 37.77 
1066 13.43 
1068 33.97 
1070 16.12 
1072 7.32 
1074 18.89 
1075 22.36 
1077 55.32 
1079 19.79 
1080 0.11 
1080 0.25 
1080 0.16 
1081 47.79 
1083 55.36 
1085 50.39 
1087 32.91 
1089 41.12 
1091 15.02 
1092 38.26 
1094 59.60 
1096 33.10 
1098 23.30 
1100 40.93 
1102 34.46 
1104 35.20 
1106 39.47 
1108 45.08 
1110 17.75 
1110 0.23 
1110 0.63 
1110 0.14 
1112 50.93 
1113 97.58 
1115 36.10 
1117 44.92 
1119 42.43 
1121 47.11 
1123 41.57 
1125 18.17 
1127 35.80 
1129 18.01 
1130 3.41 
1132 32.74 
1134 85.71 
1136 42.03 
1138 10.86 
1140 16.93 
1140 0.22 
1140 0.14 
1140 0.22 
1140 100.78 
1142 75.58 
1144 100.73 
1145 82.63 
1147 66.46 
1149 38.87 
1151 33.31 
1153 71.93 
1155 31.77 
1157 34.05 
1159 14.06 
1160 22.15 
1162 19.33 
1164 43.45 
1166 27.17 
1168 16.73 
1170 13.82 
1170 0.13 
1170 0.22 
1170 0.22 
1170 100.22 
1171 31.01 
1173 102.01 
1175 83.14 
1177 76.54 
1178 40.48 
1180 38.45 
1182 30.28 
1184 41.90 
1186 25.52 
1188 54.34 
1190 33.37 
1192 28.44 
1194 21.83 
1195 24.19 
1197 27.02 
1199 22.86 
1200 0.11 
1200 0.22 
1200 0.17 
1202 40.76 
1204 102.53 
1206 76.53 
1208 43.11 
1210 43.72 
1212 52.57 
1214 34.02 
1216 21.88 
1218 45.09 
1220 38.35 
1222 27.14 
1223 8.97 
1225 14.73 
1227 19.39 
1229 24.07 
1230 0.12 
1230 0.19 
1230 0.10 
1231 45.71 
1233 87.11 
1235 14.31 
1237 46.32 
1239 25.24 
1241 29.42 
1243 23.32 
1245 35.28 
1246 23.31 
1248 42.77 
1250 18.35 
1252 18.07 
1254 21.14 
1256 15.59 
1258 42.77 
1260 39.04 
1260 0.20 
1260 0.18 
1260 0.12 
1261 58.51 
1263 69.35 
1265 79.32 
1267 38.49 
1269 34.06 
1271 22.86 
1273 28.98 
1275 76.16 
1277 37.09 
1278 22.76 
1280 24.88 
1282 24.38 
1284 12.48 
1286 21.55 
1288 23.45 
1290 14.04 
1290 0.11 
1290 0.13 
1290 0.25 
1292 90.88 
1293 60.13 
1295 65.54 
1297 41.00 
1299 45.57 
1301 38.91 
1303 32.71 
1305 11.27 
1307 22.84 
1309 43.53 
1311 22.02 
1312 16.48 
1314 11.96 
1316 30.58 
1318 12.85 
1320 59.20 
1320 0.16 
1320 0.18 
1320 0.22 
1320 101.11 
1321 77.33 
1323 55.28 
1325 69.90 
1327 28.07 
1329 33.01 
1331 80.70 
1333 63.63 
1335 12.44 
1337 14.98 
1339 14.10 
1341 19.45 
1342 28.05 
1344 38.93 
1346 29.60 
1348 26.42 
1350 51.79 
1350 0.19 
1350 0.36 
1350 0.14 
1350 100.69 
1352 60.45 
1354 64.89 
1356 75.30 
1357 54.37 
1359 31.22 
1361 20.55 
1363 51.14 
1365 36.57 
1367 17.26 
1369 22.62 
1371 26.96 
1373 20.69 
1375 18.23 
1377 17.86 
1378 21.37 
1380 22.89 
1380 0.26 
1380 0.13 
1380 0.12 
1380 99.79 
1381 69.75 
1383 44.76 
1385 67.73 
1387 29.03 
1389 21.95 
1391 35.44 
1393 31.78 
1395 51.74 
1397 29.51 
1399 24.88 
1401 10.82 
1402 29.61 
1404 25.47 
1406 19.80 
1408 18.32 
1410 12.65 
1410 0.16 
1410 0.19 
1410 0.13 
1410 101.50 
1412 94.84 
1414 103.74 
1416 79.30 
1418 41.27 
1420 21.38 
1422 41.53 
1424 33.73 
1425 20.93 
1427 21.73 
1429 27.61 
1431 24.98 
1433 12.24 
1435 16.99 
1437 8.87 
1439 19.85 
1440 6.24 
1440 0.14 
1440 0.13 
1440 0.23 
1440 100.97 
1441 50.04 
1443 52.76 
1445 67.99 
1447 37.49 
1449 43.94 
1451 11.26 
1453 40.68 
1455 19.88 
1457 56.77 
1459 30.33 
1461 51.51 
1463 26.01 
1465 3.69 
1467 35.30 
1469 17.23 
1470 26.00 
1470 0.12 
1470 1.03 
1471 77.52 
1473 35.57 
1475 55.47 
1477 15.07 
1479 11.06 
1481 36.75 
1483 31.18 
1485 17.37 
1486 10.89 
1488 29.63 
1490 22.00 
1492 20.85 
1494 12.75 
1496 26.91 
1498 17.99 
1500 31.27 
1500 0.22 
1500 0.17 
1500 0.11 
1502 81.94 
1504 100.49 
1506 65.07 
1508 77.38 
1509 32.64 
1511 34.53 
1513 28.70 
1515 15.11 
1517 63.50 
1519 101.33 
1521 39.15 
1523 30.30 
1525 23.31 
1526 7.93 
1528 45.69 
1530 8.63 
1530 0.28 
1530 1.04 
1530 0.19 
1530 100.91 
1531 37.93 
1533 27.58 
1535 28.19 
1537 41.81 
1539 56.83 
1541 27.05 
1543 44.22 
1545 21.24 
1547 23.33 
1549 24.50 
1551 25.23 
1553 22.88 
1554 33.60 
1556 26.44 
1558 39.80 
1560 10.87 
1560 0.13 
1560 1.13 
1560 0.16 
1560 100.98 
1561 68.92 
1563 89.13 
1565 72.16 
1567 68.17 
1569 50.68 
1571 29.67 
1573 33.21 
1574 34.75 
1576 30.00 
1578 25.29 
1580 54.06 
1582 28.35 
1584 12.17 
1586 26.74 
1588 26.37 
1590 12.56 
1590 0.12 
1590 0.22 
1590 0.16 
1591 47.02 
1593 33.53 
1595 100.83 
1597 55.35 
1599 44.18 
1601 65.54 
1603 19.07 
1605 30.68 
1607 18.16 
1609 21.48 
1610 22.58 
1612 23.76 
1614 27.27 
1616 17.71 
1618 16.84 
1620 13.99 
1620 0.08 
1620 0.12 
1620 0.18 
1620 101.17 
1621 77.47 
1623 64.92 
1625 52.81 
1627 47.47 
1629 18.05 
1631 27.80 
1633 10.03 
1635 34.41 
1637 17.91 
1639 20.07 
1640 20.71 
1642 8.46 
1644 12.69 
1646 21.55 
1648 23.37 
1650 27.95 
1650 0.07 
1650 0.09 
1650 0.17 
1650 103.57 
1652 46.94 
1654 42.99 
1656 55.27 
1658 54.78 
1660 30.25 
1662 34.96 
1664 36.21 
1666 29.82 
1668 16.58 
1670 24.61 
1672 32.56 
1674 13.95 
1676 20.08 
1678 27.54 
1680 22.95 
1680 0.11 
1680 0.13 
1680 0.11 
1681 42.20 
1683 8.62 
1685 53.61 
1687 52.86 
1689 46.39 
1691 29.76 
1693 13.47 
1695 18.13 
1697 15.87 
1699 20.34 
1701 37.91 
1703 16.75 
1705 17.17 
1707 19.63 
1709 18.59 
1710 4.45 
1710 0.37 
1710 2.03 
1710 0.13 
1710 100.49 
1711 56.24 
1713 100.17 
1715 55.94 
1717 44.68 
1719 22.70 
1721 20.86 
1723 19.24 
1725 100.60 
1727 41.75 
1729 102.32 
1731 102.26 
1733 85.42 
1735 20.37 
1737 20.20 
1739 20.69 
1740 0.07 
1740 0.17 
1740 0.15 
1742 70.33 
1744 63.26 
1746 18.36 
1748 14.66 
1749 18.09 
1751 33.68 
1753 101.17 
1755 28.08 
1757 91.05 
1759 25.54 
1761 42.69 
1763 16.39 
1765 35.51 
1767 16.63 
1769 17.73 
1770 0.15 
1770 0.23 
1770 0.17 
1771 96.45 
1773 54.68 
1775 10.42 
1777 44.95 
1779 27.24 
1781 28.20 
1783 13.23 
1785 15.09 
1787 12.64 
1789 28.37 
1791 43.59 
1793 13.90 
1795 13.92 
1797 23.59 
1799 12.22 
1800 0.06 
1800 0.08 
1800 0.23 
1802 41.43 
1804 25.74 
1806 58.45 
1808 62.70 
1810 23.05 
1812 58.62 
1814 23.01 
1816 42.58 
1818 17.63 
1820 11.20 
1822 12.95 
1823 40.06 
1825 19.61 
1827 6.43 
1829 15.02 
1830 0.14 
1830 0.16 
1830 0.12 
1831 51.18 
1833 94.27 
1835 69.66 
1837 12.03 
1839 37.09 
1841 19.85 
1843 16.50 
1845 9.89 
1847 20.64 
1849 8.79 
1851 17.85 
1853 29.68 
1855 19.92 
1857 20.91 
1858 13.71 
1860 7.46 
1860 0.10 
1860 0.25 
1860 0.21 
1860 101.85 
1862 90.63 
1864 84.79 
1865 51.61 
1867 49.75 
1869 33.20 
1871 16.80 
1873 25.47 
1875 16.75 
1877 20.42 
1879 21.20 
1881 25.84 
1883 11.85 
1885 12.78 
1887 11.84 
1889 19.17 
1890 3.98 
1890 0.10 
1890 0.25 
1890 0.11 
1890 100.27 
1891 40.08 
1893 66.53 
1895 54.02 
1897 53.95 
1899 24.61 
1901 22.23 
1903 23.98 
1905 19.19 
1907 8.87 
1909 65.31 
1911 56.12 
1913 47.78 
1915 11.82 
1917 25.86 
1919 24.18 
1920 4.29 
1920 0.14 
1920 0.06 
1922 18.39 
1924 12.68 
1926 30.33 
1928 18.47 
1930 12.10 
1932 62.78 
1933 9.32 
1935 43.36 
1937 14.78 
1939 9.75 
1941 7.50 
1943 26.14 
1945 8.54 
1947 45.05 
1949 43.65 
1950 0.15 
1950 0.12 
1950 0.18 
1952 24.87 
1954 23.98 
1956 42.66 
1958 16.92 
1960 19.07 
1962 64.55 
1964 12.13 
1966 6.57 
1968 13.80 
1970 97.85 
1972 19.90 
1974 6.64 
1976 19.92 
1978 10.05 
1980 15.69 
1980 0.18 
1980 0.16 
1980 0.33 
1982 38.97 
1984 13.24 
1986 14.83 
1988 24.10 
1990 12.27 
1992 36.19 
1994 11.52 
1996 18.84 
1998 36.80 
2000 7.40 
2002 12.19 
2004 9.60 
2006 17.26 
2008 13.18 
2010 11.51 
2010 0.07 
2010 0.18 
2010 0.14 
2012 41.89 
2014 26.91 
2016 24.68 
2018 19.17 
2020 10.11 
2022 43.27 
2024 17.38 
2026 14.18 
2028 17.51 
2030 4.69 
2032 10.21 
2034 24.58 
2036 17.82 
2038 9.20 
2040 25.24 
2040 0.10 
2040 0.09 
2040 0.16 
2042 40.13 
2044 11.45 
2046 27.67 
2048 13.01 
2049 32.68 
2051 45.89 
2053 43.58 
2055 40.38 
2057 14.30 
2059 12.24 
2061 15.59 
2063 15.90 
2065 60.98 
2067 5.71 
2069 8.44 
2070 0.09 
2070 0.41 
2070 0.19 
2071 33.94 
2073 20.36 
2075 13.55 
2077 31.04 
2079 27.75 
2081 19.05 
2083 31.78 
2085 23.58 
2087 13.21 
2089 12.94 
2091 10.07 
2093 6.56 
2095 3.88 
2097 16.00 
2099 9.14 
2100 0.07 
2100 0.16 
2100 0.14 
2101 24.01 
2103 20.40 
2105 4.61 
2107 20.90 
2109 21.31 
2111 37.27 
2113 15.40 
2115 27.70 
2117 17.13 
2119 10.35 
2121 14.08 
2123 14.88 
2125 19.57 
2127 13.65 
2129 8.68 
2130 0.09 
2130 0.23 
2130 0.30 
2132 25.17 
2134 32.17 
2136 20.46 
2138 31.04 
2139 25.93 
2141 14.50 
2143 21.48 
2145 12.82 
2147 17.85 
2149 7.89 
2151 6.82 
2153 25.28 
2155 15.81 
2157 1.99 
2159 14.99 
2160 0.11 
2160 0.21 
2160 1.03 
2161 31.09 
2163 37.76 
2165 34.52 
2167 17.97 
2169 43.68 
2171 34.97 
2173 11.60 
2175 48.90 
2177 33.74 
2179 23.07 
2181 18.31 
2183 16.69 
2185 15.92 
2187 28.64 
2189 10.38 
2190 2.46 
2190 0.09 
2190 1.30 
2192 71.64 
2194 33.56 
2196 31.29 
2198 31.66 
2200 28.19 
2202 21.12 
2204 16.87 
2206 17.80 
2208 8.85 
2210 49.70 
2212 14.18 
2214 22.63 
2215 13.68 
2217 9.48 
2219 19.52 
2220 0.08 
2220 0.27 
2220 0.14 
2221 55.04 
2223 27.60 
2225 16.72 
2227 44.10 
2229 30.01 
2231 29.40 
2233 39.61 
2235 22.35 
2237 14.02 
2239 44.95 
2241 41.53 
2243 26.89 
2245 33.47 
2247 18.50 
2249 18.68 
2250 6.22 
2250 0.11 
2250 1.12 
2252 75.64 
2254 101.53 
2256 49.42 
2258 48.99 
2259 22.79 
2261 23.08 
2263 18.90 
2265 13.79 
2267 15.98 
2269 29.25 
2271 13.99 
2273 14.31 
2275 30.63 
2277 10.48 
2279 31.70 
2280 5.85 
2280 0.17 
2280 0.10 
2282 43.36 
2283 16.99 
2285 53.96 
2287 101.51 
2289 100.78 
2291 100.29 
2293 101.52 
2295 100.92 
2297 100.91 
2299 63.68 
2301 40.84 
2303 100.97 
2305 76.20 
2307 22.41 
2309 14.13 
2310 24.70 
2310 0.10 
2310 1.13 
2311 50.52 
2313 102.92 
2315 26.84 
2317 29.23 
2319 14.34 
2321 19.29 
2323 34.80 
2325 13.15 
2327 9.44 
2329 27.70 
2331 12.32 
2333 56.49 
2335 84.34 
2337 19.35 
2339 11.37 
2340 5.16 
2340 0.23 
2340 0.30 
2340 0.12 
2340 103.08 
2341 56.17 
2343 25.94 
2345 21.15 
2347 19.61 
2349 38.56 
2351 8.56 
2353 18.26 
2355 13.49 
2357 46.92 
2359 23.72 
2361 24.64 
2363 21.07 
2365 16.33 
2367 25.03 
2369 10.18 
2370 5.14 
2370 0.14 
2370 0.07 
2370 0.16 
2370 103.71 
2372 61.42 
2374 58.27 
2376 25.00 
2378 26.09 
2379 25.10 
2381 25.93 
2383 11.74 
2385 7.77 
2387 16.23 
2389 20.91 
2391 38.75 
2393 17.33 
2395 28.09 
2397 18.11 
2399 29.79 
2400 0.46 
2400 0.11 
2400 0.08 
2402 31.33 
2403 45.46 
2405 45.72 
2407 44.57 
2409 29.86 
2411 27.60 
2413 21.27 
2415 34.62 
2417 29.13 
2419 25.97 
2421 29.04 
2423 21.57 
2425 23.31 
2427 29.80 
2429 19.62 
2430 16.76 
2430 0.17 
2430 0.10 
2432 89.89 
2434 23.60 
2435 53.24 
2437 51.90 
2439 23.55 
2441 18.46 
2443 36.27 
2445 32.38 
2447 30.69 
2449 21.18 
2451 21.39 
2453 13.91 
2455 15.60 
2457 14.76 
2459 25.65 
2460 8.14 
2460 0.11 
2460 0.07 
2460 0.16 
2460 100.54 
2461 62.40 
2463 52.76 
2465 41.64 
2467 45.26 
2469 48.63 
2471 20.67 
2473 21.29 
2475 30.10 
2477 27.11 
2479 43.27 
2481 20.18 
2483 19.78 
2484 18.58 
2486 13.56 
2488 18.36 
2490 11.36 
2490 0.17 
2490 0.11 
2490 0.23 
2490 101.13 
2492 64.10 
2494 33.35 
2496 23.80 
2498 94.71 
2500 28.77 
2502 29.46 
2503 33.13 
2505 14.10 
2507 15.38 
2509 20.56 
2511 8.64 
2513 21.76 
2515 13.13 
2517 21.43 
2519 16.02 
2520 4.15 
2520 0.16 
2520 1.25 
2520 0.14 
2520 103.40 
2522 77.26 
2524 90.74 
2526 48.65 
2527 37.10 
2529 18.84 
2531 22.11 
2533 19.58 
2535 20.42 
2537 28.21 
2539 9.44 
2540 13.70 
2542 17.94 
2544 23.42 
2546 16.15 
2548 16.02 
2550 11.22 
2550 0.12 
2550 1.42 
2550 0.11 
2550 100.62 
2552 62.08 
2554 61.47 
2556 56.93 
2558 22.78 
2560 13.95 
2561 45.59 
2563 30.81 
2565 62.36 
2567 16.54 
2569 22.31 
2571 17.67 
2573 6.24 
2575 15.73 
2577 19.41 
2579 43.71 
2580 11.39 
2580 0.09 
2580 1.05 
2580 0.11 
2580 101.57 
2581 50.19 
2583 23.57 
2585 28.19 
2587 28.58 
2589 46.39 
2591 21.50 
2593 40.16 
2595 86.50 
2597 10.80 
2598 38.15 
2600 13.34 
2602 30.52 
2604 25.64 
2606 20.90 
2608 22.93 
2610 9.32 
2610 0.18 
2610 1.65 
2610 0.59 
2610 101.14 
2611 53.43 
2613 86.33 
2615 94.36 
2617 71.24 
2619 41.73 
2621 37.97 
2623 18.69 
2625 26.67 
2626 31.36 
2628 26.08 
2630 16.76 
2632 20.49 
2634 8.93 
2636 21.97 
2638 12.31 
2640 14.73 
2640 0.09 
2640 0.20 
2640 0.34 
2640 104.05 
2642 81.06 
2644 37.74 
2646 52.66 
2648 51.75 
2650 26.19 
2651 40.08 
2653 24.54 
2655 38.07 
2657 23.34 
2659 28.47 
2661 35.57 
2663 55.64 
2665 23.71 
2667 15.83 
2668 49.95 
2670 14.38 
2670 0.17 
2670 0.17 
2670 0.26 
2670 100.77 
2671 68.42 
2673 44.18 
2675 37.50 
2677 80.93 
2679 27.42 
2681 45.53 
2682 29.10 
2684 21.55 
2686 23.40 
2688 31.71 
2690 26.57 
2692 18.82 
2694 15.25 
2696 21.48 
2697 17.89 
2699 11.37 
2700 0.24 
2700 3.93 
2700 0.24 
2701 32.26 
2703 93.16 
2705 65.51 
2707 79.01 
2709 35.82 
2711 50.80 
2713 36.52 
2715 34.76 
2717 32.77 
2719 7.32 
2721 34.27 
2723 22.94 
2725 42.01 
2727 41.99 
2729 31.05 
2730 38.84 
2730 0.09 
2730 0.12 
2730 0.49 
2730 101.57 
2731 56.64 
2733 63.62 
2735 52.66 
2737 45.25 
2739 50.13 
2741 45.24 
2743 37.66 
2745 28.48 
2747 34.26 
2749 36.13 
2751 22.99 
2753 27.54 
2755 56.90 
2757 13.85 
2759 26.26 
2760 8.31 
2760 0.07 
2760 1.67 
2760 0.13 
2760 102.37 
2761 52.76 
2763 61.06 
2765 44.89 
2767 39.62 
2769 37.02 
2771 66.73 
2773 16.01 
2775 19.63 
2777 26.95 
2779 30.10 
2781 36.02 
2783 17.74 
2785 19.72 
2787 34.42 
2789 28.86 
2790 3.96 
2790 0.09 
2790 1.12 
2790 0.17 
2790 100.96 
2791 79.29 
2793 72.11 
2795 54.75 
2797 74.01 
2799 33.09 
2801 42.07 
2803 38.73 
2805 24.39 
2807 102.26 
2809 32.05 
2811 49.01 
2813 10.74 
2814 12.70 
2816 12.03 
2818 57.95 
2820 46.14 
2820 0.09 
2820 0.17 
2820 0.19 
2820 102.31 
2822 87.36 
2824 42.00 
2825 99.43 
2827 63.02 
2829 42.88 
2831 35.13 
2833 32.76 
2835 48.20 
2837 94.05 
2839 16.14 
2841 100.87 
2843 37.77 
2845 33.06 
2846 37.89 
2848 32.49 
2850 7.39 
2850 0.13 
2850 1.75 
2850 0.13 
2850 101.82 
2851 45.93 
2853 68.37 
2855 57.13 
2857 44.32 
2859 59.45 
2861 33.28 
2863 34.10 
2865 27.60 
2867 34.63 
2868 48.08 
2870 21.23 
2872 19.85 
2874 34.07 
2876 29.91 
2878 41.64 
2880 17.94 
2880 0.10 
2880 0.08 
2880 0.15 
2880 100.27 
2882 93.48 
2884 56.04 
2886 56.98 
2888 57.76 
2890 53.84 
2892 48.45 
2893 22.00 
2895 40.22 
2897 34.06 
2899 27.60 
2901 23.68 
2903 60.54 
2905 10.25 
2907 24.32 
2909 15.83 
2910 6.88 
2910 0.11 
2910 1.00 
2910 0.13 
2910 99.84 
2911 64.75 
2913 40.52 
2915 58.86 
2917 69.21 
2919 45.27 
2921 68.94 
2923 46.73 
2925 37.10 
2927 10.57 
2929 20.34 
2930 33.01 
2932 11.87 
2934 20.51 
2936 66.43 
2938 30.57 
2940 59.57 
2940 0.15 
2940 0.14 
2940 0.15 
2942 56.24 
2943 89.44 
2945 57.58 
2947 37.85 
2949 26.12 
2951 41.62 
2953 29.55 
2954 39.25 
2956 39.83 
2958 41.59 
2960 33.84 
2962 26.58 
2964 13.36 
2966 31.11 
2968 29.18 
2970 50.03 
2970 0.11 
2970 0.25 
2970 0.11 
2970 100.51 
2972 87.93 
2973 100.64 
2975 71.03 
2977 58.65 
2979 41.33 
2981 59.82 
2983 46.54 
2985 38.37 
2987 26.79 
2989 23.79 
2990 22.28 
2992 20.18 
2994 12.26 
2996 16.14 
2998 12.29 
3000 13.87 
3000 0.45 
3000 0.13 
3000 0.96 
3001 62.18 
3003 38.68 
3005 37.74 
3007 63.86 
3009 61.14 
3011 61.52 
3013 35.96 
3015 43.00 
3017 36.84 
3019 24.33 
3021 17.34 
3022 23.61 
3024 47.49 
3026 14.47 
3028 52.08 
3030 24.86 
3030 0.11 
3030 0.11 
3030 0.19 
3030 100.62 
3031 26.31 
3033 94.33 
3035 51.59 
3037 27.53 
3039 45.98 
3041 28.07 
3043 45.36 
3044 16.76 
3046 21.71 
3048 39.81 
3050 33.11 
3052 37.76 
3054 24.00 
3056 28.24 
3057 17.86 
3059 33.24 
3060 0.08 
3060 0.10 
3060 0.13 
3062 94.54 
3064 65.99 
3066 88.00 
3068 34.46 
3069 24.18 
3071 22.95 
3073 23.32 
3075 37.56 
3077 26.76 
3079 46.91 
3081 17.46 
3083 22.52 
3084 27.80 
3086 20.33 
3088 34.47 
3090 18.75 
3090 0.37 
3090 0.12 
3090 0.19 
3090 100.56 
3092 94.12 
3094 90.88 
3095 55.71 
3097 45.70 
3099 35.84 
3101 37.37 
3103 26.00 
3105 33.35 
3107 15.23 
3108 30.81 
3110 14.02 
3112 17.03 
3114 40.46 
3116 61.31 
3117 61.06 
3119 34.62 
3120 0.22 
3120 0.15 
3120 0.38 
3122 94.98 
3124 102.05 
3126 95.74 
3128 83.78 
3130 68.68 
3132 50.64 
3133 29.89 
3135 25.33 
3137 21.53 
3139 28.35 
3141 30.96 
3143 25.64 
3144 27.74 
3146 22.11 
3148 9.26 
3150 14.58 
3150 0.17 
3150 0.18 
3150 0.16 
3150 100.58 
3152 77.81 
3153 80.95 
3155 43.30 
3157 58.39 
3159 24.04 
3161 45.04 
3163 23.01 
3165 25.87 
3166 24.09 
3168 11.70 
3170 19.12 
3172 14.99 
3174 16.90 
3176 17.48 
3178 7.29 
3180 51.55 
3180 0.25 
3180 0.27 
3180 0.19 
3181 66.51 
3183 57.58 
3185 69.35 
3187 26.31 
3189 27.54 
3191 37.67 
3193 29.07 
3194 25.57 
3196 49.71 
3198 31.37 
3200 21.02 
3202 49.19 
3204 23.13 
3206 29.65 
3208 36.57 
3209 9.76 
3210 0.17 
3210 0.33 
3210 0.20 
3211 81.07 
3213 67.09 
3215 35.52 
3217 60.37 
3219 26.28 
3221 35.92 
3223 30.41 
3225 26.09 
3227 27.02 
3228 30.24 
3230 29.94 
3232 13.54 
3234 22.98 
3236 7.88 
3238 24.08 
3239 22.06 
3240 0.12 
3240 0.19 
3240 0.09 
3242 78.99 
3244 82.50 
3246 81.85 
3248 38.35 
3250 44.51 
3252 34.83 
3254 37.15 
3256 34.63 
3258 26.26 
3259 11.85 
3261 20.49 
3263 45.86 
3265 36.40 
3267 15.91 
3269 6.86 
3270 0.17 
3270 0.11 
3270 1.03 
3271 76.72 
3273 58.73 
3275 37.87 
3277 36.55 
3279 40.46 
3281 54.28 
3283 4.72 
3284 21.52 
3286 25.96 
3288 18.56 
3290 8.19 
3292 22.52 
3294 11.99 
3296 20.69 
3297 46.49 
3299 28.22 
3300 0.10 
3300 0.17 
3300 0.17 
3302 93.40 
3304 101.91 
3306 20.09 
3308 66.57 
3310 51.19 
3312 49.02 
3314 40.86 
3316 95.10 
3317 19.08 
3319 13.29 
3321 8.82 
3323 18.69 
3325 21.42 
3327 12.43 
3328 4.96 
3330 4.45 
3330 0.11 
3330 0.38 
3330 0.11 
3330 101.86 
3331 69.75 
3333 103.97 
3335 45.75 
3337 70.90 
3339 32.53 
3341 34.17 
3342 32.39 
3344 29.62 
3346 24.33 
3348 14.96 
3350 56.01 
3352 22.96 
3354 37.32 
3356 21.01 
3358 21.67 
3359 62.97 
3360 0.11 
3360 0.21 
3360 0.13 
3361 87.69 
3363 33.90 
3365 35.27 
3367 37.08 
3369 16.56 
3371 57.93 
3373 27.28 
3375 24.62 
3377 43.03 
3379 39.14 
3381 29.36 
3382 8.70 
3384 24.96 
3386 5.28 
3388 10.28 
3390 10.87 
3390 0.15 
3390 0.20 
3390 0.22 
3390 102.64 
3392 91.49 
3394 39.10 
3396 66.38 
3398 28.65 
3400 22.81 
3401 18.61 
3403 7.67 
3405 25.64 
3407 28.91 
3409 15.07 
3411 19.95 
3413 25.01 
3415 15.61 
3416 27.51 
3418 13.06 
3420 7.86 
3420 0.15 
3420 0.20 
3420 0.17 
3420 103.31 
3422 92.99 
3424 54.12 
3426 52.28 
3428 52.05 
3430 14.61 
3432 22.29 
3434 32.17 
3436 35.26 
3438 21.48 
3439 36.13 
3441 14.75 
3443 26.96 
3445 16.37 
3447 23.78 
3449 16.67 
3450 0.43 
3450 0.14 
3450 0.97 
3451 71.34 
3453 37.91 
3455 55.78 
3457 35.05 
3459 32.72 
3461 18.20 
3463 23.80 
3465 43.07 
3467 48.82 
3469 11.49 
3471 24.14 
3473 12.40 
3475 28.10 
3477 20.01 
3479 24.47 
3480 7.08 
3480 0.09 
3480 0.16 
3480 0.15 
3480 99.96 
3481 70.14 
3483 70.95 
3485 48.97 
3487 55.14 
3489 23.05 
3491 23.82 
3492 15.33 
3494 28.75 
3496 22.45 
3498 32.89 
3500 26.50 
3502 49.83 
3504 24.06 
3506 24.70 
3508 11.90 
3509 20.02 
3510 0.16 
3510 0.17 
3510 0.20 
3511 100.33 
3513 11.54 
3515 25.73 
3517 25.93 
3519 33.28 
3521 13.60 
3522 49.27 
3524 20.63 
3526 24.35 
3528 22.23 
3530 45.36 
3532 30.66 
3534 17.57 
3536 31.27 
3538 28.77 
3540 20.90 
3540 0.13 
3540 0.23 
3540 0.15 
3540 102.74 
3542 31.47 
3544 31.07 
3546 30.70 
3548 36.10 
3549 19.12 
3551 13.49 
3553 23.24 
3555 33.53 
3557 29.65 
3559 9.11 
3561 24.20 
3563 5.94 
3565 8.11 
3566 17.40 
3568 11.84 
3570 11.04 
3570 0.17 
3570 0.20 
3570 0.20 
3570 100.52 
3572 29.48 
3574 47.39 
3576 47.85 
3578 43.14 
3580 27.82 
3582 19.46 
3583 25.57 
3585 44.41 
3587 14.45 
3589 16.00 
3591 15.10 
3593 18.39 
3595 19.42 
3597 26.77 
3599 42.44 
3600 0.77 
3600 0.16 
3600 0.14 
3602 75.78 
3604 28.14 
3606 39.08 
3608 21.66 
3610 64.47 
3612 17.11 
3614 14.52 
3616 22.79 
3618 13.69 
3620 88.88 
3622 18.17 
3623 11.02 
3625 20.72 
3627 6.33 
3629 7.22 
3630 0.43 
31 25.38 
33 38.48 
35 17.00 
37 13.67 
39 11.66 
41 16.72 
43 39.89 
45 50.28 
47 20.06 
49 5.31 
51 8.66 
53 14.22 
55 6.98 
57 9.59 
59 6.19 
60 2.90 
60 0.13 
60 1.03 
60 0.18 
60 100.17 
62 45.46 
64 25.93 
66 29.54 
68 15.61 
70 10.65 
72 27.11 
74 35.81 
76 28.43 
78 10.00 
80 16.79 
82 10.11 
84 50.44 
86 14.68 
88 19.66 
90 5.11 
90 0.17 
90 0.11 
90 0.28 
91 67.00 
93 22.68 
95 22.47 
97 26.45 
99 11.78 
101 44.99 
103 15.89 
105 22.21 
107 19.10 
109 17.88 
111 20.77 
113 27.92 
115 13.46 
117 25.89 
119 32.09 
120 0.18 
120 0.17 
120 0.15 
