25 201 0.0066890716552734375 1 1
26 201 0.004509925842285156 1 1
27 201 0.008275747299194336 1 1
28 201 0.004374504089355469 1 1
29 201 0.01267385482788086 1 1
54 201 0.003844022750854492 1 1
56 201 0.005455732345581055 1 1
57 201 0.01802849769592285 1 1
58 201 0.0037412643432617188 1 1
59 201 0.005922079086303711 1 1
85 201 0.005597591400146484 1 1
86 201 0.007687091827392578 1 1
87 201 0.004930734634399414 1 1
88 201 0.005619525909423828 1 1
89 201 0.00679779052734375 1 1
115 201 0.0051631927490234375 1 1
116 201 0.005349874496459961 1 1
116 201 0.005316734313964844 1 1
117 201 0.003764629364013672 1 1
118 201 0.004435062408447266 1 1
145 201 0.004575014114379883 1 1
146 201 0.005557537078857422 1 1
147 201 0.004777431488037109 1 1
147 201 0.00467991828918457 1 1
148 201 0.0044214725494384766 1 1
175 201 0.004563570022583008 1 1
176 201 0.006185293197631836 1 1
177 201 0.005260944366455078 1 1
178 201 0.00466609001159668 1 1
179 201 0.004347801208496094 1 1
204 201 0.003732919692993164 1 1
205 201 0.00598907470703125 1 1
207 201 0.004533529281616211 1 1
208 201 0.00851583480834961 1 1
209 201 0.004399538040161133 1 1
235 201 0.003816366195678711 1 1
236 201 0.004729509353637695 1 1
236 201 0.00573420524597168 1 1
237 201 0.006655693054199219 1 1
238 201 0.004331350326538086 1 1
264 201 0.003365039825439453 1 1
265 201 0.004608631134033203 1 1
266 201 0.004482269287109375 1 1
267 201 0.005115032196044922 1 1
268 201 0.00518488883972168 1 1
294 201 0.003977298736572266 1 1
295 201 0.0050470829010009766 1 1
296 201 0.004472017288208008 1 1
297 201 0.006304264068603516 1 1
298 201 0.004249095916748047 1 1
325 201 0.004595756530761719 1 1
326 201 0.006137371063232422 1 1
327 201 0.005582094192504883 1 1
328 201 0.0040569305419921875 1 1
329 201 0.004507303237915039 1 1
355 201 0.005629539489746094 1 1
356 201 0.0056912899017333984 1 1
357 201 0.005815267562866211 1 1
358 201 0.006248950958251953 1 1
358 201 0.004438161849975586 1 1
385 201 0.006176471710205078 1 1
386 201 0.0055389404296875 1 1
387 201 0.006102800369262695 1 1
388 201 0.004860877990722656 1 1
389 201 0.005032062530517578 1 1
414 201 0.005781888961791992 1 1
415 201 0.004221200942993164 1 1
416 201 0.004518270492553711 1 1
417 201 0.005553245544433594 1 1
418 201 0.00424957275390625 1 1
444 201 0.010066509246826172 1 1
445 201 0.004258632659912109 1 1
446 201 0.003943443298339844 1 1
447 201 0.004492998123168945 1 1
448 201 0.004252433776855469 1 1
474 201 0.004572153091430664 1 1
475 201 0.004848003387451172 1 1
476 201 0.004721164703369141 1 1
477 201 0.004537105560302734 1 1
478 201 0.004937410354614258 1 1
504 201 0.005560636520385742 1 1
505 201 0.003943204879760742 1 1
506 201 0.004255056381225586 1 1
507 201 0.0037810802459716797 1 1
508 201 0.002827882766723633 1 1
534 201 0.004263162612915039 1 1
535 201 0.004521846771240234 1 1
536 201 0.004606008529663086 1 1
537 201 0.0038809776306152344 1 1
538 201 0.0034284591674804688 1 1
564 201 0.003988981246948242 1 1
565 201 0.0047991275787353516 1 1
566 201 0.004815340042114258 1 1
567 201 0.0043163299560546875 1 1
568 201 0.0049896240234375 1 1
594 201 0.004168272018432617 1 1
595 201 0.0053369998931884766 1 1
596 201 0.005580902099609375 1 1
597 201 0.007774829864501953 1 1
598 201 0.004282712936401367 1 1
624 201 0.004113674163818359 1 1
625 201 0.006886482238769531 1 1
626 201 0.004956960678100586 1 1
627 201 0.0040836334228515625 1 1
628 201 0.003945827484130859 1 1
654 201 0.0037245750427246094 1 1
655 201 0.003823518753051758 1 1
656 201 0.0074062347412109375 1 1
657 201 0.003968477249145508 1 1
658 201 0.0041048526763916016 1 1
684 201 0.0038945674896240234 1 1
685 201 0.005254268646240234 1 1
686 201 0.004391193389892578 1 1
687 201 0.005425930023193359 1 1
688 201 0.004806041717529297 1 1
714 201 0.0077915191650390625 1 1
715 201 0.003747224807739258 1 1
716 201 0.006415843963623047 1 1
717 201 0.005480766296386719 1 1
718 201 0.005342721939086914 1 1
744 201 0.004173994064331055 1 1
745 201 0.004616260528564453 1 1
746 201 0.004014253616333008 1 1
747 201 0.005879878997802734 1 1
748 201 0.00661778450012207 1 1
774 201 0.0042421817779541016 1 1
775 201 0.0040416717529296875 1 1
776 201 0.004572868347167969 1 1
777 201 0.005378246307373047 1 1
778 201 0.0055959224700927734 1 1
804 201 0.0039055347442626953 1 1
805 201 0.004364490509033203 1 1
806 201 0.007469892501831055 1 1
807 201 0.006274700164794922 1 1
808 201 0.0041277408599853516 1 1
834 201 0.004510641098022461 1 1
835 201 0.008249521255493164 1 1
836 201 0.003986835479736328 1 1
837 201 0.003973484039306641 1 1
838 201 0.0039708614349365234 1 1
864 201 0.004276275634765625 1 1
865 201 0.004350423812866211 1 1
866 201 0.00561213493347168 1 1
867 201 0.005554914474487305 1 1
868 201 0.004166603088378906 1 1
894 201 0.0040476322174072266 1 1
895 201 0.00414586067199707 1 1
896 201 0.0035474300384521484 1 1
897 201 0.005506038665771484 1 1
898 201 0.004224061965942383 1 1
924 201 0.0048334598541259766 1 1
925 201 0.0050449371337890625 1 1
926 201 0.004619121551513672 1 1
927 201 0.0037450790405273438 1 1
928 201 0.00576329231262207 1 1
954 201 0.0043261051177978516 1 1
955 201 0.003706693649291992 1 1
956 201 0.003670215606689453 1 1
957 201 0.004356861114501953 1 1
958 201 0.004155635833740234 1 1
984 201 0.00472712516784668 1 1
985 201 0.0038864612579345703 1 1
986 201 0.004047870635986328 1 1
987 201 0.005493640899658203 1 1
988 201 0.003189563751220703 1 1
1014 201 0.004589080810546875 1 1
1015 201 0.003511190414428711 1 1
1016 201 0.0037260055541992188 1 1
1017 201 0.003928184509277344 1 1
1018 201 0.003835439682006836 1 1
1044 201 0.004685163497924805 1 1
1045 201 0.007701873779296875 1 1
1046 201 0.0035822391510009766 1 1
1047 201 0.005254507064819336 1 1
1048 201 0.00426793098449707 1 1
1074 201 0.004673004150390625 1 1
1075 201 0.0029909610748291016 1 1
1076 201 0.00372314453125 1 1
1077 201 0.003632783889770508 1 1
1078 201 0.0034554004669189453 1 1
1104 201 0.003594636917114258 1 1
1105 201 0.0042836666107177734 1 1
1106 201 0.0038356781005859375 1 1
1107 201 0.004431009292602539 1 1
1108 201 0.003689289093017578 1 1
1134 201 0.0038671493530273438 1 1
1135 201 0.0061609745025634766 1 1
1136 201 0.0034096240997314453 1 1
1137 201 0.004062175750732422 1 1
1138 201 0.0057697296142578125 1 1
1164 201 0.004412412643432617 1 1
1165 201 0.0038585662841796875 1 1
1166 201 0.003376007080078125 1 1
1167 201 0.003255605697631836 1 1
1168 201 0.003731966018676758 1 1
1194 201 0.0036025047302246094 1 1
1195 201 0.006589174270629883 1 1
1196 201 0.003761768341064453 1 1
1197 201 0.00438237190246582 1 1
1198 201 0.006445407867431641 1 1
1224 201 0.0037992000579833984 1 1
1225 201 0.0034973621368408203 1 1
1226 201 0.003753662109375 1 1
1227 201 0.005114078521728516 1 1
1228 201 0.004662752151489258 1 1
1254 201 0.0035920143127441406 1 1
1255 201 0.004596710205078125 1 1
1256 201 0.004279613494873047 1 1
1257 201 0.00402522087097168 1 1
1258 201 0.003969669342041016 1 1
1284 201 0.003760099411010742 1 1
1285 201 0.0056765079498291016 1 1
1286 201 0.0035398006439208984 1 1
1287 201 0.0037255287170410156 1 1
1288 201 0.004476070404052734 1 1
1314 201 0.0036919116973876953 1 1
1315 201 0.0054035186767578125 1 1
1316 201 0.004013538360595703 1 1
1317 201 0.004265546798706055 1 1
1318 201 0.005716800689697266 1 1
1344 201 0.003663778305053711 1 1
1345 201 0.004660367965698242 1 1
1346 201 0.004849433898925781 1 1
1347 201 0.004790306091308594 1 1
1348 201 0.004081249237060547 1 1
1374 201 0.00467681884765625 1 1
1375 201 0.006081104278564453 1 1
1376 201 0.00542902946472168 1 1
1377 201 0.0038595199584960938 1 1
1378 201 0.003978729248046875 1 1
1404 201 0.003961801528930664 1 1
1405 201 0.005178689956665039 1 1
1406 201 0.0044591426849365234 1 1
1407 201 0.003914594650268555 1 1
1408 201 0.005849599838256836 1 1
1434 201 0.0037450790405273438 1 1
1435 201 0.004787445068359375 1 1
1436 201 0.003938913345336914 1 1
1437 201 0.00437474250793457 1 1
1438 201 0.004817962646484375 1 1
1464 201 0.004784584045410156 1 1
1465 201 0.004920482635498047 1 1
1466 201 0.003662109375 1 1
1467 201 0.003746509552001953 1 1
1468 201 0.005033254623413086 1 1
1494 201 0.004752159118652344 1 1
1495 201 0.007847309112548828 1 1
1496 201 0.004406452178955078 1 1
1497 201 0.005332231521606445 1 1
1498 201 0.004637002944946289 1 1
1524 201 0.003677845001220703 1 1
1525 201 0.004620790481567383 1 1
1526 201 0.004731655120849609 1 1
1527 201 0.00504302978515625 1 1
1528 201 0.007581949234008789 1 1
1554 201 0.0048487186431884766 1 1
1555 201 0.004876136779785156 1 1
1556 201 0.0066106319427490234 1 1
1557 201 0.004601478576660156 1 1
1558 201 0.004660606384277344 1 1
1584 201 0.004229307174682617 1 1
1585 201 0.005366325378417969 1 1
1586 201 0.005998134613037109 1 1
1587 201 0.006363630294799805 1 1
1588 201 0.0038988590240478516 1 1
1614 201 0.004962444305419922 1 1
1615 201 0.004341602325439453 1 1
1616 201 0.003906965255737305 1 1
1617 201 0.004321098327636719 1 1
1618 201 0.003930807113647461 1 1
1644 201 0.0046803951263427734 1 1
1645 201 0.0047283172607421875 1 1
1646 201 0.004611015319824219 1 1
1647 201 0.0044596195220947266 1 1
1648 201 0.0039958953857421875 1 1
1674 201 0.0048830509185791016 1 1
1675 201 0.0039746761322021484 1 1
1676 201 0.0044651031494140625 1 1
1677 201 0.003988504409790039 1 1
1678 201 0.003967761993408203 1 1
1704 201 0.006263017654418945 1 1
1705 201 0.005761623382568359 1 1
1706 201 0.0039577484130859375 1 1
1707 201 0.00440526008605957 1 1
1708 201 0.004276275634765625 1 1
1734 201 0.004722118377685547 1 1
1735 201 0.0049571990966796875 1 1
1736 201 0.004434108734130859 1 1
1737 201 0.005131721496582031 1 1
1739 201 0.005526304244995117 1 1
1764 201 0.0047969818115234375 1 1
1766 201 0.007672786712646484 1 1
1766 201 0.004811286926269531 1 1
1767 201 0.004406452178955078 1 1
1768 201 0.004294395446777344 1 1
1795 201 0.007487297058105469 1 1
1796 201 0.004195213317871094 1 1
1797 201 0.003979921340942383 1 1
1798 201 0.004415035247802734 1 1
1799 201 0.004285573959350586 1 1
1825 201 0.005621910095214844 1 1
1826 201 0.007761716842651367 1 1
1826 201 0.005734682083129883 1 1
1827 201 0.00518035888671875 1 1
1828 201 0.004723787307739258 1 1
1854 201 0.004481315612792969 1 1
1855 201 0.004873991012573242 1 1
1856 201 0.0049686431884765625 1 1
1857 201 0.004773616790771484 1 1
1858 201 0.004174470901489258 1 1
1884 201 0.0040204524993896484 1 1
1885 201 0.005307197570800781 1 1
1886 201 0.0055501461029052734 1 1
1887 201 0.004709959030151367 1 1
1888 201 0.004998922348022461 1 1
1914 201 0.00445556640625 1 1
1915 201 0.00568842887878418 1 1
1916 201 0.004427194595336914 1 1
1917 201 0.0069065093994140625 1 1
1918 201 0.004230022430419922 1 1
1944 201 0.0068514347076416016 1 1
1945 201 0.0055446624755859375 1 1
1946 201 0.00469660758972168 1 1
1947 201 0.006386995315551758 1 1
1948 201 0.005949258804321289 1 1
1975 201 0.004157543182373047 1 1
1976 201 0.00606989860534668 1 1
1977 201 0.00596165657043457 1 1
1978 201 0.005787372589111328 1 1
1979 201 0.0056040287017822266 1 1
2005 201 0.005429983139038086 1 1
2005 201 0.005480051040649414 1 1
2006 201 0.007417917251586914 1 1
2007 201 0.005080461502075195 1 1
2008 201 0.005797624588012695 1 1
2035 201 0.0045621395111083984 1 1
2036 201 0.005347251892089844 1 1
2037 201 0.004730224609375 1 1
2038 201 0.006590127944946289 1 1
2039 201 0.004647493362426758 1 1
2065 201 0.004920005798339844 1 1
2066 201 0.005632877349853516 1 1
2067 201 0.005129575729370117 1 1
2068 201 0.005064964294433594 1 1
2069 201 0.0046808719635009766 1 1
2095 201 0.004567384719848633 1 1
2096 201 0.004196643829345703 1 1
2097 201 0.00466156005859375 1 1
2098 201 0.005360841751098633 1 1
2099 201 0.004821300506591797 1 1
2125 201 0.004446983337402344 1 1
2126 201 0.005183696746826172 1 1
2127 201 0.0051920413970947266 1 1
2128 201 0.005271434783935547 1 1
2129 201 0.005852937698364258 1 1
2155 201 0.004408121109008789 1 1
2156 201 0.004658222198486328 1 1
2156 201 0.005704641342163086 1 1
2157 201 0.0054988861083984375 1 1
2158 201 0.005151987075805664 1 1
2184 201 0.005244731903076172 1 1
2185 201 0.0034542083740234375 1 1
2186 201 0.0047376155853271484 1 1
2187 201 0.004908323287963867 1 1
2188 201 0.0044248104095458984 1 1
2214 201 0.004692792892456055 1 1
2215 201 0.007936716079711914 1 1
2216 201 0.005013227462768555 1 1
2217 201 0.0045621395111083984 1 1
2218 201 0.004208087921142578 1 1
2245 201 0.006669759750366211 1 1
2246 201 0.006275177001953125 1 1
2247 201 0.006293535232543945 1 1
2248 201 0.005280971527099609 1 1
2249 201 0.007025957107543945 1 1
2274 201 0.0043485164642333984 1 1
2275 201 0.005156755447387695 1 1
2276 201 0.004558086395263672 1 1
2277 201 0.003572702407836914 1 1
2278 201 0.006597042083740234 1 1
2305 201 0.005541801452636719 1 1
2305 201 0.004766702651977539 1 1
2306 201 0.004118204116821289 1 1
2307 201 0.004118442535400391 1 1
2308 201 0.005640268325805664 1 1
2334 201 0.003465414047241211 1 1
2335 201 0.004874229431152344 1 1
2336 201 0.004838228225708008 1 1
2337 201 0.0060384273529052734 1 1
2338 201 0.004608631134033203 1 1
2365 201 0.004648685455322266 1 1
2365 201 0.0040400028228759766 1 1
2366 201 0.004622697830200195 1 1
2368 201 0.004696846008300781 1 1
2369 201 0.004330158233642578 1 1
2395 201 0.006118297576904297 1 1
2396 201 0.004912614822387695 1 1
2396 201 0.003299713134765625 1 1
2397 201 0.0041790008544921875 1 1
2398 201 0.004755258560180664 1 1
2424 201 0.004602193832397461 1 1
2425 201 0.003930568695068359 1 1
2426 201 0.004461526870727539 1 1
2427 201 0.004671335220336914 1 1
2428 201 0.003504514694213867 1 1
2454 201 0.004399776458740234 1 1
2455 201 0.0050504207611083984 1 1
2456 201 0.0038080215454101562 1 1
2457 201 0.003940105438232422 1 1
2458 201 0.010620832443237305 1 1
2484 201 0.004660367965698242 1 1
2485 201 0.004787445068359375 1 1
2486 201 0.005185604095458984 1 1
2487 201 0.006453990936279297 1 1
2488 201 0.003950595855712891 1 1
2514 201 0.007835865020751953 1 1
2515 201 0.003940105438232422 1 1
2516 201 0.002964496612548828 1 1
2517 201 0.0035712718963623047 1 1
2518 201 0.004351615905761719 1 1
2544 201 0.004147529602050781 1 1
2545 201 0.0037348270416259766 1 1
2546 201 0.0052928924560546875 1 1
2547 201 0.0038361549377441406 1 1
2548 201 0.0035762786865234375 1 1
2574 201 0.005061149597167969 1 1
2575 201 0.004579782485961914 1 1
2576 201 0.005058765411376953 1 1
2577 201 0.004434347152709961 1 1
2578 201 0.008320808410644531 1 1
2604 201 0.0036475658416748047 1 1
2605 201 0.005211353302001953 1 1
2606 201 0.004208564758300781 1 1
2607 201 0.005077362060546875 1 1
2608 201 0.004042625427246094 1 1
2634 201 0.004572391510009766 1 1
2635 201 0.004304409027099609 1 1
2636 201 0.00492095947265625 1 1
2637 201 0.0030171871185302734 1 1
2638 201 0.004918336868286133 1 1
2664 201 0.0039098262786865234 1 1
2665 201 0.004343271255493164 1 1
2666 201 0.00401616096496582 1 1
2667 201 0.00583958625793457 1 1
2668 201 0.0046536922454833984 1 1
2694 201 0.004160165786743164 1 1
2695 201 0.0040798187255859375 1 1
2696 201 0.003941774368286133 1 1
2697 201 0.003988742828369141 1 1
2698 201 0.004792451858520508 1 1
2724 201 0.004103183746337891 1 1
2725 201 0.0037479400634765625 1 1
2726 201 0.00543212890625 1 1
2727 201 0.004519224166870117 1 1
2728 201 0.004926443099975586 1 1
2754 201 0.004132986068725586 1 1
2755 201 0.004418849945068359 1 1
2756 201 0.005697488784790039 1 1
2757 201 0.0042266845703125 1 1
2758 201 0.0053005218505859375 1 1
2784 201 0.0037012100219726562 1 1
2785 201 0.003588438034057617 1 1
2786 201 0.005281925201416016 1 1
2787 201 0.00481867790222168 1 1
2788 201 0.004128456115722656 1 1
2814 201 0.00458836555480957 1 1
2815 201 0.0036716461181640625 1 1
2816 201 0.005860805511474609 1 1
2817 201 0.0036287307739257812 1 1
2818 201 0.0033500194549560547 1 1
2844 201 0.0036880970001220703 1 1
2845 201 0.0057027339935302734 1 1
2846 201 0.00462031364440918 1 1
2847 201 0.0037713050842285156 1 1
2848 201 0.003537416458129883 1 1
2874 201 0.0038352012634277344 1 1
2875 201 0.004255771636962891 1 1
2876 201 0.004480123519897461 1 1
2877 201 0.004194974899291992 1 1
2878 201 0.004010200500488281 1 1
2904 201 0.0047760009765625 1 1
2905 201 0.003970623016357422 1 1
2906 201 0.003852367401123047 1 1
2907 201 0.003285646438598633 1 1
2908 201 0.005258083343505859 1 1
2934 201 0.007712602615356445 1 1
2935 201 0.003359079360961914 1 1
2936 201 0.005809307098388672 1 1
2937 201 0.0035402774810791016 1 1
2938 201 0.008104085922241211 1 1
2964 201 0.004969358444213867 1 1
2965 201 0.003114938735961914 1 1
2966 201 0.003509044647216797 1 1
2967 201 0.003905773162841797 1 1
2968 201 0.003838062286376953 1 1
2994 201 0.005196332931518555 1 1
2995 201 0.0033752918243408203 1 1
2996 201 0.003874540328979492 1 1
2997 201 0.005274772644042969 1 1
2998 201 0.0037240982055664062 1 1
3024 201 0.0041522979736328125 1 1
3025 201 0.00330352783203125 1 1
3026 201 0.004290103912353516 1 1
3027 201 0.00394129753112793 1 1
3028 201 0.0035619735717773438 1 1
3054 201 0.0034089088439941406 1 1
3055 201 0.007930278778076172 1 1
3056 201 0.004545688629150391 1 1
3057 201 0.003977060317993164 1 1
3058 201 0.004529476165771484 1 1
3084 201 0.0036163330078125 1 1
3085 201 0.00556492805480957 1 1
3086 201 0.004958152770996094 1 1
3087 201 0.0037806034088134766 1 1
3088 201 0.003762483596801758 1 1
3114 201 0.004080772399902344 1 1
3115 201 0.005480051040649414 1 1
3116 201 0.003561258316040039 1 1
3117 201 0.005076408386230469 1 1
3118 201 0.007628202438354492 1 1
3144 201 0.003651857376098633 1 1
3145 201 0.004308462142944336 1 1
3146 201 0.004035234451293945 1 1
3147 201 0.0030586719512939453 1 1
3148 201 0.003448963165283203 1 1
3174 201 0.006524085998535156 1 1
3175 201 0.004775047302246094 1 1
3176 201 0.004704713821411133 1 1
3177 201 0.0064754486083984375 1 1
3178 201 0.004944801330566406 1 1
3204 201 0.0036406517028808594 1 1
3205 201 0.0040111541748046875 1 1
3206 201 0.0060579776763916016 1 1
3207 201 0.004571437835693359 1 1
3208 201 0.004065990447998047 1 1
3234 201 0.004256248474121094 1 1
3235 201 0.0037717819213867188 1 1
3236 201 0.003705739974975586 1 1
3237 201 0.004303932189941406 1 1
3238 201 0.0032262802124023438 1 1
3264 201 0.004805088043212891 1 1
3265 201 0.003686666488647461 1 1
3266 201 0.004545688629150391 1 1
3267 201 0.005039691925048828 1 1
3268 201 0.0036873817443847656 1 1
3294 201 0.004097938537597656 1 1
3295 201 0.0036096572875976562 1 1
3296 201 0.005179405212402344 1 1
3297 201 0.0033926963806152344 1 1
3298 201 0.003728151321411133 1 1
3324 201 0.0042951107025146484 1 1
3325 201 0.006166934967041016 1 1
3326 201 0.0055315494537353516 1 1
3327 201 0.003774404525756836 1 1
3328 201 0.004068613052368164 1 1
3354 201 0.0037949085235595703 1 1
3355 201 0.004003047943115234 1 1
3356 201 0.003217935562133789 1 1
3357 201 0.00457453727722168 1 1
3358 201 0.0044252872467041016 1 1
3384 201 0.0044324398040771484 1 1
3385 201 0.004805326461791992 1 1
3386 201 0.003477811813354492 1 1
3387 201 0.0033969879150390625 1 1
3388 201 0.005142927169799805 1 1
3414 201 0.004325389862060547 1 1
3415 201 0.0040667057037353516 1 1
3416 201 0.004148006439208984 1 1
3417 201 0.005545377731323242 1 1
3418 201 0.005584239959716797 1 1
3444 201 0.005574464797973633 1 1
3445 201 0.005635976791381836 1 1
3446 201 0.0043828487396240234 1 1
3447 201 0.005387067794799805 1 1
3448 201 0.0040950775146484375 1 1
3474 201 0.004320621490478516 1 1
3475 201 0.0046198368072509766 1 1
3476 201 0.0061914920806884766 1 1
3477 201 0.004574775695800781 1 1
3478 201 0.0037217140197753906 1 1
3504 201 0.004044294357299805 1 1
3505 201 0.0044324398040771484 1 1
3506 201 0.0045528411865234375 1 1
3507 201 0.0036911964416503906 1 1
3508 201 0.005450010299682617 1 1
3534 201 0.004758358001708984 1 1
3535 201 0.004665374755859375 1 1
3536 201 0.00546574592590332 1 1
3537 201 0.0037534236907958984 1 1
3538 201 0.0038928985595703125 1 1
3564 201 0.004114389419555664 1 1
3565 201 0.004473447799682617 1 1
3566 201 0.004992008209228516 1 1
3567 201 0.0054624080657958984 1 1
3568 201 0.005501985549926758 1 1
3594 201 0.00415349006652832 1 1
3595 201 0.0042819976806640625 1 1
3596 201 0.005051851272583008 1 1
3597 201 0.004014492034912109 1 1
3598 201 0.0040531158447265625 1 1
3624 201 0.004334449768066406 1 1
3625 201 0.0073010921478271484 1 1
3626 201 0.004526853561401367 1 1
3627 201 0.003988981246948242 1 1
3628 201 0.01221466064453125 1 1
54 201 0.004083871841430664 1 1
55 201 0.005187273025512695 1 1
56 201 0.0056056976318359375 1 1
57 201 0.006691932678222656 1 1
58 201 0.004938602447509766 1 1
85 201 0.004801273345947266 1 1
86 201 0.006399631500244141 1 1
87 201 0.0056841373443603516 1 1
88 201 0.006289005279541016 1 1
89 201 0.004481315612792969 1 1
115 201 0.010435342788696289 1 1
116 201 0.005101919174194336 1 1
117 201 0.004517555236816406 1 1
118 201 0.008575916290283203 1 1
119 201 0.008458614349365234 1 1
