1 0.31 
3 0.43 
5 0.49 
7 0.43 
9 0.40 
11 0.51 
13 0.28 
15 0.41 
17 0.31 
19 0.44 
21 0.43 
23 0.37 
25 0.44 
27 0.33 
29 0.26 
30 0.04 
30 0.03 
30 0.12 
31 0.37 
33 0.58 
35 0.26 
37 0.42 
39 0.33 
41 0.31 
43 0.60 
45 0.48 
47 0.29 
49 0.35 
51 0.40 
53 1.21 
55 0.31 
57 0.31 
59 0.27 
60 0.03 
60 0.04 
60 0.06 
61 0.64 
63 0.23 
65 0.57 
67 0.43 
69 0.38 
71 0.34 
73 0.42 
75 0.59 
77 0.36 
79 0.69 
81 0.26 
83 0.24 
85 0.15 
87 0.56 
89 0.34 
90 0.09 
90 0.06 
90 0.03 
91 0.13 
93 0.44 
95 0.39 
97 0.23 
99 0.42 
101 0.67 
103 0.48 
105 0.35 
107 0.24 
109 0.20 
111 0.31 
113 0.30 
115 0.25 
117 0.53 
119 0.30 
120 0.26 
120 0.08 
120 0.06 
122 0.39 
124 0.41 
126 0.52 
128 0.49 
130 0.26 
132 0.23 
134 0.22 
136 0.35 
138 0.45 
140 0.44 
142 0.58 
144 0.64 
146 0.45 
148 0.34 
150 0.25 
150 0.03 
150 0.04 
150 0.04 
152 0.23 
154 0.25 
156 0.76 
158 0.33 
160 0.26 
162 0.26 
164 0.57 
165 0.33 
167 0.12 
169 0.26 
171 0.40 
173 0.35 
175 0.26 
177 0.31 
179 0.72 
180 0.05 
180 0.14 
180 0.04 
181 0.32 
183 0.53 
185 0.39 
187 0.41 
189 0.43 
191 0.53 
193 0.64 
195 0.20 
197 0.22 
199 0.28 
201 0.46 
203 0.44 
205 0.37 
207 0.45 
209 0.73 
210 0.05 
210 0.03 
210 0.11 
212 0.25 
214 0.45 
216 0.22 
218 0.28 
220 0.42 
222 0.39 
224 0.21 
226 0.40 
228 0.34 
230 0.38 
232 0.43 
234 0.37 
236 0.30 
238 0.48 
240 0.37 
240 0.03 
240 0.04 
240 0.04 
242 1.05 
244 0.77 
246 0.49 
248 0.43 
250 0.51 
252 0.42 
254 1.11 
256 0.79 
258 0.35 
260 0.68 
262 0.62 
264 0.82 
266 0.45 
267 0.43 
269 0.69 
270 0.02 
270 0.07 
270 0.10 
271 0.68 
273 0.44 
275 0.72 
277 0.51 
279 0.44 
281 0.42 
283 0.32 
285 0.82 
287 0.51 
289 0.48 
291 0.48 
293 0.73 
295 0.84 
297 0.38 
299 0.70 
300 0.04 
300 0.05 
300 0.06 
302 0.88 
304 0.70 
306 0.38 
308 0.23 
310 0.66 
312 0.50 
314 0.89 
316 1.01 
318 1.05 
320 0.31 
322 0.46 
324 0.85 
326 0.61 
328 0.66 
330 0.57 
330 0.03 
330 0.03 
330 0.07 
332 0.71 
333 0.75 
335 0.58 
337 0.75 
339 0.88 
341 0.94 
343 0.40 
345 0.72 
347 0.71 
349 0.65 
351 0.54 
353 0.61 
355 0.46 
357 0.60 
359 0.76 
360 0.06 
360 0.09 
360 0.06 
361 0.46 
363 0.20 
365 0.53 
367 0.49 
369 0.63 
371 0.53 
373 0.33 
375 0.54 
377 0.56 
379 0.49 
381 0.60 
383 0.36 
385 1.44 
387 0.45 
389 0.77 
390 0.26 
390 0.03 
390 0.04 
392 0.99 
394 1.18 
396 0.60 
398 0.64 
400 0.75 
402 0.60 
404 0.43 
406 0.67 
408 0.78 
409 0.35 
411 0.35 
413 0.63 
415 0.78 
417 0.84 
419 0.72 
420 0.04 
420 0.03 
420 0.10 
421 0.64 
423 0.40 
425 0.52 
427 0.59 
429 0.63 
431 0.45 
433 0.53 
435 0.67 
437 0.48 
439 0.42 
441 0.51 
443 0.46 
445 0.32 
447 0.96 
449 0.44 
450 0.06 
450 0.05 
450 0.04 
452 0.69 
454 0.21 
456 0.28 
458 0.40 
460 0.42 
462 0.73 
463 0.72 
465 0.59 
467 0.55 
469 0.65 
471 0.46 
473 0.59 
475 0.26 
477 0.47 
479 0.61 
480 0.13 
480 0.03 
480 0.06 
482 0.47 
484 1.21 
486 0.85 
488 0.83 
490 1.44 
491 0.75 
493 1.31 
495 0.83 
497 0.82 
499 0.81 
501 0.51 
503 0.84 
505 0.39 
507 0.35 
509 0.95 
510 0.11 
510 0.04 
510 0.07 
512 0.71 
514 1.11 
516 0.76 
518 0.65 
520 1.03 
522 0.71 
524 1.11 
525 0.59 
527 0.38 
529 0.69 
531 0.85 
533 0.52 
535 0.66 
537 0.92 
539 0.96 
540 0.03 
540 0.05 
540 0.05 
541 0.34 
543 0.70 
545 1.08 
547 0.64 
549 0.85 
551 0.37 
553 0.61 
555 0.79 
557 0.58 
559 0.70 
560 0.58 
562 0.61 
564 0.61 
566 0.70 
568 0.95 
570 1.13 
570 0.05 
570 0.06 
570 0.04 
572 0.48 
574 1.10 
576 0.92 
577 0.64 
579 0.66 
581 0.63 
583 1.02 
585 0.70 
587 0.73 
589 0.92 
591 0.72 
593 1.06 
595 0.59 
597 0.54 
599 0.60 
600 0.03 
600 0.06 
600 0.03 
602 0.36 
604 0.66 
606 0.36 
608 0.56 
610 0.53 
611 0.34 
613 0.49 
615 0.86 
617 0.70 
619 0.57 
621 0.80 
623 0.76 
625 0.44 
627 0.84 
629 0.78 
630 0.17 
630 0.03 
630 0.16 
632 0.47 
634 1.04 
636 0.76 
637 0.39 
639 0.82 
641 0.98 
643 0.83 
645 0.51 
647 0.65 
649 0.81 
651 1.20 
653 0.37 
655 0.87 
657 0.58 
659 1.01 
660 0.19 
660 0.12 
660 0.07 
662 0.55 
664 0.73 
666 0.63 
668 1.08 
669 0.62 
671 0.88 
673 0.78 
675 0.25 
677 0.97 
679 0.92 
681 0.62 
683 0.72 
685 0.61 
687 0.32 
688 0.67 
690 0.46 
690 0.07 
690 0.05 
690 0.04 
691 0.19 
693 1.13 
695 0.77 
697 0.83 
699 0.81 
701 0.99 
703 0.69 
705 0.99 
707 0.71 
709 1.06 
710 0.78 
712 0.87 
714 0.74 
716 0.74 
718 0.62 
720 0.66 
720 0.04 
720 0.05 
720 0.07 
722 0.23 
724 1.10 
726 0.63 
728 1.00 
729 0.69 
731 0.64 
733 1.04 
735 1.14 
737 1.03 
739 0.86 
741 0.61 
743 1.23 
744 0.88 
746 0.88 
748 0.81 
750 0.49 
750 0.05 
750 0.05 
750 0.04 
751 0.10 
753 0.59 
755 0.93 
757 0.62 
759 0.90 
760 0.92 
762 1.17 
764 0.47 
766 0.49 
768 0.68 
770 0.73 
772 0.47 
773 0.99 
775 0.52 
777 0.48 
779 0.55 
780 0.05 
780 0.06 
780 0.11 
782 0.11 
784 0.61 
786 0.82 
787 1.36 
789 1.12 
791 1.00 
793 0.80 
795 0.89 
797 0.59 
799 0.81 
801 0.81 
802 1.08 
804 0.97 
806 0.89 
808 1.06 
810 0.92 
810 0.10 
810 0.05 
810 0.05 
811 0.72 
813 0.67 
815 0.86 
817 1.18 
819 1.50 
821 1.07 
823 1.23 
825 0.69 
826 0.87 
828 0.86 
830 1.02 
832 0.41 
834 1.23 
836 0.48 
838 0.95 
840 0.76 
840 0.10 
840 0.05 
840 0.04 
841 0.86 
843 0.79 
845 0.43 
847 0.72 
849 0.96 
851 0.38 
853 0.85 
854 0.74 
856 0.51 
858 0.33 
860 0.42 
862 1.43 
864 0.85 
866 0.88 
868 0.93 
870 0.71 
870 0.06 
870 0.06 
870 0.03 
871 1.43 
873 1.03 
875 0.97 
877 0.90 
879 0.76 
881 0.97 
883 0.91 
885 0.57 
887 0.53 
888 0.74 
890 0.84 
892 1.71 
894 0.85 
896 1.10 
898 0.64 
900 0.90 
900 0.03 
900 0.16 
900 0.03 
902 1.47 
904 1.11 
906 0.95 
908 1.64 
909 0.96 
911 1.02 
913 0.89 
915 0.71 
917 0.97 
919 0.74 
921 0.51 
923 1.18 
925 1.11 
927 1.52 
929 0.72 
930 0.19 
930 0.03 
930 0.09 
932 1.06 
933 0.95 
935 1.54 
937 1.63 
939 0.95 
941 1.12 
943 1.26 
945 1.15 
947 0.59 
949 0.66 
951 0.88 
953 0.63 
955 0.70 
956 0.77 
958 0.78 
960 0.45 
960 0.04 
960 0.15 
960 0.04 
961 0.82 
963 0.88 
965 0.76 
967 1.26 
968 0.92 
970 1.03 
972 1.06 
974 0.75 
976 0.80 
978 0.85 
979 0.78 
981 1.11 
983 1.25 
985 0.73 
987 1.00 
989 1.03 
990 0.44 
990 0.07 
990 0.05 
990 0.04 
991 1.14 
993 0.85 
995 1.46 
997 1.28 
999 1.36 
1001 1.07 
1003 1.22 
1005 1.71 
1007 1.75 
1008 1.08 
1010 0.70 
1012 0.79 
1014 0.51 
1016 0.92 
1018 0.69 
1019 0.84 
1020 0.17 
1020 0.03 
1020 0.05 
1021 0.40 
1023 1.15 
1025 0.98 
1027 1.16 
1028 0.99 
1030 0.76 
1032 1.08 
1034 1.10 
1036 1.19 
1038 0.61 
1039 1.13 
1041 1.06 
1043 1.35 
1045 0.83 
1047 1.09 
1049 0.68 
1050 0.32 
1050 0.05 
1050 0.04 
1050 0.04 
1051 1.01 
1053 1.16 
1055 0.75 
1057 1.00 
1059 1.69 
1061 1.01 
1063 1.73 
1065 1.34 
1066 0.43 
1068 1.01 
1070 0.86 
1072 0.55 
1074 1.09 
1075 0.70 
1077 1.20 
1079 1.12 
1080 0.03 
1080 0.09 
1080 0.05 
1081 0.77 
1083 0.70 
1085 1.01 
1087 1.08 
1089 1.41 
1091 0.37 
1092 1.30 
1094 1.27 
1096 0.89 
1098 0.68 
1100 1.14 
1102 1.33 
1104 1.30 
1106 0.94 
1108 1.21 
1110 0.79 
1110 0.06 
1110 0.05 
1110 0.06 
1112 0.91 
1113 1.48 
1115 0.54 
1117 1.08 
1119 1.27 
1121 1.38 
1123 1.60 
1125 0.75 
1127 0.99 
1129 0.75 
1130 0.31 
1132 0.87 
1134 1.50 
1136 1.39 
1138 0.67 
1140 1.10 
1140 0.06 
1140 0.03 
1140 0.05 
1142 1.34 
1144 0.86 
1145 1.08 
1147 0.93 
1149 1.03 
1151 0.98 
1153 1.66 
1155 1.37 
1157 0.72 
1159 0.73 
1160 0.97 
1162 0.80 
1164 1.48 
1166 1.16 
1168 1.18 
1170 0.90 
1170 0.04 
1170 0.07 
1170 0.05 
1171 0.39 
1173 1.76 
1175 0.83 
1177 1.61 
1178 0.98 
1180 1.15 
1182 1.00 
1184 0.84 
1186 0.98 
1188 1.71 
1190 1.14 
1192 1.03 
1194 0.93 
1195 1.17 
1197 1.18 
1199 1.14 
1200 0.04 
1200 0.05 
1200 0.05 
1202 0.71 
1204 0.74 
1206 1.11 
1208 0.96 
1210 1.05 
1212 1.27 
1214 1.62 
1216 1.00 
1218 0.85 
1220 0.80 
1222 1.39 
1223 0.59 
1225 0.51 
1227 0.68 
1229 0.84 
1230 0.04 
1230 0.07 
1230 0.05 
1231 0.56 
1233 1.46 
1235 0.29 
1237 0.98 
1239 0.89 
1241 0.77 
1243 0.41 
1245 0.75 
1246 0.84 
1248 1.22 
1250 0.70 
1252 0.57 
1254 0.97 
1256 0.67 
1258 1.76 
1260 1.36 
1260 0.05 
1260 0.04 
1260 0.06 
1261 0.64 
1263 1.90 
1265 1.28 
1267 0.91 
1269 0.74 
1271 0.64 
1273 0.96 
1275 0.70 
1277 1.06 
1278 0.91 
1280 1.08 
1282 0.78 
1284 0.63 
1286 0.73 
1288 0.82 
1290 0.62 
1290 0.04 
1290 0.06 
1290 0.04 
1292 1.07 
1293 0.73 
1295 1.05 
1297 1.00 
1299 1.55 
1301 1.41 
1303 1.16 
1305 0.58 
1307 1.10 
1309 0.86 
1311 0.67 
1312 0.66 
1314 0.53 
1316 0.64 
1318 0.77 
1320 0.95 
1320 0.05 
1320 0.04 
1320 0.04 
1321 1.22 
1323 0.71 
1325 1.63 
1327 0.64 
1329 0.94 
1331 2.05 
1333 1.44 
1335 0.45 
1337 0.96 
1339 0.57 
1341 0.54 
1342 0.92 
1344 1.79 
1346 1.00 
1348 0.88 
1350 0.54 
1350 0.06 
1350 0.07 
1350 0.06 
1352 0.62 
1354 1.25 
1356 1.43 
1357 0.88 
1359 0.59 
1361 0.79 
1363 1.52 
1365 1.05 
1367 0.75 
1369 0.54 
1371 0.86 
1373 0.76 
1375 1.10 
1377 0.99 
1378 0.77 
1380 0.68 
1380 0.09 
1380 0.05 
1380 0.04 
1381 1.36 
1383 1.10 
1385 1.02 
1387 0.84 
1389 0.80 
1391 1.11 
1393 1.04 
1395 1.22 
1397 1.34 
1399 0.76 
1401 0.60 
1402 0.76 
1404 0.94 
1406 1.03 
1408 0.65 
1410 0.52 
1410 0.05 
1410 0.05 
1410 0.06 
1412 1.33 
1414 1.00 
1416 1.05 
1418 1.32 
1420 0.84 
1422 0.89 
1424 1.04 
1425 0.65 
1427 1.03 
1429 1.04 
1431 1.02 
1433 0.76 
1435 0.63 
1437 0.53 
1439 0.56 
1440 0.30 
1440 0.06 
1440 0.09 
1440 0.04 
1441 0.73 
1443 0.89 
1445 1.08 
1447 0.81 
1449 0.96 
1451 0.44 
1453 0.93 
1455 0.76 
1457 0.89 
1459 0.52 
1461 0.87 
1463 1.49 
1465 0.28 
1467 1.07 
1469 0.45 
1470 0.27 
1470 0.04 
1470 0.03 
1471 1.43 
1473 0.50 
1475 0.67 
1477 0.33 
1479 0.37 
1481 0.86 
1483 0.83 
1485 0.53 
1486 0.42 
1488 0.54 
1490 0.57 
1492 0.67 
1494 0.80 
1496 0.83 
1498 0.92 
1500 0.85 
1500 0.06 
1500 0.04 
1500 0.05 
1502 1.42 
1504 0.98 
1506 0.77 
1508 1.26 
1509 0.82 
1511 0.75 
1513 0.74 
1515 0.63 
1517 0.64 
1519 0.55 
1521 0.57 
1523 0.73 
1525 0.51 
1526 0.44 
1528 0.93 
1530 0.41 
1530 0.07 
1530 0.03 
1530 0.04 
1531 0.77 
1533 0.44 
1535 0.58 
1537 0.95 
1539 0.69 
1541 0.80 
1543 1.34 
1545 0.56 
1547 0.67 
1549 0.55 
1551 0.86 
1553 0.57 
1554 1.01 
1556 0.69 
1558 0.35 
1560 0.56 
1560 0.04 
1560 0.03 
1560 0.04 
1561 0.68 
1563 0.66 
1565 0.67 
1567 0.91 
1569 1.01 
1571 0.72 
1573 0.66 
1574 0.71 
1576 0.67 
1578 0.95 
1580 1.04 
1582 1.37 
1584 0.38 
1586 0.69 
1588 0.78 
1590 0.69 
1590 0.03 
1590 0.04 
1590 0.04 
1591 0.74 
1593 0.55 
1595 0.51 
1597 0.72 
1599 0.91 
1601 0.94 
1603 0.70 
1605 0.67 
1607 0.51 
1609 0.82 
1610 0.61 
1612 0.93 
1614 0.84 
1616 0.94 
1618 0.62 
1620 0.41 
1620 0.05 
1620 0.08 
1620 0.04 
1621 1.02 
1623 0.97 
1625 0.82 
1627 0.91 
1629 0.44 
1631 0.76 
1633 0.45 
1635 0.67 
1637 0.72 
1639 0.66 
1640 0.51 
1642 0.70 
1644 0.58 
1646 0.71 
1648 0.73 
1650 0.51 
1650 0.02 
1650 0.02 
1650 0.05 
1652 0.85 
1654 1.14 
1656 0.95 
1658 0.87 
1660 1.04 
1662 1.08 
1664 0.79 
1666 0.60 
1668 0.62 
1670 1.34 
1672 0.94 
1674 0.76 
1676 0.81 
1678 0.75 
1680 0.83 
1680 0.05 
1680 0.12 
1680 0.04 
1681 0.45 
1683 0.18 
1685 0.94 
1687 0.54 
1689 0.60 
1691 0.71 
1693 0.57 
1695 0.48 
1697 0.79 
1699 0.42 
1701 0.84 
1703 0.65 
1705 0.31 
1707 0.52 
1709 0.47 
1710 0.22 
1710 0.04 
1710 0.04 
1710 0.03 
1711 1.01 
1713 0.49 
1715 0.53 
1717 0.88 
1719 0.59 
1721 0.58 
1723 0.60 
1725 0.74 
1727 0.74 
1729 1.39 
1731 0.57 
1733 0.81 
1735 0.48 
1737 0.65 
1739 0.60 
1740 0.03 
1740 0.06 
1740 0.03 
1742 0.75 
1744 0.24 
1746 0.23 
1748 0.32 
1749 0.36 
1751 0.97 
1753 0.55 
1755 0.74 
1757 0.48 
1759 1.08 
1761 0.59 
1763 0.72 
1765 0.63 
1767 0.45 
1769 0.65 
1770 0.04 
1770 0.08 
1770 0.06 
1771 0.96 
1773 0.67 
1775 0.28 
1777 0.57 
1779 0.58 
1781 0.63 
1783 0.52 
1785 0.45 
1787 0.71 
1789 0.58 
1791 0.85 
1793 0.41 
1795 0.53 
1797 0.78 
1799 0.59 
1800 0.05 
1800 0.03 
1800 0.04 
1802 0.69 
1804 0.41 
1806 0.53 
1808 0.69 
1810 0.61 
1812 0.65 
1814 0.61 
1816 0.58 
1818 0.38 
1820 0.31 
1822 0.27 
1823 0.65 
1825 0.75 
1827 0.22 
1829 0.68 
1830 0.05 
1830 0.05 
1830 0.02 
1831 0.59 
1833 0.96 
1835 0.80 
1837 0.32 
1839 0.82 
1841 0.64 
1843 0.58 
1845 0.33 
1847 0.43 
1849 0.41 
1851 0.31 
1853 0.61 
1855 0.72 
1857 0.57 
1858 0.60 
1860 0.94 
1860 0.06 
1860 0.06 
1860 0.06 
1862 0.76 
1864 0.56 
1865 0.87 
1867 0.38 
1869 0.72 
1871 0.41 
1873 0.58 
1875 0.49 
1877 0.65 
1879 0.52 
1881 0.47 
1883 0.37 
1885 0.57 
1887 0.67 
1889 0.43 
1890 0.14 
1890 0.03 
1890 0.10 
1890 0.04 
1891 0.64 
1893 1.09 
1895 0.52 
1897 0.68 
1899 0.55 
1901 0.65 
1903 0.54 
1905 0.44 
1907 0.60 
1909 0.49 
1911 0.69 
1913 0.78 
1915 0.28 
1917 0.69 
1919 0.59 
1920 0.26 
1920 0.09 
1920 0.02 
1922 0.30 
1924 0.23 
1926 0.51 
1928 0.39 
1930 0.40 
1932 0.51 
1933 0.26 
1935 0.40 
1937 0.96 
1939 0.28 
1941 0.26 
1943 0.45 
1945 0.13 
1947 0.21 
1949 0.30 
1950 0.07 
1950 0.04 
1950 0.05 
1952 0.39 
1954 0.51 
1956 0.41 
1958 0.39 
1960 0.51 
1962 0.54 
1964 0.32 
1966 0.18 
1968 0.47 
1970 0.38 
1972 0.28 
1974 0.22 
1976 0.48 
1978 0.25 
1980 0.64 
1980 0.04 
1980 0.12 
1980 0.06 
1982 0.71 
1984 0.29 
1986 0.30 
1988 0.47 
1990 0.51 
1992 0.57 
1994 0.28 
1996 0.49 
1998 0.43 
2000 0.23 
2002 0.33 
2004 0.23 
2006 0.18 
2008 0.43 
2010 0.38 
2010 0.03 
2010 0.06 
2010 0.04 
2012 0.47 
2014 0.47 
2016 0.55 
2018 0.37 
2020 0.31 
2022 0.35 
2024 0.23 
2026 0.31 
2028 0.60 
2030 0.22 
2032 0.32 
2034 0.33 
2036 0.31 
2038 0.36 
2040 0.52 
2040 0.04 
2040 0.03 
2040 0.03 
2042 0.96 
2044 0.22 
2046 0.44 
2048 0.33 
2049 0.38 
2051 0.21 
2053 0.23 
2055 0.32 
2057 0.50 
2059 0.44 
2061 0.43 
2063 0.54 
2065 0.47 
2067 0.21 
2069 0.32 
2070 0.03 
2070 0.09 
2070 0.09 
2071 0.35 
2073 0.48 
2075 0.24 
2077 0.57 
2079 0.35 
2081 0.45 
2083 0.49 
2085 0.41 
2087 0.57 
2089 0.62 
2091 0.32 
2093 0.25 
2095 0.15 
2097 0.55 
2099 0.24 
2100 0.02 
2100 0.07 
2100 0.04 
2101 0.40 
2103 0.38 
2105 0.09 
2107 0.32 
2109 0.45 
2111 0.69 
2113 0.29 
2115 0.48 
2117 0.55 
2119 0.19 
2121 0.43 
2123 0.41 
2125 0.62 
2127 0.28 
2129 0.31 
2130 0.03 
2130 0.06 
2130 0.05 
2132 0.38 
2134 0.37 
2136 0.38 
2138 0.41 
2139 0.43 
2141 0.60 
2143 0.22 
2145 0.38 
2147 0.34 
2149 0.21 
2151 0.25 
2153 0.38 
2155 0.11 
2157 0.06 
2159 1.17 
2160 0.05 
2160 0.06 
2160 0.05 
2161 0.39 
2163 0.84 
2165 0.66 
2167 0.38 
2169 0.58 
2171 0.64 
2173 0.69 
2175 0.45 
2177 0.79 
2179 0.76 
2181 0.19 
2183 0.45 
2185 0.52 
2187 0.73 
2189 0.26 
2190 0.10 
2190 0.03 
2190 0.13 
2192 1.14 
2194 0.41 
2196 0.40 
2198 0.70 
2200 0.65 
2202 0.82 
2204 0.51 
2206 0.57 
2208 0.45 
2210 0.62 
2212 0.58 
2214 0.49 
2215 0.57 
2217 0.50 
2219 0.76 
2220 0.03 
2220 0.06 
2220 0.03 
2221 0.72 
2223 0.51 
2225 0.46 
2227 0.31 
2229 0.60 
2231 0.40 
2233 0.70 
2235 0.78 
2237 0.38 
2239 0.49 
2241 1.06 
2243 0.72 
2245 0.81 
2247 0.40 
2249 0.54 
2250 0.32 
2250 0.03 
2250 0.06 
2252 0.94 
2254 0.63 
2256 0.74 
2258 0.65 
2259 0.40 
2261 0.70 
2263 1.09 
2265 0.50 
2267 0.47 
2269 0.79 
2271 0.80 
2273 0.35 
2275 0.86 
2277 0.59 
2279 0.51 
2280 0.17 
2280 0.10 
2280 0.03 
2282 0.59 
2283 0.32 
2285 0.64 
2287 0.72 
2289 0.60 
2291 0.63 
2293 0.65 
2295 0.63 
2297 0.49 
2299 0.89 
2301 0.71 
2303 0.34 
2305 0.80 
2307 0.40 
2309 0.38 
2310 0.34 
2310 0.02 
2310 0.05 
2311 0.47 
2313 0.33 
2315 0.55 
2317 0.47 
2319 0.03 
2321 0.21 
2323 1.00 
2325 0.42 
2327 0.40 
2329 0.71 
2331 0.46 
2333 1.12 
2335 0.68 
2337 0.60 
2339 0.24 
2340 0.15 
2340 0.09 
2340 0.15 
2340 0.04 
2341 0.76 
2343 0.65 
2345 0.57 
2347 0.61 
2349 0.69 
2351 0.40 
2353 0.51 
2355 0.39 
2357 0.48 
2359 0.49 
2361 0.59 
2363 0.55 
2365 0.47 
2367 0.88 
2369 0.57 
2370 0.20 
2370 0.02 
2370 0.02 
2370 0.05 
2372 1.07 
2374 0.84 
2376 0.75 
2378 0.70 
2379 0.52 
2381 0.51 
2383 0.39 
2385 0.36 
2387 0.47 
2389 0.54 
2391 0.98 
2393 0.59 
2395 1.02 
2397 0.43 
2399 0.48 
2400 0.06 
2400 0.04 
2400 0.06 
2402 0.48 
2403 0.78 
2405 0.82 
2407 0.98 
2409 0.53 
2411 0.75 
2413 0.75 
2415 0.76 
2417 0.77 
2419 0.69 
2421 0.76 
2423 0.92 
2425 1.34 
2427 0.36 
2429 1.05 
2430 0.17 
2430 0.11 
2430 0.03 
2432 1.49 
2434 0.50 
2435 0.84 
2437 0.59 
2439 0.84 
2441 0.47 
2443 1.30 
2445 0.81 
2447 0.89 
2449 0.69 
2451 0.93 
2453 0.66 
2455 0.41 
2457 0.56 
2459 1.48 
2460 0.28 
2460 0.02 
2460 0.02 
2460 0.04 
2461 1.08 
2463 0.84 
2465 1.04 
2467 0.63 
2469 0.59 
2471 0.67 
2473 0.44 
2475 0.50 
2477 0.89 
2479 0.62 
2481 0.36 
2483 0.52 
2484 0.56 
2486 0.47 
2488 0.43 
2490 0.67 
2490 0.12 
2490 0.03 
2490 0.04 
2492 1.06 
2494 0.91 
2496 0.63 
2498 0.98 
2500 0.97 
2502 0.89 
2503 1.20 
2505 0.45 
2507 0.30 
2509 0.77 
2511 0.39 
2513 0.58 
2515 0.58 
2517 0.76 
2519 0.70 
2520 0.34 
2520 0.03 
2520 0.14 
2520 0.03 
2522 1.23 
2524 0.96 
2526 1.12 
2527 0.61 
2529 0.54 
2531 0.67 
2533 0.52 
2535 0.33 
2537 0.76 
2539 0.53 
2540 0.51 
2542 0.97 
2544 0.85 
2546 1.01 
2548 0.72 
2550 0.84 
2550 0.04 
2550 0.04 
2550 0.07 
2552 1.18 
2554 0.64 
2556 0.68 
2558 0.42 
2560 0.57 
2561 0.71 
2563 0.81 
2565 1.57 
2567 0.56 
2569 0.71 
2571 0.53 
2573 0.40 
2575 0.52 
2577 0.87 
2579 1.00 
2580 0.38 
2580 0.03 
2580 0.04 
2580 0.05 
2581 0.46 
2583 0.45 
2585 0.38 
2587 0.82 
2589 0.86 
2591 0.80 
2593 1.03 
2595 0.61 
2597 0.25 
2598 0.70 
2600 0.47 
2602 1.04 
2604 0.64 
2606 0.73 
2608 0.92 
2610 0.41 
2610 0.05 
2610 0.04 
2610 0.06 
2611 0.76 
2613 1.35 
2615 0.40 
2617 1.03 
2619 0.62 
2621 1.14 
2623 0.79 
2625 0.72 
2626 0.55 
2628 0.78 
2630 0.39 
2632 0.54 
2634 0.38 
2636 0.95 
2638 0.51 
2640 0.97 
2640 0.02 
2640 0.07 
2640 0.04 
2642 1.20 
2644 0.74 
2646 1.22 
2648 1.40 
2650 0.81 
2651 1.22 
2653 0.98 
2655 1.08 
2657 0.89 
2659 0.53 
2661 0.94 
2663 1.25 
2665 1.16 
2667 0.46 
2668 0.71 
2670 0.42 
2670 0.06 
2670 0.05 
2670 0.05 
2671 0.80 
2673 1.61 
2675 0.77 
2677 0.77 
2679 0.43 
2681 1.12 
2682 0.73 
2684 0.58 
2686 0.50 
2688 0.71 
2690 0.90 
2692 0.84 
2694 0.67 
2696 0.75 
2697 0.87 
2699 0.43 
2700 0.04 
2700 0.07 
2700 0.05 
2701 0.33 
2703 1.82 
2705 1.26 
2707 1.33 
2709 0.91 
2711 0.92 
2713 1.23 
2715 1.76 
2717 1.25 
2719 0.56 
2721 1.05 
2723 1.31 
2725 1.15 
2727 1.09 
2729 0.98 
2730 0.87 
2730 0.08 
2730 0.03 
2730 0.03 
2731 0.74 
2733 1.19 
2735 1.22 
2737 0.96 
2739 1.12 
2741 0.93 
2743 1.12 
2745 1.14 
2747 0.97 
2749 0.72 
2751 1.83 
2753 1.03 
2755 1.26 
2757 0.51 
2759 0.70 
2760 0.42 
2760 0.02 
2760 0.04 
2760 0.05 
2761 0.86 
2763 1.26 
2765 0.74 
2767 1.05 
2769 1.00 
2771 1.17 
2773 0.46 
2775 1.00 
2777 1.30 
2779 1.14 
2781 0.85 
2783 0.71 
2785 1.19 
2787 1.01 
2789 0.89 
2790 0.19 
2790 0.02 
2790 0.04 
2790 0.05 
2791 1.82 
2793 1.15 
2795 1.09 
2797 1.71 
2799 1.10 
2801 0.85 
2803 0.87 
2805 0.80 
2807 1.10 
2809 0.84 
2811 1.14 
2813 0.28 
2814 0.86 
2816 0.74 
2818 0.70 
2820 0.88 
2820 0.04 
2820 0.06 
2820 0.04 
2822 1.20 
2824 0.39 
2825 0.23 
2827 0.79 
2829 0.87 
2831 1.56 
2833 1.30 
2835 1.14 
2837 1.06 
2839 0.88 
2841 0.63 
2843 0.87 
2845 0.82 
2846 1.49 
2848 1.09 
2850 0.25 
2850 0.03 
2850 0.08 
2850 0.03 
2851 0.57 
2853 0.91 
2855 1.14 
2857 1.35 
2859 1.69 
2861 1.03 
2863 1.06 
2865 1.16 
2867 0.88 
2868 1.07 
2870 1.29 
2872 1.03 
2874 1.10 
2876 0.98 
2878 0.50 
2880 1.05 
2880 0.05 
2880 0.02 
2880 0.03 
2882 1.59 
2884 1.04 
2886 1.09 
2888 0.98 
2890 1.32 
2892 1.40 
2893 1.01 
2895 1.54 
2897 1.42 
2899 1.38 
2901 1.21 
2903 0.86 
2905 0.70 
2907 0.61 
2909 0.57 
2910 0.56 
2910 0.02 
2910 0.03 
2910 0.04 
2911 0.99 
2913 0.69 
2915 1.16 
2917 1.28 
2919 1.38 
2921 1.54 
2923 1.84 
2925 1.66 
2927 0.38 
2929 1.07 
2930 1.17 
2932 0.95 
2934 0.95 
2936 0.87 
2938 1.18 
2940 0.93 
2940 0.05 
2940 0.05 
2940 0.03 
2942 1.42 
2943 2.10 
2945 1.22 
2947 0.95 
2949 0.61 
2951 0.55 
2953 1.13 
2954 1.12 
2956 0.86 
2958 1.31 
2960 1.73 
2962 1.39 
2964 0.71 
2966 0.81 
2968 1.31 
2970 1.66 
2970 0.03 
2970 0.05 
2970 0.03 
2972 1.62 
2973 1.01 
2975 1.03 
2977 2.11 
2979 1.07 
2981 1.40 
2983 1.67 
2985 1.03 
2987 1.17 
2989 1.13 
2990 1.12 
2992 1.29 
2994 0.83 
2996 1.18 
2998 0.47 
3000 0.66 
3000 0.06 
3000 0.03 
3000 0.07 
3001 0.73 
3003 0.88 
3005 0.75 
3007 1.08 
3009 1.30 
3011 1.31 
3013 1.17 
3015 1.38 
3017 1.05 
3019 1.10 
3021 0.96 
3022 0.89 
3024 1.01 
3026 0.51 
3028 0.66 
3030 1.02 
3030 0.05 
3030 0.03 
3030 0.04 
3031 0.38 
3033 1.65 
3035 0.92 
3037 0.71 
3039 1.48 
3041 1.15 
3043 1.36 
3044 0.89 
3046 0.66 
3048 1.48 
3050 0.89 
3052 1.29 
3054 1.17 
3056 0.92 
3057 1.03 
3059 0.97 
3060 0.03 
3060 0.02 
3060 0.03 
3062 1.54 
3064 1.10 
3066 1.26 
3068 1.38 
3069 0.56 
3071 0.37 
3073 0.50 
3075 0.72 
3077 1.16 
3079 1.55 
3081 0.94 
3083 1.33 
3084 0.79 
3086 0.63 
3088 0.63 
3090 0.76 
3090 0.06 
3090 0.04 
3090 0.06 
3092 1.48 
3094 1.76 
3095 1.36 
3097 1.14 
3099 0.87 
3101 1.61 
3103 1.30 
3105 0.96 
3107 0.65 
3108 1.47 
3110 0.91 
3112 0.88 
3114 1.11 
3116 0.83 
3117 0.87 
3119 1.30 
3120 0.04 
3120 0.09 
3120 0.05 
3122 1.76 
3124 1.21 
3126 1.56 
3128 1.02 
3130 1.08 
3132 1.53 
3133 1.18 
3135 0.72 
3137 0.50 
3139 0.60 
3141 0.74 
3143 1.12 
3144 0.86 
3146 0.92 
3148 0.48 
3150 0.61 
3150 0.07 
3150 0.04 
3150 0.04 
3152 1.08 
3153 1.13 
3155 0.76 
3157 1.53 
3159 0.65 
3161 0.93 
3163 0.69 
3165 0.61 
3166 0.73 
3168 0.49 
3170 0.55 
3172 0.81 
3174 0.47 
3176 0.52 
3178 0.57 
3180 0.89 
3180 0.05 
3180 0.05 
3180 0.07 
3181 1.09 
3183 1.16 
3185 0.92 
3187 0.99 
3189 0.81 
3191 1.04 
3193 1.15 
3194 1.03 
3196 0.78 
3198 1.35 
3200 0.73 
3202 1.62 
3204 1.10 
3206 1.10 
3208 1.01 
3209 0.63 
3210 0.04 
3210 0.03 
3210 0.06 
3211 1.05 
3213 1.04 
3215 0.72 
3217 0.95 
3219 0.99 
3221 0.83 
3223 0.67 
3225 0.68 
3227 1.05 
3228 1.22 
3230 0.86 
3232 0.57 
3234 0.79 
3236 0.51 
3238 0.60 
3239 0.93 
3240 0.04 
3240 0.05 
3240 0.03 
3242 1.74 
3244 2.26 
3246 1.33 
3248 0.98 
3250 1.22 
3252 1.38 
3254 1.49 
3256 1.17 
3258 0.85 
3259 0.51 
3261 0.71 
3263 1.73 
3265 1.13 
3267 0.92 
3269 0.32 
3270 0.05 
3270 0.03 
3270 0.06 
3271 1.38 
3273 1.05 
3275 0.50 
3277 0.83 
3279 0.82 
3281 1.15 
3283 0.30 
3284 0.71 
3286 0.68 
3288 1.39 
3290 0.33 
3292 0.94 
3294 0.53 
3296 0.70 
3297 0.78 
3299 1.11 
3300 0.05 
3300 0.06 
3300 0.04 
3302 0.95 
3304 0.61 
3306 0.46 
3308 0.92 
3310 1.27 
3312 1.02 
3314 1.39 
3316 0.95 
3317 0.50 
3319 0.40 
3321 0.37 
3323 1.05 
3325 1.10 
3327 0.69 
3328 0.25 
3330 0.16 
3330 0.06 
3330 0.10 
3330 0.04 
3331 0.96 
3333 0.54 
3335 0.70 
3337 1.86 
3339 0.80 
3341 0.80 
3342 1.31 
3344 0.87 
3346 0.59 
3348 0.64 
3350 0.82 
3352 1.28 
3354 1.31 
3356 0.80 
3358 0.88 
3359 1.27 
3360 0.05 
3360 0.03 
3360 0.03 
3361 0.62 
3363 0.85 
3365 0.86 
3367 0.74 
3369 0.48 
3371 0.90 
3373 0.98 
3375 0.62 
3377 1.05 
3379 1.08 
3381 1.63 
3382 0.40 
3384 0.66 
3386 0.26 
3388 0.64 
3390 0.45 
3390 0.06 
3390 0.06 
3390 0.04 
3392 1.08 
3394 0.60 
3396 0.56 
3398 0.66 
3400 0.43 
3401 0.71 
3403 0.37 
3405 0.72 
3407 0.77 
3409 0.58 
3411 0.78 
3413 0.61 
3415 0.95 
3416 0.66 
3418 0.46 
3420 0.50 
3420 0.06 
3420 0.09 
3420 0.04 
3422 1.18 
3424 1.10 
3426 1.36 
3428 0.83 
3430 0.65 
3432 0.66 
3434 0.94 
3436 1.01 
3438 0.85 
3439 0.56 
3441 0.71 
3443 0.91 
3445 0.60 
3447 0.59 
3449 0.93 
3450 0.03 
3450 0.03 
3450 0.04 
3451 1.06 
3453 0.59 
3455 0.54 
3457 0.52 
3459 0.87 
3461 0.56 
3463 0.99 
3465 0.86 
3467 0.86 
3469 0.49 
3471 0.88 
3473 0.63 
3475 0.89 
3477 0.60 
3479 0.86 
3480 0.35 
3480 0.03 
3480 0.13 
3480 0.03 
3481 1.21 
3483 1.03 
3485 0.91 
3487 0.53 
3489 1.03 
3491 0.55 
3492 0.57 
3494 0.74 
3496 0.40 
3498 0.58 
3500 0.96 
3502 0.42 
3504 0.38 
3506 0.76 
3508 0.53 
3509 0.46 
3510 0.12 
3510 0.03 
3510 0.06 
3511 0.84 
3513 0.22 
3515 0.56 
3517 0.55 
3519 0.86 
3521 0.51 
3522 0.75 
3524 0.63 
3526 0.64 
3528 0.75 
3530 0.93 
3532 0.79 
3534 0.51 
3536 0.96 
3538 1.17 
3540 0.60 
3540 0.06 
3540 0.18 
3540 0.04 
3542 0.63 
3544 0.57 
3546 0.94 
3548 0.80 
3549 1.26 
3551 0.49 
3553 0.59 
3555 0.98 
3557 0.60 
3559 0.43 
3561 0.79 
3563 0.34 
3565 0.33 
3566 0.37 
3568 0.82 
3570 0.44 
3570 0.05 
3570 0.06 
3570 0.06 
3572 0.46 
3574 0.77 
3576 0.64 
3578 0.87 
3580 1.03 
3582 0.62 
3583 0.99 
3585 0.38 
3587 0.54 
3589 0.35 
3591 0.61 
3593 1.07 
3595 0.80 
3597 0.75 
3599 1.18 
3600 0.08 
3600 0.12 
3600 0.03 
3602 0.97 
3604 0.62 
3606 0.61 
3608 1.08 
3610 0.68 
3612 0.60 
3614 0.54 
3616 0.73 
3618 0.49 
3620 0.52 
3622 0.73 
3623 0.40 
3625 0.44 
3627 0.37 
3629 0.21 
3630 0.05 
31 0.38 
33 0.63 
35 0.28 
37 0.22 
39 0.28 
41 0.45 
43 0.35 
45 0.69 
47 0.38 
49 0.23 
51 0.37 
53 0.49 
55 0.22 
57 0.29 
59 0.18 
60 0.10 
60 0.03 
60 0.05 
60 0.03 
62 0.40 
64 0.67 
66 0.46 
68 0.39 
70 0.26 
72 0.25 
74 0.59 
76 0.42 
78 0.34 
80 0.49 
82 0.55 
84 0.33 
86 0.50 
88 0.52 
90 0.19 
90 0.06 
90 0.06 
90 0.05 
91 0.56 
93 0.48 
95 0.25 
97 0.51 
99 0.26 
101 0.41 
103 0.44 
105 0.42 
107 0.45 
109 0.44 
111 0.67 
113 0.60 
115 0.80 
117 0.46 
119 0.40 
120 0.03 
120 0.06 
120 0.07 
