30 0.00 
60 0.00 
60 0.00 
90 0.00 
120 0.00 
150 0.00 
180 0.00 
180 0.00 
210 0.00 
210 0.00 
210 0.00 
270 0.00 
270 0.00 
270 0.00 
330 0.00 
420 0.00 
480 0.00 
660 0.00 
660 0.00 
780 0.00 
780 0.00 
810 0.00 
810 0.00 
1050 0.00 
1170 0.00 
1200 0.00 
1200 0.00 
1200 0.00 
1380 0.00 
1470 0.00 
1680 0.00 
1680 0.00 
1770 0.00 
1950 0.00 
1950 0.00 
1950 0.00 
1980 0.00 
1980 0.00 
2010 0.00 
2040 0.00 
2100 0.00 
2160 0.00 
2190 0.00 
2190 0.00 
2220 0.00 
2250 0.00 
2340 0.00 
2490 0.00 
2610 0.00 
2700 0.00 
2700 0.00 
2700 0.00 
2730 0.00 
2730 0.00 
2730 0.00 
2820 0.00 
2880 0.00 
2880 0.00 
2880 0.00 
2910 0.00 
2910 0.00 
2910 0.00 
2940 0.00 
2940 0.00 
2940 0.00 
2940 0.00 
2970 0.00 
2970 0.00 
2970 0.00 
2970 0.00 
3000 0.00 
3030 0.00 
3030 0.00 
3150 0.00 
3150 0.00 
3150 0.00 
3180 0.00 
3210 0.00 
3210 0.00 
3210 0.00 
3210 0.00 
3240 0.00 
3240 0.00 
3240 0.00 
3240 0.00 
3270 0.00 
3270 0.00 
3270 0.00 
3270 0.00 
3330 0.00 
3330 0.00 
3330 0.00 
3360 0.00 
3360 0.00 
3360 0.00 
3420 0.00 
3420 0.00 
3420 0.00 
3540 0.00 
3540 0.00 
