2 102.58 
4 102.46 
6 97.45 
8 72.07 
10 65.13 
12 46.49 
14 45.11 
16 28.31 
18 38.99 
20 59.60 
22 36.48 
24 34.91 
26 33.25 
28 56.53 
30 43.21 
30 0.18 
30 0.08 
30 0.15 
30 100.81 
32 99.98 
34 101.99 
36 101.80 
38 102.47 
40 103.51 
42 101.99 
44 101.06 
46 101.75 
48 101.00 
50 85.38 
52 63.97 
54 36.56 
56 36.10 
58 31.44 
60 54.86 
60 0.15 
60 0.18 
60 0.13 
62 85.04 
62 80.17 
64 102.65 
64 72.77 
66 89.01 
66 42.84 
68 72.05 
68 62.53 
70 59.17 
70 53.05 
72 47.25 
72 57.85 
74 25.72 
74 44.20 
76 34.38 
76 44.43 
78 36.24 
78 33.74 
80 20.43 
80 51.81 
82 10.12 
82 43.88 
84 21.27 
84 43.13 
85 18.92 
85 19.54 
87 12.80 
87 13.52 
89 22.70 
89 9.74 
90 0.13 
90 0.19 
90 0.13 
90 0.13 
90 0.16 
90 0.16 
92 89.45 
92 89.14 
94 74.32 
94 49.34 
96 44.52 
96 74.28 
98 44.37 
98 53.65 
100 38.23 
100 48.72 
102 29.60 
102 41.87 
104 51.21 
104 62.30 
106 36.53 
106 43.59 
108 21.35 
108 50.12 
110 19.91 
110 44.96 
112 35.26 
112 32.05 
114 21.22 
114 22.53 
116 15.47 
116 16.38 
118 45.36 
118 33.09 
120 17.78 
120 33.81 
120 0.09 
120 0.10 
120 0.09 
120 0.12 
120 0.11 
120 0.13 
120 98.72 
120 101.84 
121 101.98 
121 92.26 
123 75.53 
123 102.19 
125 45.89 
125 99.60 
127 35.76 
127 50.02 
129 41.14 
129 58.91 
131 58.56 
131 35.35 
133 47.44 
133 37.84 
135 49.36 
135 31.14 
137 66.88 
137 51.49 
139 32.51 
139 16.62 
141 21.46 
141 18.77 
143 20.97 
143 25.76 
145 32.26 
145 24.28 
147 21.55 
147 20.17 
149 26.36 
149 17.03 
150 0.22 
150 0.16 
150 0.61 
150 0.20 
150 0.12 
150 0.12 
152 90.04 
152 90.45 
154 102.75 
154 40.49 
156 74.74 
156 76.75 
158 80.80 
158 42.68 
160 90.49 
160 50.05 
162 48.32 
162 57.77 
164 47.51 
164 31.16 
166 45.80 
166 36.74 
168 19.79 
168 42.24 
170 27.47 
170 19.79 
172 19.50 
172 29.55 
174 14.23 
174 16.24 
176 15.96 
176 11.90 
178 12.73 
178 28.62 
180 11.32 
180 15.18 
180 0.10 
180 0.14 
180 0.12 
180 0.17 
180 0.11 
180 0.13 
182 81.50 
182 102.48 
184 64.89 
184 88.66 
186 61.44 
186 55.15 
188 73.97 
188 54.85 
190 39.79 
190 38.41 
192 32.60 
192 26.19 
194 40.73 
194 37.10 
196 17.51 
196 49.04 
198 39.13 
198 37.39 
200 86.82 
200 36.53 
202 44.96 
202 27.62 
204 26.97 
204 35.43 
206 21.08 
206 14.89 
208 23.95 
208 27.47 
210 27.31 
210 13.62 
210 0.17 
210 0.14 
210 0.15 
210 0.16 
210 0.16 
210 0.21 
211 67.07 
211 54.43 
213 70.94 
213 67.99 
215 71.66 
215 61.60 
217 47.16 
217 55.29 
219 58.13 
219 50.59 
221 55.26 
221 39.73 
223 46.14 
223 33.16 
225 58.85 
225 24.42 
227 27.64 
227 49.12 
229 50.33 
229 61.59 
231 9.72 
231 21.85 
233 23.20 
233 19.88 
235 18.05 
235 10.55 
237 22.78 
237 25.71 
239 28.78 
239 20.06 
240 0.27 
240 0.18 
240 0.31 
240 0.17 
240 1.17 
240 0.15 
242 101.38 
242 97.96 
244 103.81 
244 95.23 
246 98.80 
246 101.60 
248 95.57 
248 65.34 
250 51.79 
250 53.97 
252 47.06 
252 70.65 
254 31.35 
254 52.97 
256 30.59 
256 47.48 
258 34.34 
258 27.38 
260 39.27 
260 34.14 
262 42.17 
262 22.73 
264 37.55 
264 34.41 
266 25.42 
266 36.67 
268 41.61 
268 22.51 
270 26.65 
270 27.76 
270 0.20 
270 0.19 
270 0.19 
270 0.18 
270 0.17 
270 0.16 
271 101.00 
271 101.19 
273 103.10 
273 95.18 
275 57.82 
275 57.88 
277 24.40 
277 28.92 
279 35.65 
279 97.96 
281 34.72 
281 93.50 
283 43.60 
283 68.87 
285 29.56 
285 55.52 
287 48.06 
287 29.41 
289 39.52 
289 38.32 
290 26.69 
290 34.08 
292 24.68 
292 19.55 
294 22.65 
294 30.34 
296 42.34 
296 48.05 
298 27.94 
298 78.47 
300 15.26 
300 16.59 
300 0.17 
300 0.20 
300 1.08 
300 1.16 
300 0.12 
300 0.12 
300 104.08 
300 101.68 
301 100.47 
301 100.83 
303 102.73 
303 103.07 
305 91.38 
305 102.93 
307 43.95 
307 62.27 
309 50.20 
309 67.71 
311 71.49 
311 52.82 
313 73.05 
313 36.12 
315 58.85 
315 22.14 
317 24.87 
317 23.31 
319 40.76 
319 38.07 
321 31.72 
321 31.32 
323 18.56 
323 18.98 
325 23.61 
325 39.74 
327 20.34 
327 25.28 
329 41.89 
329 21.68 
330 14.09 
330 31.44 
330 0.09 
330 0.10 
330 1.07 
330 1.04 
331 99.54 
331 102.08 
333 87.26 
333 102.85 
335 75.94 
335 102.69 
337 96.42 
337 103.55 
339 51.86 
339 102.99 
341 87.50 
341 102.20 
343 58.14 
343 101.87 
345 50.25 
345 100.59 
347 39.30 
347 94.99 
348 27.80 
348 101.99 
350 42.07 
350 98.72 
352 15.63 
352 92.97 
354 25.23 
354 58.49 
356 18.14 
356 30.24 
358 69.21 
358 32.21 
360 20.71 
360 27.55 
360 0.25 
360 0.21 
360 0.14 
360 0.12 
360 0.12 
360 0.13 
360 102.70 
360 100.88 
361 104.61 
361 103.09 
363 103.53 
363 103.45 
365 103.09 
365 102.44 
367 96.82 
367 94.63 
369 102.20 
369 59.39 
371 77.00 
371 41.77 
373 54.01 
373 45.58 
375 48.89 
375 45.01 
377 55.91 
377 50.73 
379 34.62 
379 24.44 
381 15.73 
381 34.65 
383 16.05 
383 22.71 
385 18.00 
385 18.48 
387 32.34 
387 28.69 
389 28.12 
389 17.94 
390 11.67 
390 8.30 
390 0.15 
390 0.09 
390 1.01 
390 0.09 
390 0.12 
390 0.12 
390 101.79 
390 100.70 
391 84.19 
391 87.46 
393 70.14 
393 101.62 
395 65.44 
395 101.35 
397 78.25 
397 100.62 
399 64.13 
399 89.95 
401 69.08 
401 94.33 
403 52.23 
403 70.83 
405 46.51 
405 43.55 
407 67.01 
407 45.68 
409 18.60 
409 54.17 
411 19.03 
411 31.24 
413 20.55 
413 24.87 
415 45.79 
415 27.72 
417 31.12 
417 35.55 
419 28.30 
419 26.26 
420 0.46 
420 1.18 
420 0.24 
420 0.21 
420 0.09 
420 0.11 
421 103.60 
421 100.92 
423 102.98 
423 98.46 
425 101.72 
425 72.25 
427 86.54 
427 68.07 
429 57.50 
429 55.15 
431 51.10 
431 49.50 
433 64.10 
433 51.79 
435 43.26 
435 32.06 
437 36.79 
437 27.11 
439 63.11 
439 32.19 
441 28.84 
441 39.95 
443 54.17 
443 30.70 
445 36.85 
445 65.31 
447 25.74 
447 16.54 
449 24.62 
449 26.41 
450 2.79 
450 2.37 
450 0.18 
450 0.15 
450 1.20 
450 1.53 
450 0.12 
450 0.12 
450 101.60 
450 101.48 
452 101.44 
452 100.54 
454 103.71 
454 100.57 
456 91.54 
456 68.09 
458 102.39 
458 60.18 
460 104.60 
460 55.69 
462 95.68 
462 39.30 
464 62.06 
464 54.60 
466 73.91 
466 33.73 
468 49.84 
468 23.82 
470 33.10 
470 24.28 
472 35.08 
472 33.78 
474 74.45 
474 59.14 
475 24.14 
475 22.52 
477 5.93 
477 5.92 
479 19.62 
479 14.51 
480 0.33 
480 0.09 
480 0.13 
480 0.10 
480 0.11 
480 0.10 
481 103.34 
481 99.85 
483 105.23 
483 82.34 
485 65.18 
485 92.95 
487 54.78 
487 62.23 
489 57.86 
489 81.66 
491 41.27 
491 60.08 
493 67.03 
493 78.66 
495 51.43 
495 82.89 
497 61.00 
497 44.80 
498 24.53 
498 31.07 
500 22.66 
500 33.60 
502 28.32 
502 30.86 
504 32.85 
504 58.31 
506 72.56 
506 74.82 
508 28.69 
508 24.49 
510 85.73 
510 36.54 
510 0.09 
510 0.07 
510 0.27 
510 0.15 
510 0.13 
510 0.15 
510 103.56 
510 102.48 
512 101.24 
512 100.27 
514 101.34 
514 104.38 
516 102.98 
516 100.80 
518 104.07 
518 104.60 
520 102.52 
520 104.55 
521 103.22 
521 103.65 
523 103.46 
523 103.71 
525 94.31 
525 94.49 
527 94.65 
527 102.75 
529 56.83 
529 86.27 
531 39.89 
531 67.39 
532 18.87 
532 36.85 
534 30.97 
534 28.31 
536 29.09 
536 33.18 
538 37.20 
538 43.54 
540 41.83 
540 36.27 
540 0.08 
540 0.08 
540 0.12 
540 0.14 
540 0.13 
540 0.15 
540 102.21 
540 101.82 
542 101.51 
542 101.07 
544 88.74 
544 88.82 
546 94.50 
546 102.72 
548 94.62 
548 101.63 
550 75.45 
550 85.07 
552 67.94 
552 62.43 
553 65.53 
553 35.52 
555 20.16 
555 16.72 
557 23.15 
557 17.79 
559 22.16 
559 19.40 
561 29.43 
561 49.50 
563 41.87 
563 42.45 
565 28.03 
565 42.80 
567 40.91 
567 79.00 
569 72.77 
569 77.27 
570 8.46 
570 9.85 
570 0.10 
570 0.12 
570 0.19 
570 4.00 
572 102.55 
572 101.06 
574 102.85 
574 101.26 
576 102.04 
576 102.27 
578 104.50 
578 104.41 
580 102.21 
580 103.14 
581 102.33 
581 102.34 
583 102.14 
583 103.64 
585 102.74 
585 103.37 
587 103.09 
587 100.54 
589 101.43 
589 75.95 
591 102.29 
591 48.17 
593 102.13 
593 37.29 
595 102.22 
595 43.97 
597 102.10 
597 34.60 
599 102.82 
599 72.78 
600 101.48 
600 3.05 
600 100.85 
600 0.07 
600 55.76 
600 0.47 
602 103.26 
602 102.22 
604 102.47 
604 101.63 
606 97.19 
606 93.77 
608 70.93 
608 73.44 
610 47.50 
610 52.21 
612 51.08 
612 45.41 
614 77.90 
614 58.37 
616 37.92 
616 36.36 
618 40.02 
618 38.25 
620 34.08 
620 42.43 
622 43.31 
622 93.93 
624 47.36 
624 72.74 
625 17.78 
625 34.31 
627 94.08 
627 91.32 
629 10.16 
629 22.01 
630 0.13 
630 0.14 
630 0.11 
630 0.12 
630 0.17 
630 0.17 
631 102.34 
631 104.57 
633 102.18 
633 101.50 
635 102.83 
635 97.69 
637 102.15 
637 102.25 
639 103.12 
639 90.68 
641 103.98 
641 53.53 
643 103.03 
643 35.10 
644 102.32 
644 31.90 
646 102.50 
646 32.08 
648 103.54 
648 43.19 
650 102.08 
650 73.25 
652 101.85 
652 31.94 
654 103.34 
654 30.20 
656 101.72 
656 19.30 
658 101.56 
658 15.19 
660 102.06 
660 51.14 
660 0.15 
660 0.20 
660 0.34 
660 0.34 
660 0.13 
660 0.16 
662 102.65 
662 103.13 
664 93.89 
664 102.41 
665 90.34 
665 91.69 
667 64.85 
667 80.72 
669 81.46 
669 81.71 
671 73.64 
671 76.31 
673 55.00 
673 53.76 
675 68.55 
675 42.97 
677 29.33 
677 50.56 
679 49.79 
679 46.29 
681 47.71 
681 55.86 
683 29.68 
683 31.25 
685 17.56 
685 43.68 
687 42.35 
687 41.96 
689 43.38 
689 28.84 
690 35.10 
690 0.32 
690 0.10 
690 0.09 
690 0.29 
690 0.15 
692 101.05 
692 100.51 
694 94.77 
694 101.76 
696 99.81 
696 101.30 
698 97.47 
698 102.84 
700 70.47 
700 102.75 
702 25.89 
702 101.85 
703 28.82 
703 101.42 
705 25.37 
705 102.66 
707 47.98 
707 104.09 
709 64.69 
709 102.60 
711 38.55 
711 103.52 
713 35.70 
713 102.75 
715 30.47 
715 95.90 
717 44.55 
717 72.60 
719 34.80 
719 37.30 
720 3.19 
720 5.72 
720 0.17 
720 0.14 
720 1.24 
720 0.55 
722 99.15 
722 103.47 
724 101.26 
724 102.92 
725 103.47 
725 101.77 
727 103.39 
727 103.64 
729 94.32 
729 104.05 
731 81.36 
731 104.37 
733 70.52 
733 102.63 
735 48.07 
735 84.26 
737 48.78 
737 64.61 
739 51.01 
739 69.71 
741 49.27 
741 53.38 
743 54.24 
743 50.66 
745 29.99 
745 42.24 
747 46.28 
747 52.35 
749 98.47 
749 104.32 
750 2.55 
750 2.44 
750 0.14 
750 0.10 
750 2.06 
750 0.25 
752 100.83 
752 101.86 
754 102.77 
754 100.14 
756 102.29 
756 102.65 
757 101.41 
757 90.97 
759 80.80 
759 47.48 
761 102.16 
761 57.10 
763 91.35 
763 57.11 
765 52.18 
765 43.11 
767 38.55 
767 29.33 
768 51.58 
768 56.28 
770 19.58 
770 25.51 
772 66.34 
772 33.66 
774 37.26 
774 39.10 
776 20.85 
776 19.10 
778 10.76 
778 12.34 
779 25.35 
779 60.86 
780 0.10 
780 0.10 
780 0.17 
780 0.14 
780 0.10 
780 0.09 
781 103.67 
781 101.00 
783 102.54 
783 101.09 
785 102.02 
785 94.77 
787 105.98 
787 102.99 
789 103.69 
789 75.24 
791 102.96 
791 58.37 
793 102.13 
793 37.01 
794 102.31 
794 24.22 
796 100.19 
796 43.33 
798 96.05 
798 55.01 
800 76.02 
800 35.46 
802 54.44 
802 40.04 
804 66.45 
804 39.13 
806 58.06 
806 42.13 
808 32.42 
808 26.47 
810 41.36 
810 34.13 
810 0.12 
810 0.09 
810 0.21 
810 1.33 
810 0.13 
810 0.16 
811 101.28 
811 104.24 
813 101.96 
813 101.95 
815 102.70 
815 101.75 
817 89.25 
817 86.97 
819 53.42 
819 47.00 
821 65.45 
821 75.28 
823 69.06 
823 62.71 
825 36.08 
825 50.51 
827 78.05 
827 52.23 
828 39.62 
828 43.06 
830 61.39 
830 51.70 
832 38.82 
832 47.51 
834 39.59 
834 36.42 
836 25.42 
836 26.59 
838 25.51 
838 22.63 
840 26.50 
840 34.25 
840 0.24 
840 0.23 
840 0.07 
840 0.08 
840 0.12 
840 0.10 
840 101.49 
840 102.45 
842 101.65 
842 101.82 
844 102.01 
844 97.97 
846 83.75 
846 63.75 
847 95.30 
847 98.79 
849 80.23 
849 97.92 
851 81.99 
851 81.84 
853 43.93 
853 75.42 
855 42.00 
855 36.81 
857 79.12 
857 39.66 
859 40.36 
859 58.97 
861 35.48 
861 39.52 
863 33.38 
863 37.41 
865 35.84 
865 20.62 
867 20.94 
867 35.41 
869 14.74 
869 22.05 
870 7.73 
870 11.42 
870 0.14 
870 0.17 
870 0.70 
870 2.61 
870 0.13 
870 0.13 
870 103.00 
870 102.71 
871 101.80 
871 101.89 
873 101.99 
873 102.69 
875 91.94 
875 101.51 
877 102.45 
877 101.47 
879 102.54 
879 101.65 
881 103.52 
881 103.54 
883 94.47 
883 102.11 
885 89.86 
885 101.76 
886 77.50 
886 100.46 
888 92.83 
888 106.14 
890 103.82 
890 80.63 
892 50.25 
892 74.19 
894 35.81 
894 44.39 
896 28.19 
896 29.11 
898 66.71 
898 41.95 
900 38.11 
900 32.40 
900 0.08 
900 0.11 
900 0.19 
900 0.25 
900 0.19 
900 0.24 
901 101.01 
901 101.16 
901 101.13 
903 101.29 
903 98.17 
903 99.60 
905 102.86 
905 81.32 
905 102.78 
907 101.44 
907 78.55 
907 101.64 
909 101.89 
909 94.47 
909 102.20 
911 101.48 
911 80.29 
911 102.92 
913 102.76 
913 44.88 
913 102.30 
915 103.66 
915 44.14 
915 99.06 
917 103.83 
917 52.48 
917 101.62 
919 102.68 
919 40.50 
919 68.89 
921 89.85 
921 30.05 
921 78.68 
922 75.15 
922 26.84 
922 102.84 
924 53.51 
924 15.85 
924 56.30 
926 37.11 
926 20.77 
926 70.66 
928 41.66 
928 29.43 
928 64.97 
930 40.37 
930 38.25 
930 40.46 
930 0.11 
930 0.11 
930 0.12 
930 1.05 
930 0.67 
930 0.68 
930 0.15 
930 0.11 
930 0.14 
930 102.15 
930 101.52 
930 101.01 
932 103.53 
932 102.36 
932 103.11 
934 100.83 
934 102.48 
934 103.50 
936 101.85 
936 101.67 
936 102.51 
938 89.44 
938 102.11 
938 100.11 
940 89.94 
940 101.48 
940 88.89 
942 54.98 
942 105.80 
942 44.51 
944 39.24 
944 102.54 
944 42.75 
946 60.50 
946 101.97 
946 63.71 
948 35.67 
948 102.39 
948 61.45 
950 28.93 
950 102.52 
950 33.14 
951 24.67 
951 102.30 
951 42.77 
953 17.61 
953 39.83 
953 10.78 
955 54.16 
955 46.52 
955 50.39 
957 66.12 
957 28.96 
957 29.14 
959 28.38 
959 42.98 
959 23.62 
960 7.02 
960 1.64 
960 1.71 
960 0.14 
960 0.17 
960 0.15 
960 1.01 
960 1.07 
960 1.11 
961 101.18 
961 102.39 
961 101.73 
963 102.67 
963 102.93 
963 104.26 
965 101.60 
965 74.51 
965 102.29 
967 103.96 
967 70.94 
967 102.73 
969 101.47 
969 52.79 
969 101.89 
971 102.95 
971 29.95 
971 89.97 
973 102.31 
973 25.46 
973 83.71 
975 105.17 
975 67.17 
975 58.66 
977 104.62 
977 57.93 
977 61.89 
979 98.29 
979 48.83 
979 70.38 
981 85.38 
981 51.33 
981 60.66 
982 83.37 
982 52.45 
982 69.45 
984 44.73 
984 76.42 
984 40.13 
986 36.26 
986 39.71 
986 39.11 
988 27.49 
988 72.86 
988 84.66 
990 39.65 
990 45.01 
990 63.76 
990 0.22 
990 0.26 
990 0.31 
990 0.10 
990 0.12 
990 0.13 
990 0.12 
990 0.13 
990 0.12 
990 102.23 
990 102.45 
990 100.12 
992 100.42 
992 101.81 
992 100.36 
994 101.83 
994 102.78 
994 102.28 
996 102.41 
996 87.78 
996 103.21 
998 102.75 
998 85.58 
998 89.17 
1000 105.74 
1000 53.81 
1000 54.17 
1002 101.98 
1002 33.30 
1002 51.14 
1003 100.67 
1003 60.16 
1003 45.20 
1005 102.89 
1005 66.27 
1005 43.20 
1007 76.20 
1007 8.86 
1007 19.86 
1009 63.45 
1009 33.11 
1009 31.03 
1011 24.89 
1011 36.47 
1011 33.65 
1013 29.45 
1013 45.02 
1013 28.74 
1015 57.95 
1015 66.98 
1015 65.62 
1016 41.01 
1016 31.07 
1016 44.41 
1018 31.43 
1018 18.66 
1018 13.02 
1020 12.99 
1020 12.55 
1020 14.96 
1020 0.10 
1020 0.14 
1020 0.13 
1020 0.18 
1020 1.14 
1020 0.13 
1020 0.12 
1020 0.11 
1020 0.12 
1020 105.47 
1020 104.24 
1020 103.96 
1021 99.14 
1021 103.25 
1021 101.51 
1023 99.99 
1023 99.93 
1023 102.12 
1025 100.20 
1025 96.48 
1025 84.07 
1027 101.90 
1027 96.90 
1027 79.97 
1029 104.86 
1029 72.05 
1029 82.31 
1031 103.30 
1031 59.27 
1031 62.83 
1033 102.54 
1033 30.57 
1033 60.91 
1035 102.22 
1035 53.24 
1035 53.75 
1037 103.11 
1037 41.03 
1037 42.40 
1039 99.48 
1039 22.95 
1039 32.81 
1041 85.51 
1041 31.23 
1041 39.19 
1042 41.90 
1042 15.53 
1042 18.57 
1044 43.73 
1044 24.52 
1044 28.78 
1046 30.91 
1046 17.98 
1046 19.02 
1048 25.68 
1048 52.64 
1048 74.35 
1050 41.50 
1050 17.33 
1050 28.46 
1050 0.11 
1050 0.10 
1050 0.10 
1050 0.15 
1050 0.11 
1050 0.11 
1050 0.15 
1050 0.19 
1050 0.16 
1051 102.28 
1051 102.18 
1051 100.20 
1053 102.41 
1053 100.24 
1053 101.20 
1055 85.83 
1055 101.63 
1055 100.66 
1057 61.11 
1057 70.43 
1057 64.30 
1059 45.12 
1059 53.96 
1059 58.39 
1061 73.50 
1061 68.54 
1061 89.63 
1063 51.30 
1063 88.72 
1063 87.08 
1065 73.52 
1065 88.83 
1065 56.40 
1067 56.85 
1067 48.40 
1067 58.82 
1069 47.41 
1069 42.21 
1069 80.46 
1070 34.63 
1070 42.23 
1070 44.06 
1072 46.27 
1072 39.63 
1072 48.47 
1074 40.61 
1074 39.90 
1074 37.66 
1076 48.82 
1076 56.32 
1076 61.46 
1078 67.70 
1078 40.85 
1078 41.51 
1080 33.18 
1080 79.19 
1080 34.91 
1080 0.13 
1080 0.20 
1080 0.14 
1080 0.59 
1080 1.32 
1080 0.62 
1080 0.16 
1080 0.13 
1080 0.17 
1080 99.75 
1080 100.03 
1080 101.93 
1082 100.82 
1082 102.25 
1082 101.95 
1084 100.21 
1084 101.58 
1084 104.17 
1086 87.28 
1086 104.49 
1086 105.00 
1088 73.33 
1088 103.58 
1088 103.47 
1090 67.51 
1090 102.57 
1090 92.13 
1092 64.56 
1092 102.84 
1092 78.04 
1093 49.33 
1093 101.50 
1093 47.13 
1095 34.15 
1095 102.01 
1095 39.37 
1097 28.01 
1097 103.91 
1097 50.64 
1099 76.66 
1099 103.41 
1099 58.08 
1101 33.40 
1101 103.18 
1101 58.20 
1103 33.10 
1103 102.78 
1103 23.58 
1105 24.11 
1105 78.05 
1105 23.54 
1106 22.69 
1106 42.26 
1106 16.10 
1108 30.28 
1108 45.60 
1108 40.59 
1110 34.17 
1110 36.72 
1110 32.60 
1110 0.12 
1110 0.10 
1110 0.10 
1110 1.36 
1110 0.84 
1110 0.99 
1110 0.12 
1110 0.14 
1110 0.12 
1110 101.41 
1110 101.25 
1110 103.16 
1112 100.49 
1112 102.67 
1112 102.69 
1114 102.88 
1114 95.97 
1114 98.39 
1116 101.74 
1116 87.29 
1116 103.75 
1118 93.86 
1118 82.54 
1118 101.53 
1119 96.39 
1119 82.80 
1119 105.30 
1121 60.36 
1121 76.30 
1121 102.34 
1123 73.53 
1123 50.91 
1123 97.97 
1125 48.22 
1125 37.60 
1125 95.60 
1127 16.35 
1127 58.11 
1127 24.44 
1129 15.72 
1129 12.37 
1129 26.70 
1131 20.55 
1131 12.05 
1131 21.98 
1133 26.12 
1133 22.21 
1133 31.60 
1135 81.36 
1135 95.00 
1135 57.64 
1137 42.24 
1137 54.97 
1137 48.85 
1138 56.33 
1138 33.87 
1138 22.48 
1140 16.02 
1140 89.28 
1140 10.59 
1140 0.13 
1140 0.10 
1140 0.10 
1140 1.60 
1140 1.34 
1140 0.18 
1140 0.15 
1140 0.11 
1140 0.12 
1140 99.96 
1140 101.21 
1140 103.57 
1141 102.53 
1141 101.34 
1141 104.32 
1143 102.23 
1143 102.97 
1143 98.91 
1145 102.82 
1145 88.43 
1145 103.08 
1147 103.77 
1147 79.73 
1147 102.31 
1149 102.27 
1149 32.26 
1149 56.62 
1151 103.16 
1151 86.18 
1151 73.04 
1152 103.28 
1152 51.57 
1152 49.29 
1154 103.38 
1154 54.48 
1154 43.79 
1156 98.95 
1156 65.85 
1156 33.18 
1158 91.84 
1158 49.01 
1158 43.15 
1160 61.99 
1160 23.70 
1160 30.28 
1162 42.20 
1162 20.15 
1162 35.32 
1164 101.61 
1164 64.32 
1164 56.32 
1166 103.07 
1166 53.90 
1166 44.78 
1167 81.00 
1167 35.95 
1167 35.96 
1169 42.28 
1169 32.60 
1169 33.92 
1170 0.15 
1170 0.18 
1170 0.48 
1170 0.26 
1170 0.17 
1170 0.17 
1170 0.09 
1170 0.10 
1170 0.13 
1172 101.39 
1172 100.95 
1172 102.32 
1174 102.93 
1174 105.16 
1174 104.20 
1176 102.89 
1176 93.58 
1176 101.94 
1178 92.46 
1178 78.20 
1178 101.31 
1180 69.43 
1180 56.23 
1180 84.72 
1182 39.03 
1182 46.84 
1182 55.63 
1183 38.22 
1183 28.71 
1183 44.62 
1185 18.57 
1185 16.95 
1185 14.78 
1187 40.20 
1187 26.03 
1187 51.56 
1189 32.34 
1189 46.86 
1189 43.69 
1191 28.30 
1191 71.82 
1191 20.32 
1193 24.58 
1193 28.19 
1193 37.26 
1195 15.38 
1195 45.55 
1195 19.79 
1196 25.98 
1196 87.24 
1196 33.87 
1198 27.35 
1198 18.74 
1198 24.21 
1200 86.07 
1200 27.55 
1200 15.42 
1200 0.12 
1200 0.14 
1200 0.09 
1200 1.22 
1200 1.59 
1200 0.18 
1200 0.11 
1200 0.12 
1200 0.11 
1202 103.16 
1202 97.88 
1202 95.38 
1204 102.20 
1204 95.53 
1204 76.42 
1206 83.24 
1206 67.72 
1206 92.49 
1207 96.58 
1207 58.55 
1207 85.69 
1209 71.20 
1209 78.07 
1209 76.97 
1211 68.05 
1211 65.75 
1211 64.16 
1213 43.58 
1213 51.07 
1213 45.98 
1215 38.18 
1215 26.15 
1215 83.32 
1217 26.98 
1217 25.01 
1217 37.72 
1219 31.67 
1219 52.39 
1219 29.09 
1221 31.93 
1221 100.75 
1221 36.99 
1223 19.79 
1223 100.38 
1223 26.23 
1225 57.80 
1225 38.63 
1225 26.80 
1226 39.21 
1226 29.68 
1226 47.45 
1228 25.65 
1228 23.21 
1228 18.10 
1230 31.62 
1230 19.65 
1230 26.11 
1230 0.09 
1230 0.09 
1230 0.08 
1230 1.00 
1230 2.52 
1230 1.23 
1230 0.10 
1230 0.16 
1230 0.11 
1230 102.05 
1230 100.22 
1230 100.13 
1231 100.54 
1231 101.49 
1231 101.23 
1233 99.02 
1233 102.12 
1233 102.22 
1235 95.94 
1235 103.71 
1235 101.47 
1237 102.16 
1237 98.60 
1237 98.66 
1239 83.28 
1239 105.90 
1239 86.21 
1241 76.84 
1241 87.75 
1241 71.38 
1243 42.41 
1243 83.36 
1243 49.24 
1245 52.12 
1245 67.17 
1245 33.69 
1247 41.23 
1247 43.81 
1247 38.56 
1249 55.36 
1249 78.57 
1249 34.67 
1251 32.92 
1251 45.72 
1251 31.04 
1253 21.22 
1253 36.08 
1253 36.32 
1255 15.77 
1255 15.91 
1255 28.53 
1257 25.77 
1257 27.34 
1257 17.28 
1258 21.39 
1258 32.58 
1258 33.85 
1260 13.03 
1260 13.74 
1260 14.65 
1260 0.16 
1260 0.13 
1260 0.17 
1260 0.24 
1260 0.16 
1260 0.19 
1260 0.14 
1260 0.11 
1260 0.17 
1260 101.82 
1260 102.97 
1260 102.71 
1261 106.14 
1261 104.96 
1261 105.08 
1263 101.86 
1263 101.94 
1263 101.34 
1265 84.53 
1265 98.30 
1265 102.91 
1267 61.61 
1267 78.87 
1267 103.24 
1269 76.93 
1269 63.71 
1269 103.65 
1271 79.94 
1271 67.74 
1271 100.65 
1273 31.92 
1273 65.98 
1273 102.16 
1275 33.18 
1275 32.43 
1275 103.05 
1277 20.66 
1277 30.69 
1277 105.26 
1279 16.43 
1279 22.62 
1279 87.86 
1281 31.03 
1281 41.35 
1281 70.94 
1283 37.50 
1283 87.90 
1283 52.74 
1285 46.15 
1285 48.12 
1285 66.40 
1286 30.58 
1286 39.56 
1286 62.28 
1288 20.67 
1288 25.32 
1288 20.01 
1290 40.55 
1290 10.43 
1290 14.41 
1290 0.21 
1290 0.23 
1290 0.19 
1290 1.15 
1290 1.11 
1290 1.14 
1290 0.11 
1290 0.42 
1290 0.12 
1290 103.74 
1290 102.13 
1290 101.27 
1291 102.69 
1291 101.99 
1291 98.96 
1293 100.78 
1293 93.22 
1293 101.12 
1295 95.66 
1295 64.13 
1295 105.36 
1297 72.36 
1297 77.85 
1297 102.90 
1299 66.30 
1299 81.15 
1299 102.03 
1301 75.26 
1301 66.60 
1301 102.28 
1303 43.30 
1303 68.66 
1303 103.60 
1305 21.95 
1305 21.36 
1305 102.38 
1307 15.96 
1307 57.30 
1307 102.05 
1309 23.15 
1309 27.98 
1309 104.21 
1311 23.74 
1311 24.78 
1311 99.89 
1312 22.55 
1312 80.26 
1312 103.96 
1314 44.31 
1314 103.83 
1314 102.76 
1316 35.00 
1316 42.39 
1316 103.11 
1318 21.29 
1318 32.68 
1318 103.29 
1320 14.77 
1320 27.06 
1320 85.92 
1320 0.21 
1320 0.17 
1320 0.22 
1320 1.08 
1320 1.38 
1320 0.73 
1320 0.13 
1320 0.12 
1320 0.15 
1320 100.80 
1320 100.61 
1320 106.23 
1321 102.73 
1321 102.28 
1321 102.11 
1323 102.12 
1323 103.56 
1323 102.09 
1325 101.80 
1325 102.14 
1325 102.87 
1327 66.42 
1327 86.05 
1327 104.44 
1329 71.35 
1329 89.90 
1329 102.81 
1331 36.55 
1331 105.19 
1331 103.29 
1333 48.10 
1333 102.85 
1333 105.77 
1335 61.73 
1335 92.49 
1335 104.59 
1337 70.57 
1337 81.20 
1337 104.77 
1339 76.96 
1339 46.07 
1339 103.17 
1340 29.77 
1340 29.84 
1340 104.20 
1342 41.51 
1342 16.64 
1342 103.33 
1344 19.31 
1344 29.78 
1344 87.18 
1346 38.97 
1346 40.32 
1346 67.09 
1348 32.98 
1348 28.65 
1348 43.90 
1350 34.00 
1350 37.22 
1350 63.04 
1350 0.16 
1350 0.16 
1350 0.15 
1350 0.15 
1350 0.16 
1350 0.15 
1350 0.17 
1350 0.17 
1350 0.17 
1350 105.32 
1350 104.61 
1350 103.58 
1352 100.08 
1352 100.12 
1352 100.45 
1354 101.03 
1354 102.58 
1354 102.87 
1356 63.53 
1356 69.47 
1356 92.13 
1357 66.90 
1357 56.49 
1357 97.91 
1359 69.24 
1359 45.81 
1359 90.38 
1361 65.41 
1361 44.24 
1361 56.45 
1363 58.65 
1363 48.89 
1363 63.77 
1365 40.76 
1365 34.88 
1365 30.55 
1367 26.74 
1367 30.74 
1367 32.96 
1369 28.26 
1369 25.23 
1369 30.17 
1371 26.99 
1371 20.27 
1371 20.96 
1373 16.35 
1373 13.32 
1373 14.64 
1374 60.72 
1374 30.49 
1374 25.04 
1376 59.33 
1376 59.02 
1376 16.66 
1378 40.80 
1378 30.33 
1378 24.26 
1380 35.16 
1380 17.77 
1380 24.01 
1380 0.12 
1380 0.12 
1380 0.11 
1380 0.16 
1380 0.18 
1380 0.11 
1380 0.16 
1380 0.15 
1380 0.16 
1380 103.09 
1380 103.68 
1382 101.96 
1382 101.22 
1384 101.38 
1384 100.84 
1386 101.88 
1386 102.20 
1388 102.77 
1388 103.09 
1390 102.79 
1390 70.30 
1391 71.53 
1391 46.92 
1393 89.12 
1393 32.36 
1395 71.22 
1395 36.28 
1397 69.70 
1397 63.01 
1399 56.99 
1399 95.11 
1401 36.76 
1401 35.89 
1403 42.01 
1403 80.48 
1405 56.39 
1405 58.13 
1407 41.89 
1407 31.91 
1409 42.54 
1409 32.39 
1410 2.99 
1410 3.55 
1410 0.11 
1410 0.10 
1410 1.25 
1410 1.37 
1412 103.39 
1412 101.81 
1414 103.27 
1414 103.20 
1416 102.32 
1416 102.39 
1418 85.56 
1418 96.44 
1419 87.53 
1419 97.35 
1421 68.83 
1421 54.08 
1423 51.86 
1423 65.17 
1425 34.00 
1425 49.21 
1427 32.20 
1427 30.25 
1429 91.30 
1429 54.95 
1431 53.18 
1431 39.52 
1433 32.03 
1433 40.33 
1435 94.62 
1435 32.69 
1437 33.61 
1437 60.10 
1439 59.04 
1439 31.34 
1440 38.46 
1440 30.05 
1440 0.10 
1440 0.12 
1440 1.04 
1440 1.42 
1440 0.15 
1440 0.13 
1440 100.69 
1440 100.97 
1441 93.10 
1441 97.51 
1443 103.02 
1443 106.18 
1445 95.17 
1445 94.04 
1447 103.99 
1447 75.83 
1449 91.46 
1449 65.91 
1451 94.96 
1451 62.98 
1452 50.52 
1452 35.79 
1454 65.93 
1454 39.91 
1456 41.94 
1456 38.82 
1458 68.83 
1458 65.74 
1460 36.39 
1460 44.12 
1462 45.03 
1462 50.27 
1464 23.10 
1464 24.08 
1466 41.00 
1466 35.73 
1467 39.59 
1467 31.27 
1469 23.87 
1469 29.17 
1470 0.17 
1470 0.20 
1470 0.20 
1470 0.18 
1470 0.14 
1470 0.14 
1471 104.13 
1471 103.22 
1473 102.81 
1473 102.03 
1475 75.57 
1475 86.37 
1477 70.45 
1477 89.52 
1479 54.69 
1479 51.57 
1481 58.95 
1481 55.87 
1483 83.44 
1483 58.96 
1485 73.70 
1485 46.55 
1487 47.05 
1487 50.16 
1489 77.11 
1489 41.42 
1490 21.31 
1490 26.48 
1492 51.29 
1492 40.52 
1494 60.96 
1494 29.32 
1496 32.30 
1496 48.54 
1498 77.73 
1498 62.13 
1500 34.23 
1500 20.62 
1500 0.20 
1500 0.29 
1500 0.65 
1500 0.61 
1500 0.12 
1500 0.13 
1500 101.11 
1500 101.21 
1502 100.04 
1502 101.08 
1504 100.82 
1504 102.74 
1506 87.89 
1506 102.11 
1508 93.23 
1508 104.12 
1510 63.68 
1510 105.49 
1512 61.51 
1512 104.52 
1514 49.75 
1514 102.07 
1516 31.64 
1516 102.93 
1518 72.40 
1518 101.88 
1520 26.64 
1520 101.02 
1521 24.60 
1521 102.76 
1523 24.25 
1523 102.21 
1525 21.96 
1525 104.08 
1527 98.15 
1527 103.26 
1529 26.67 
1529 69.14 
1530 0.13 
1530 0.10 
1530 0.08 
1530 0.09 
1530 0.22 
1530 0.23 
1532 101.20 
1532 100.54 
1532 100.57 
1534 100.79 
1534 102.76 
1534 102.41 
1536 93.60 
1536 95.52 
1536 104.01 
1538 58.04 
1538 76.22 
1538 102.46 
1540 65.50 
1540 42.83 
1540 103.93 
1542 51.27 
1542 29.15 
1542 102.69 
1544 37.60 
1544 21.26 
1544 102.42 
1545 19.26 
1545 30.79 
1545 73.74 
1547 28.35 
1547 36.38 
1547 71.61 
1549 31.91 
1549 35.27 
1549 53.86 
1551 39.49 
1551 33.23 
1551 31.94 
1553 13.64 
1553 15.46 
1553 27.96 
1555 16.38 
1555 17.44 
1555 15.09 
1557 16.28 
1557 12.54 
1557 31.98 
1559 25.00 
1559 24.15 
1559 21.91 
1560 5.57 
1560 4.23 
1560 12.62 
1560 0.10 
1560 0.07 
1560 0.09 
1560 1.51 
1560 0.18 
1560 2.58 
1561 99.53 
1561 99.71 
1561 100.19 
1563 101.47 
1563 98.90 
1563 101.07 
1565 104.27 
1565 79.21 
1565 102.20 
1567 50.00 
1567 50.14 
1567 103.71 
1569 50.23 
1569 51.42 
1569 71.35 
1571 45.57 
1571 45.02 
1571 50.04 
1573 58.88 
1573 31.15 
1573 45.65 
1575 50.33 
1575 32.19 
1575 44.53 
1577 38.01 
1577 25.56 
1577 41.05 
1579 17.26 
1579 29.24 
1579 29.61 
1580 19.72 
1580 19.20 
1580 20.81 
1582 15.45 
1582 16.26 
1582 19.01 
1584 23.11 
1584 17.90 
1584 17.78 
1586 24.92 
1586 32.65 
1586 28.61 
1588 23.18 
1588 32.23 
1588 18.52 
1590 31.89 
1590 71.57 
1590 21.75 
1590 0.23 
1590 0.16 
1590 0.21 
1590 0.16 
1590 0.10 
1590 0.12 
1590 0.11 
1590 0.11 
1590 0.13 
1590 102.86 
1590 103.07 
1592 101.44 
1592 100.67 
1594 103.23 
1594 103.14 
1596 102.20 
1596 98.55 
1598 80.34 
1598 86.34 
1600 34.73 
1600 40.39 
1601 27.84 
1601 55.63 
1603 61.61 
1603 45.72 
1605 36.69 
1605 38.81 
1607 36.17 
1607 75.65 
1609 26.28 
1609 50.96 
1611 78.53 
1611 41.50 
1613 18.81 
1613 17.57 
1615 24.01 
1615 11.01 
1617 48.28 
1617 31.35 
1619 48.77 
1619 74.44 
1620 4.73 
1620 3.52 
1620 0.25 
1620 0.20 
1620 1.04 
1620 1.12 
1620 0.14 
1620 0.12 
1620 100.96 
1620 104.34 
1621 102.66 
1621 102.96 
1623 72.31 
1623 94.65 
1625 96.70 
1625 103.15 
1627 103.11 
1627 63.17 
1629 102.50 
1629 71.82 
1631 102.44 
1631 57.16 
1633 104.82 
1633 48.96 
1635 102.41 
1635 59.66 
1637 98.14 
1637 46.45 
1639 64.96 
1639 30.31 
1641 50.84 
1641 33.67 
1642 77.21 
1642 100.81 
1644 48.05 
1644 59.48 
1646 32.22 
1646 58.24 
1648 40.93 
1648 34.61 
1650 30.65 
1650 24.85 
1650 0.15 
1650 0.18 
1650 0.15 
1650 1.60 
1650 0.13 
1650 0.12 
1650 104.84 
1650 103.93 
1651 102.51 
1651 102.10 
1653 101.97 
1653 101.36 
1655 102.16 
1655 100.63 
1657 92.05 
1657 67.05 
1659 65.13 
1659 66.11 
1661 46.86 
1661 62.24 
1663 51.84 
1663 52.70 
1664 50.61 
1664 40.40 
1666 45.05 
1666 40.46 
1668 33.52 
1668 29.50 
1670 36.92 
1670 92.13 
1672 26.36 
1672 16.57 
1674 29.68 
1674 34.76 
1676 39.99 
1676 47.35 
1678 28.66 
1678 35.98 
1680 74.55 
1680 30.01 
1680 0.10 
1680 0.11 
1680 0.11 
1680 0.13 
1680 0.11 
1680 0.14 
1682 63.25 
1682 81.67 
1684 96.58 
1684 102.29 
1685 73.58 
1685 101.27 
1687 94.46 
1687 102.76 
1689 65.38 
1689 103.76 
1691 96.54 
1691 102.90 
1693 63.80 
1693 102.27 
1695 67.18 
1695 102.14 
1697 73.96 
1697 104.25 
1699 14.47 
1699 81.31 
1701 30.51 
1701 66.92 
1703 14.14 
1703 49.41 
1705 21.06 
1705 33.95 
1707 23.22 
1707 23.21 
1709 90.86 
1709 35.82 
1710 73.08 
1710 9.60 
1710 0.14 
1710 0.14 
1710 0.17 
1710 1.12 
1712 102.06 
1712 93.46 
1714 102.66 
1714 93.35 
1716 98.56 
1716 73.72 
1718 103.14 
1718 42.91 
1720 102.36 
1720 59.46 
1722 102.42 
1722 31.75 
1724 103.00 
1724 65.03 
1725 103.09 
1725 37.19 
1727 95.75 
1727 53.39 
1729 59.08 
1729 26.75 
1731 55.30 
1731 41.38 
1733 39.18 
1733 34.97 
1735 33.56 
1735 26.81 
1737 16.14 
1737 30.15 
1739 56.31 
1739 32.18 
1740 0.10 
1740 1.21 
1740 0.15 
1740 0.13 
1740 0.08 
1740 0.09 
1742 101.92 
1742 102.22 
1744 84.96 
1744 103.42 
1746 69.16 
1746 79.98 
1748 72.17 
1748 86.59 
1750 67.56 
1750 54.49 
1752 57.79 
1752 56.93 
1754 31.37 
1754 35.09 
1756 43.91 
1756 47.28 
1758 23.78 
1758 47.06 
1760 38.53 
1760 32.82 
1762 41.11 
1762 23.23 
1764 44.55 
1764 44.19 
1766 58.61 
1766 9.52 
1768 26.21 
1768 22.31 
1769 31.27 
1769 38.99 
1770 0.23 
1770 0.18 
1770 0.11 
1770 0.14 
1770 0.07 
1770 0.08 
1771 101.34 
1771 101.97 
1773 98.19 
1773 101.72 
1775 75.36 
1775 95.57 
1777 73.15 
1777 84.19 
1779 65.03 
1779 62.43 
1781 59.06 
1781 46.06 
1783 57.77 
1783 52.16 
1785 34.88 
1785 40.55 
1787 18.19 
1787 25.54 
1789 58.50 
1789 26.13 
1791 28.28 
1791 23.66 
1793 20.71 
1793 31.53 
1795 67.28 
1795 30.40 
1797 31.81 
1797 31.44 
1799 50.49 
1799 26.81 
1800 6.17 
1800 4.00 
1800 0.15 
1800 0.17 
1800 0.26 
1800 0.16 
1802 94.15 
1802 101.08 
1804 68.74 
1804 100.60 
1806 52.82 
1806 53.78 
1808 102.31 
1808 102.07 
1810 102.34 
1810 68.24 
1812 90.19 
1812 58.34 
1814 78.20 
1814 53.46 
1815 50.93 
1815 34.68 
1817 29.00 
1817 43.56 
1819 35.48 
1819 25.29 
1821 34.69 
1821 43.55 
1823 31.65 
1823 30.34 
1825 29.24 
1825 23.26 
1827 43.52 
1827 38.30 
1829 26.16 
1829 51.41 
1830 0.15 
1830 0.09 
1830 0.09 
1830 0.08 
1830 0.19 
1830 0.14 
1831 102.21 
1831 102.39 
1833 101.89 
1833 102.11 
1835 95.11 
1835 96.49 
1837 80.78 
1837 62.63 
1839 57.07 
1839 35.47 
1841 44.94 
1841 50.80 
1843 45.98 
1843 27.76 
1845 48.51 
1845 59.46 
1847 47.38 
1847 52.67 
1849 24.63 
1849 30.75 
1851 35.94 
1851 29.51 
1853 23.35 
1853 27.11 
1855 29.09 
1855 18.91 
1857 21.92 
1857 48.27 
1859 19.55 
1859 35.26 
1860 9.80 
1860 12.51 
1860 0.25 
1860 0.20 
1860 0.33 
1860 0.27 
1860 0.13 
1860 0.13 
1860 102.04 
1860 102.57 
1862 99.07 
1862 91.89 
1863 72.71 
1863 101.59 
1865 67.89 
1865 84.22 
1867 47.33 
1867 61.50 
1869 52.06 
1869 60.30 
1871 66.82 
1871 51.48 
1873 47.39 
1873 53.37 
1875 48.86 
1875 27.51 
1877 39.05 
1877 33.34 
1879 33.14 
1879 35.21 
1881 32.40 
1881 23.83 
1883 20.03 
1883 37.64 
1885 17.77 
1885 21.49 
1887 22.46 
1887 27.74 
1889 44.08 
1889 24.84 
1890 4.17 
1890 2.75 
1890 0.07 
1890 0.09 
1890 0.13 
1890 1.21 
1890 0.13 
1890 0.13 
1890 102.21 
1890 103.27 
1892 100.89 
1892 101.50 
1894 97.45 
1894 101.36 
1896 94.17 
1896 102.29 
1898 102.09 
1898 102.24 
1900 77.85 
1900 103.65 
1902 48.46 
1902 102.47 
1904 49.77 
1904 103.09 
1906 27.36 
1906 102.19 
1908 29.71 
1908 98.48 
1910 26.63 
1910 57.52 
1912 42.37 
1912 41.95 
1914 19.40 
1914 53.97 
1915 50.59 
1915 36.66 
1917 13.66 
1917 27.01 
1919 26.31 
1919 41.67 
1920 0.09 
1920 0.28 
1920 0.09 
1920 0.07 
1920 0.12 
1920 0.16 
1922 93.04 
1922 87.48 
1924 101.51 
1924 73.77 
1926 56.22 
1926 43.18 
1928 69.69 
1928 44.11 
1930 51.33 
1930 36.75 
1932 47.25 
1932 43.69 
1934 30.59 
1934 18.13 
1936 27.86 
1936 43.69 
1938 31.69 
1938 45.97 
1940 10.64 
1940 46.07 
1942 14.90 
1942 23.94 
1944 25.76 
1944 23.84 
1946 14.78 
1946 25.28 
1948 30.85 
1948 16.12 
1950 16.55 
1950 13.92 
1950 0.16 
1950 0.15 
1950 0.14 
1950 0.14 
1950 0.15 
1950 0.11 
1952 93.57 
1952 96.64 
1954 103.66 
1954 102.80 
1956 58.37 
1956 81.43 
1958 47.54 
1958 57.85 
1960 56.44 
1960 44.93 
1962 37.17 
1962 55.02 
1964 30.54 
1964 34.23 
1966 26.06 
1966 40.86 
1968 37.29 
1968 23.11 
1970 25.66 
1970 22.88 
1972 22.75 
1972 26.71 
1974 13.20 
1974 15.64 
1976 26.71 
1976 22.27 
1977 17.79 
1977 35.49 
1979 47.67 
1979 10.45 
1980 0.50 
1980 0.28 
1980 0.14 
1980 0.16 
1980 0.09 
1980 0.09 
1981 82.26 
1981 99.66 
1983 53.85 
1983 100.41 
1985 77.67 
1985 100.82 
1987 46.58 
1987 50.33 
1989 42.31 
1989 63.54 
1991 41.20 
1991 45.23 
1993 23.37 
1993 20.74 
1995 41.82 
1995 40.73 
1997 17.66 
1997 19.25 
1999 19.47 
1999 15.44 
2001 16.29 
2001 36.54 
2003 12.99 
2003 14.85 
2005 29.73 
2005 28.27 
2007 28.34 
2007 25.26 
2009 12.37 
2009 16.32 
2010 0.55 
2010 0.25 
2010 0.09 
2010 0.10 
2010 0.11 
2010 1.02 
2012 100.92 
2014 100.03 
2016 96.67 
2018 68.34 
2020 58.67 
2022 56.21 
2024 58.50 
2026 82.07 
2028 37.74 
2030 53.00 
2032 40.21 
2034 43.35 
2036 68.57 
2038 43.18 
2040 41.44 
2040 0.11 
2040 0.12 
2040 0.12 
2040 100.79 
2042 101.59 
2044 102.31 
2046 87.56 
2048 68.13 
2050 64.51 
2052 59.74 
2054 37.79 
2056 65.44 
2058 72.03 
2060 38.21 
2062 95.38 
2064 46.21 
2066 45.89 
2068 39.39 
2070 42.47 
2070 0.15 
2070 0.15 
2070 0.18 
2070 101.71 
2072 102.93 
2074 98.57 
2076 75.14 
2078 83.92 
2080 85.98 
2082 69.27 
2084 45.58 
2086 55.96 
2088 43.73 
2090 54.26 
2092 32.81 
2094 44.41 
2096 24.19 
2098 72.32 
2100 50.21 
2100 0.08 
2100 0.08 
2100 0.19 
2102 101.91 
2104 100.21 
2106 101.03 
2108 73.58 
2110 75.10 
2112 45.07 
2113 24.57 
2115 55.92 
2117 25.03 
2119 38.97 
2121 26.21 
2123 67.92 
2125 31.64 
2127 33.33 
2129 21.44 
2130 0.11 
2130 0.13 
2130 0.15 
2132 98.54 
2134 103.06 
2136 70.57 
2138 73.44 
2140 85.71 
2142 62.91 
2144 50.45 
2146 49.60 
2148 55.81 
2150 74.04 
2152 43.83 
2154 52.36 
2156 30.59 
2158 30.35 
2160 37.77 
2160 0.11 
2160 0.70 
2160 0.16 
2160 100.81 
2162 101.40 
2164 101.49 
2166 102.19 
2168 102.57 
2170 102.44 
2172 101.89 
2174 102.18 
2176 102.41 
2178 102.53 
2180 101.98 
2182 102.15 
2184 101.38 
2186 102.24 
2188 103.24 
2190 102.47 
2190 0.16 
2190 0.13 
2190 1.27 
2191 102.24 
2191 104.78 
2193 103.55 
2193 103.04 
2195 73.50 
2195 82.83 
2197 86.80 
2197 102.52 
2199 75.23 
2199 86.93 
2201 60.64 
2201 68.07 
2203 35.47 
2203 68.50 
2205 67.09 
2205 31.02 
2207 18.22 
2207 38.42 
2209 40.32 
2209 41.60 
2211 33.10 
2211 23.71 
2213 23.75 
2213 24.85 
2215 31.58 
2215 15.09 
2217 30.37 
2217 41.15 
2219 47.72 
2219 40.54 
2220 4.96 
2220 4.88 
2220 0.14 
2220 0.10 
2220 1.27 
2220 0.22 
2222 101.71 
2222 101.15 
2224 92.76 
2224 101.46 
2226 59.69 
2226 95.67 
2227 59.40 
2227 90.07 
2229 20.79 
2229 32.06 
2231 15.80 
2231 30.77 
2233 53.60 
2233 44.01 
2235 37.48 
2235 32.62 
2237 34.83 
2237 37.52 
2239 25.53 
2239 40.09 
2241 47.89 
2241 71.11 
2243 31.59 
2243 31.68 
2244 17.24 
2244 11.72 
2246 13.40 
2246 13.90 
2248 8.58 
2248 12.40 
2250 8.34 
2250 14.42 
2250 0.14 
2250 0.15 
2250 1.25 
2250 1.17 
2250 0.14 
2250 0.26 
2250 101.59 
2250 101.15 
2252 101.39 
2252 102.88 
2254 101.25 
2254 101.72 
2256 99.51 
2256 95.14 
2258 70.57 
2258 101.03 
2260 25.84 
2260 65.14 
2262 26.11 
2262 38.65 
2264 28.87 
2264 28.99 
2266 45.99 
2266 26.71 
2268 32.83 
2268 69.54 
2270 41.55 
2270 40.97 
2271 23.05 
2271 24.31 
2273 25.38 
2273 27.99 
2275 21.18 
2275 18.80 
2277 36.54 
2277 22.02 
2279 23.51 
2279 43.87 
2280 0.14 
2280 0.30 
2280 0.30 
2280 0.35 
2280 1.12 
2280 1.08 
2281 101.23 
2281 101.16 
2283 102.61 
2283 101.96 
2285 90.70 
2285 87.62 
2287 65.64 
2287 81.00 
2289 46.22 
2289 99.82 
2291 25.83 
2291 74.28 
2293 24.43 
2293 49.03 
2295 32.23 
2295 43.72 
2297 40.51 
2297 33.28 
2299 30.34 
2299 40.13 
2301 66.55 
2301 42.91 
2303 35.87 
2303 35.48 
2305 29.20 
2305 30.77 
2307 33.91 
2307 14.54 
2308 11.08 
2308 24.66 
2310 22.86 
2310 17.80 
2310 0.19 
2310 0.20 
2310 1.44 
2310 1.02 
2310 0.14 
2310 0.13 
2310 102.20 
2310 104.92 
2312 100.87 
2312 101.57 
2314 94.74 
2314 102.39 
2316 80.45 
2316 101.97 
2318 55.90 
2318 101.95 
2320 78.54 
2320 80.25 
2322 41.22 
2322 52.99 
2324 43.47 
2324 69.73 
2326 22.63 
2326 22.25 
2328 31.16 
2328 28.96 
2330 21.48 
2330 22.51 
2331 18.37 
2331 15.07 
2333 17.83 
2333 16.82 
2335 22.55 
2335 11.09 
2337 46.39 
2337 28.98 
2339 29.14 
2339 21.49 
2340 0.49 
2340 0.19 
2340 0.19 
2340 0.17 
2340 1.15 
2340 1.10 
2341 101.65 
2343 92.17 
2345 101.48 
2347 102.04 
2349 103.61 
2351 103.06 
2353 102.57 
2355 102.86 
2357 92.41 
2359 73.97 
2361 43.51 
2362 31.92 
2364 62.93 
2366 41.39 
2368 56.61 
2370 47.74 
2370 0.17 
2370 0.37 
2370 0.17 
2370 101.49 
2372 102.19 
2374 102.81 
2376 101.83 
2378 99.88 
2380 61.89 
2382 40.62 
2384 56.44 
2386 64.74 
2387 37.80 
2389 40.36 
2391 53.77 
2393 32.75 
2395 37.27 
2397 39.78 
2399 102.33 
2400 5.15 
2400 0.18 
2400 1.32 
2402 102.80 
2404 100.79 
2406 101.19 
2408 100.97 
2409 103.46 
2411 103.99 
2413 102.60 
2415 100.41 
2417 100.96 
2419 104.17 
2421 101.64 
2423 102.74 
2425 102.15 
2427 102.91 
2429 86.16 
2430 0.20 
2430 0.10 
2430 1.40 
2432 103.41 
2432 103.52 
2434 102.96 
2434 101.55 
2436 101.09 
2436 101.95 
2438 102.77 
2438 58.62 
2440 104.38 
2440 48.62 
2442 104.85 
2442 49.71 
2444 102.04 
2444 56.52 
2446 103.99 
2446 33.10 
2448 103.22 
2448 31.55 
2450 102.43 
2450 50.38 
2452 103.29 
2452 24.56 
2453 100.94 
2453 35.60 
2455 92.30 
2455 27.21 
2457 95.32 
2457 91.88 
2459 63.30 
2459 45.07 
2460 0.16 
2460 0.29 
2460 0.15 
2460 0.14 
2460 3.51 
2460 1.30 
2461 102.96 
2461 102.72 
2463 102.47 
2463 102.95 
2465 102.99 
2465 101.58 
2467 88.33 
2467 104.37 
2469 64.91 
2469 72.28 
2471 55.17 
2471 38.60 
2473 53.92 
2473 66.26 
2475 36.19 
2475 38.22 
2477 36.32 
2477 50.28 
2479 45.96 
2479 37.99 
2481 66.63 
2481 57.77 
2483 50.33 
2483 37.06 
2485 43.18 
2485 34.30 
2487 87.07 
2487 37.43 
2489 39.55 
2489 55.32 
2490 7.03 
2490 12.45 
2490 0.09 
2490 0.11 
2490 0.23 
2490 0.23 
2492 100.25 
2492 94.07 
2494 102.63 
2494 102.59 
2496 104.78 
2496 95.70 
2497 76.27 
2497 66.38 
2499 75.36 
2499 68.43 
2501 74.52 
2501 81.45 
2503 60.84 
2503 102.74 
2505 26.11 
2505 51.81 
2507 26.08 
2507 22.24 
2509 33.42 
2509 28.27 
2511 78.40 
2511 21.03 
2512 41.30 
2512 24.17 
2514 37.32 
2514 51.41 
2516 32.35 
2516 59.73 
2518 20.52 
2518 32.37 
2520 23.17 
2520 25.38 
2520 0.17 
2520 0.37 
2520 1.64 
2520 0.91 
2520 0.14 
2520 0.14 
2520 102.48 
2520 102.19 
2521 103.15 
2521 104.66 
2523 98.62 
2523 101.99 
2525 102.61 
2525 97.31 
2527 65.31 
2527 75.92 
2529 51.62 
2529 55.55 
2531 39.25 
2531 28.11 
2533 66.95 
2533 65.27 
2535 61.28 
2535 82.10 
2537 31.18 
2537 19.23 
2539 22.42 
2539 26.19 
2541 26.44 
2541 51.12 
2542 33.36 
2542 33.93 
2544 25.70 
2544 45.69 
2546 24.41 
2546 33.41 
2548 24.97 
2548 23.23 
2550 87.92 
2550 23.46 
2550 0.16 
2550 0.18 
2550 0.18 
2550 0.16 
2550 0.12 
2550 0.12 
2550 103.78 
2550 102.11 
2552 100.67 
2552 101.39 
2554 91.69 
2554 102.98 
2555 80.30 
2555 74.15 
2557 65.31 
2557 77.30 
2559 52.05 
2559 69.33 
2561 85.69 
2561 57.38 
2563 54.14 
2563 36.22 
2565 51.81 
2565 71.13 
2567 31.44 
2567 29.48 
2569 70.25 
2569 32.32 
2571 43.25 
2571 31.47 
2573 52.43 
2573 58.91 
2575 38.53 
2575 47.52 
2577 21.95 
2577 54.56 
2579 32.25 
2579 36.44 
2580 15.40 
2580 15.47 
2580 0.29 
2580 0.32 
2580 1.24 
2580 0.67 
2582 99.62 
2582 101.97 
2583 103.41 
2583 88.42 
2585 101.98 
2585 92.35 
2587 103.09 
2587 95.47 
2589 100.46 
2589 81.66 
2591 103.81 
2591 65.85 
2593 102.72 
2593 53.56 
2595 103.97 
2595 54.59 
2597 103.02 
2597 68.57 
2599 101.49 
2599 26.33 
2601 102.18 
2601 11.12 
2602 95.46 
2602 63.48 
2604 101.85 
2604 49.96 
2606 78.14 
2606 28.51 
2608 56.07 
2608 26.64 
2610 40.75 
2610 20.81 
2610 0.14 
2610 0.14 
2610 0.16 
2610 0.14 
2610 0.12 
2610 0.11 
2610 99.57 
2610 101.12 
2612 102.25 
2612 104.00 
2614 100.52 
2614 104.48 
2616 98.28 
2616 99.13 
2618 71.43 
2618 81.63 
2619 54.32 
2619 49.43 
2621 50.35 
2621 48.16 
2623 67.19 
2623 59.36 
2625 54.66 
2625 71.26 
2627 32.05 
2627 39.15 
2629 36.94 
2629 45.44 
2631 56.13 
2631 97.56 
2633 46.09 
2633 40.01 
2635 16.12 
2635 22.84 
2637 33.86 
2637 31.71 
2639 19.15 
2639 26.72 
2640 75.83 
2640 70.36 
2640 0.16 
2640 0.18 
2640 0.18 
2640 0.92 
2642 105.15 
2642 98.93 
2644 100.67 
2644 99.48 
2645 92.57 
2645 94.41 
2647 101.46 
2647 77.47 
2649 85.70 
2649 84.34 
2651 72.18 
2651 93.85 
2653 65.29 
2653 60.40 
2655 85.98 
2655 47.23 
2657 71.28 
2657 44.49 
2659 34.10 
2659 36.10 
2661 50.16 
2661 36.40 
2663 84.37 
2663 53.31 
2665 39.90 
2665 35.35 
2666 40.86 
2666 31.94 
2668 34.74 
2668 29.50 
2670 45.64 
2670 39.54 
2670 0.11 
2670 0.13 
2670 0.32 
2670 0.19 
2670 0.17 
2670 0.12 
2670 102.04 
2670 101.22 
2672 101.83 
2672 102.93 
2674 101.02 
2674 100.80 
2676 100.61 
2676 101.81 
2677 102.72 
2677 103.02 
2679 102.57 
2679 103.28 
2681 103.04 
2681 103.37 
2683 103.35 
2683 103.98 
2685 102.24 
2685 101.75 
2687 104.55 
2687 104.30 
2688 103.96 
2688 104.02 
2690 103.59 
2690 104.45 
2692 103.38 
2692 103.06 
2694 103.09 
2694 101.77 
2696 102.13 
2696 102.36 
2698 101.72 
2698 103.66 
2700 101.35 
2700 100.09 
2700 100.36 
2700 0.11 
2700 100.41 
2700 0.11 
2700 0.20 
2700 0.13 
2701 102.84 
2701 103.08 
2701 103.03 
2703 102.50 
2703 102.53 
2703 103.36 
2705 79.75 
2705 84.28 
2705 103.32 
2707 59.05 
2707 60.51 
2707 104.49 
2709 58.37 
2709 63.39 
2709 102.67 
2711 41.46 
2711 40.84 
2711 102.01 
2713 34.69 
2713 33.50 
2713 103.24 
2715 25.75 
2715 27.75 
2715 102.37 
2717 60.83 
2717 54.12 
2717 85.32 
2718 17.79 
2718 20.01 
2718 43.16 
2720 26.64 
2720 22.04 
2720 28.04 
2722 36.34 
2722 23.15 
2722 39.92 
2724 29.66 
2724 25.05 
2724 51.13 
2726 57.08 
2726 54.19 
2726 49.65 
2728 41.17 
2728 27.35 
2728 71.79 
2730 70.79 
2730 24.22 
2730 102.68 
2730 0.18 
2730 0.16 
2730 21.70 
2730 0.28 
2730 0.26 
2730 0.25 
2730 0.16 
2730 0.12 
2730 0.10 
2731 99.79 
2731 100.32 
2731 98.43 
2733 97.57 
2733 99.26 
2733 99.01 
2735 96.92 
2735 89.02 
2735 96.61 
2737 88.10 
2737 60.46 
2737 75.58 
2739 51.93 
2739 79.26 
2739 78.79 
2741 40.33 
2741 64.51 
2741 56.84 
2743 40.10 
2743 48.63 
2743 46.20 
2745 23.58 
2745 34.05 
2745 45.87 
2746 55.32 
2746 40.28 
2746 32.25 
2748 38.06 
2748 55.87 
2748 25.27 
2750 25.09 
2750 22.59 
2750 35.91 
2752 37.19 
2752 41.84 
2752 22.81 
2754 23.24 
2754 19.69 
2754 36.44 
2756 35.81 
2756 44.68 
2756 36.38 
2758 16.10 
2758 34.48 
2758 28.65 
2760 28.53 
2760 33.58 
2760 24.01 
2760 0.18 
2760 0.17 
2760 0.19 
2760 0.15 
2760 0.15 
2760 0.16 
2760 0.25 
2760 0.27 
2760 0.25 
2762 102.05 
2762 103.96 
2762 102.30 
2764 101.65 
2764 102.65 
2764 101.92 
2766 101.41 
2766 105.25 
2766 104.74 
2768 82.13 
2768 101.92 
2768 92.30 
2770 64.37 
2770 104.69 
2770 53.44 
2772 29.51 
2772 83.14 
2772 27.80 
2773 25.66 
2773 81.96 
2773 29.56 
2775 39.40 
2775 57.03 
2775 48.15 
2777 29.31 
2777 38.68 
2777 20.71 
2779 33.45 
2779 34.41 
2779 35.65 
2781 23.26 
2781 33.99 
2781 36.36 
2783 34.47 
2783 30.40 
2783 29.97 
2785 43.69 
2785 40.99 
2785 42.73 
2786 35.59 
2786 62.92 
2786 25.92 
2788 38.42 
2788 32.07 
2788 27.54 
2790 21.36 
2790 11.71 
2790 26.70 
2790 0.19 
2790 0.16 
2790 0.18 
2790 1.22 
2790 0.27 
2790 0.27 
2790 0.15 
2790 0.15 
2790 0.19 
2790 102.52 
2790 104.98 
2790 102.03 
2791 105.32 
2791 101.85 
2791 99.14 
2793 103.64 
2793 103.08 
2793 96.20 
2795 101.10 
2795 90.21 
2795 72.17 
2797 103.57 
2797 100.00 
2797 64.87 
2799 103.30 
2799 58.94 
2799 56.95 
2801 103.53 
2801 85.04 
2801 85.98 
2803 102.41 
2803 64.89 
2803 47.22 
2805 101.72 
2805 28.61 
2805 26.83 
2806 101.92 
2806 23.18 
2806 18.33 
2808 79.61 
2808 23.90 
2808 25.80 
2810 92.16 
2810 19.47 
2810 62.24 
2812 56.35 
2812 29.83 
2812 35.28 
2814 81.76 
2814 49.11 
2814 42.54 
2816 37.59 
2816 26.54 
2816 69.96 
2818 40.86 
2818 41.21 
2818 54.52 
2820 81.22 
2820 18.52 
2820 21.00 
2820 100.27 
2820 0.09 
2820 0.09 
2820 94.29 
2820 0.10 
2820 0.08 
2820 0.14 
2820 0.15 
2820 0.17 
2821 98.32 
2821 101.59 
2821 93.43 
2823 95.74 
2823 95.34 
2823 103.21 
2825 104.48 
2825 81.74 
2825 95.90 
2827 99.04 
2827 77.75 
2827 91.72 
2829 92.98 
2829 77.60 
2829 88.21 
2831 37.96 
2831 90.00 
2831 35.86 
2833 38.51 
2833 39.86 
2833 72.30 
2835 47.56 
2835 49.91 
2835 29.32 
2837 31.41 
2837 20.53 
2837 17.26 
2838 49.14 
2838 34.46 
2838 29.16 
2840 43.72 
2840 36.02 
2840 34.07 
2842 24.01 
2842 61.07 
2842 20.06 
2844 26.38 
2844 21.05 
2844 24.33 
2846 33.04 
2846 19.49 
2846 22.42 
2848 23.92 
2848 14.00 
2848 29.20 
2850 31.62 
2850 36.40 
2850 25.26 
2850 0.20 
2850 0.15 
2850 0.18 
2850 0.21 
2850 0.24 
2850 0.22 
2850 0.13 
2850 0.14 
2850 0.14 
2850 101.53 
2850 98.92 
2850 101.60 
2852 101.38 
2852 101.12 
2852 101.04 
2854 103.43 
2854 95.30 
2854 102.29 
2855 100.58 
2855 100.73 
2855 98.79 
2857 89.11 
2857 83.42 
2857 87.88 
2859 94.71 
2859 68.79 
2859 80.53 
2861 83.57 
2861 64.39 
2861 52.02 
2863 43.64 
2863 41.51 
2863 32.46 
2865 65.83 
2865 45.32 
2865 38.56 
2867 76.06 
2867 41.70 
2867 64.71 
2869 41.89 
2869 36.71 
2869 45.29 
2871 20.02 
2871 31.74 
2871 39.09 
2873 27.38 
2873 60.25 
2873 36.68 
2874 25.07 
2874 28.03 
2874 26.61 
2876 33.69 
2876 24.03 
2876 47.87 
2878 27.32 
2878 32.50 
2878 20.18 
2880 21.62 
2880 28.39 
2880 23.21 
2880 0.15 
2880 0.13 
2880 0.17 
2880 1.33 
2880 0.16 
2880 0.67 
2880 0.13 
2880 0.16 
2880 0.13 
2881 101.43 
2881 105.73 
2881 102.65 
2883 100.01 
2883 101.25 
2883 100.00 
2885 104.75 
2885 101.88 
2885 103.45 
2887 97.63 
2887 91.36 
2887 89.58 
2889 86.47 
2889 60.85 
2889 71.86 
2891 54.68 
2891 44.22 
2891 69.83 
2893 52.76 
2893 61.97 
2893 51.20 
2895 28.97 
2895 31.58 
2895 25.72 
2897 48.02 
2897 47.50 
2897 33.33 
2899 28.81 
2899 24.57 
2899 43.49 
2901 33.90 
2901 30.52 
2901 41.54 
2902 21.17 
2902 28.07 
2902 24.79 
2904 23.22 
2904 34.28 
2904 27.71 
2906 16.87 
2906 17.79 
2906 20.58 
2908 55.90 
2908 56.62 
2908 29.10 
2910 68.77 
2910 77.27 
2910 56.66 
2910 0.12 
2910 0.13 
2910 0.13 
2910 0.29 
2910 0.22 
2910 0.27 
2910 0.11 
2910 0.11 
2910 0.12 
2911 101.94 
2911 102.48 
2911 102.46 
2913 103.88 
2913 102.97 
2913 103.05 
2915 101.51 
2915 98.32 
2915 97.78 
2917 83.41 
2917 88.46 
2917 75.48 
2919 52.65 
2919 55.89 
2919 65.62 
2921 61.72 
2921 35.96 
2921 44.60 
2923 48.50 
2923 51.91 
2923 38.32 
2925 26.02 
2925 42.49 
2925 41.53 
2926 22.91 
2926 25.56 
2926 37.64 
2928 18.04 
2928 19.50 
2928 37.14 
2930 10.81 
2930 18.58 
2930 17.17 
2932 29.28 
2932 31.20 
2932 26.80 
2934 57.48 
2934 67.33 
2934 68.89 
2936 65.04 
2936 52.41 
2936 46.40 
2938 46.36 
2938 62.23 
2938 31.48 
2940 99.90 
2940 92.85 
2940 92.97 
2940 0.15 
2940 0.12 
2940 0.14 
2940 0.24 
2940 0.20 
2940 0.26 
2940 0.22 
2940 0.16 
2940 0.24 
2941 102.46 
2941 102.83 
2941 102.21 
2943 95.55 
2943 92.62 
2943 102.88 
2945 99.10 
2945 98.17 
2945 102.45 
2947 76.15 
2947 70.70 
2947 102.54 
2949 69.91 
2949 55.41 
2949 103.68 
2951 58.23 
2951 42.13 
2951 104.09 
2953 37.97 
2953 42.76 
2953 103.87 
2954 45.45 
2954 19.98 
2954 103.57 
2956 20.83 
2956 50.69 
2956 95.85 
2958 45.75 
2958 36.06 
2958 74.97 
2960 86.17 
2960 63.00 
2960 38.59 
2962 53.93 
2962 64.69 
2962 57.48 
2964 84.87 
2964 42.14 
2964 51.30 
2966 38.09 
2966 51.16 
2966 31.18 
2968 42.55 
2968 57.28 
2968 35.89 
2970 42.90 
2970 49.03 
2970 103.83 
2970 0.23 
2970 0.20 
2970 0.22 
2970 0.18 
2970 0.17 
2970 0.23 
2970 0.17 
2970 0.17 
2970 0.12 
2971 102.31 
2971 100.09 
2971 101.16 
2973 104.12 
2973 100.63 
2973 100.21 
2975 100.78 
2975 97.31 
2975 102.16 
2977 103.72 
2977 92.59 
2977 76.89 
2979 102.17 
2979 75.56 
2979 50.94 
2981 59.77 
2981 52.99 
2981 43.05 
2983 23.82 
2983 43.98 
2983 32.84 
2984 32.11 
2984 34.82 
2984 31.81 
2986 52.29 
2986 24.56 
2986 30.50 
2988 63.49 
2988 41.87 
2988 36.78 
2990 34.99 
2990 67.21 
2990 35.63 
2992 34.13 
2992 60.53 
2992 42.29 
2994 36.42 
2994 36.27 
2994 72.99 
2996 32.94 
2996 24.62 
2996 31.55 
2998 36.70 
2998 25.54 
2998 23.84 
2999 90.87 
2999 91.19 
2999 80.42 
3000 0.19 
3000 0.13 
3000 0.15 
3000 0.16 
3000 0.15 
3000 0.16 
3000 0.17 
3000 0.11 
3000 0.14 
3001 101.40 
3001 102.57 
3001 101.56 
3003 102.71 
3003 101.13 
3003 104.59 
3005 98.67 
3005 94.20 
3005 101.30 
3007 85.17 
3007 62.61 
3007 77.67 
3009 47.63 
3009 49.71 
3009 44.97 
3011 43.88 
3011 72.00 
3011 43.90 
3013 50.81 
3013 53.34 
3013 58.24 
3015 29.11 
3015 42.77 
3015 37.06 
3016 39.28 
3016 15.42 
3016 21.54 
3018 17.16 
3018 23.12 
3018 23.27 
3020 35.69 
3020 36.64 
3020 36.59 
3022 60.46 
3022 61.09 
3022 59.38 
3024 74.97 
3024 24.55 
3024 34.87 
3026 87.37 
3026 20.62 
3026 18.49 
3027 38.52 
3027 21.89 
3027 41.78 
3029 38.56 
3029 40.25 
3029 24.58 
3030 0.18 
3030 0.17 
3030 0.15 
3030 0.41 
3030 0.35 
3030 0.29 
3030 0.21 
3030 0.15 
3030 0.14 
3031 101.31 
3031 100.81 
3031 102.59 
3033 99.75 
3033 100.39 
3033 103.09 
3035 98.56 
3035 86.83 
3035 100.25 
3037 87.51 
3037 89.26 
3037 93.01 
3039 87.70 
3039 85.11 
3039 55.44 
3041 42.33 
3041 63.48 
3041 85.65 
3043 34.88 
3043 36.62 
3043 25.59 
3045 39.36 
3045 75.27 
3045 43.87 
3047 36.31 
3047 66.99 
3047 44.45 
3048 48.70 
3048 38.41 
3048 47.23 
3050 68.18 
3050 38.47 
3050 68.01 
3052 74.57 
3052 51.26 
3052 44.39 
3054 42.01 
3054 61.70 
3054 47.64 
3056 41.64 
3056 40.90 
3056 35.19 
3058 87.10 
3058 65.20 
3058 37.51 
3060 44.31 
3060 49.12 
3060 16.44 
3060 0.16 
3060 0.20 
3060 0.18 
3060 3.47 
3060 4.18 
3060 2.86 
3060 0.14 
3060 0.14 
3060 0.12 
3060 101.65 
3060 102.34 
3060 99.20 
3061 102.38 
3061 102.32 
3061 102.71 
3063 99.89 
3063 100.59 
3063 102.37 
3065 77.36 
3065 101.88 
3065 102.37 
3067 58.83 
3067 93.40 
3067 90.94 
3069 77.45 
3069 87.94 
3069 96.17 
3070 81.07 
3070 52.04 
3070 60.96 
3072 98.69 
3072 55.82 
3072 68.53 
3074 29.01 
3074 38.04 
3074 57.67 
3076 16.12 
3076 11.56 
3076 24.20 
3078 18.92 
3078 13.87 
3078 15.10 
3080 20.02 
3080 25.48 
3080 29.65 
3082 63.78 
3082 38.55 
3082 24.14 
3083 79.13 
3083 32.56 
3083 36.25 
3085 28.98 
3085 29.71 
3085 21.84 
3087 21.18 
3087 20.54 
3087 32.91 
3089 15.33 
3089 22.24 
3089 23.14 
3090 1.08 
3090 1.22 
3090 3.66 
3090 0.23 
3090 0.18 
3090 0.12 
3090 0.24 
3090 0.24 
3090 0.54 
3091 102.61 
3091 103.84 
3091 102.26 
3093 99.11 
3093 91.91 
3093 65.28 
3095 72.10 
3095 68.57 
3095 67.31 
3097 74.36 
3097 69.06 
3097 92.84 
3099 68.42 
3099 64.75 
3099 71.73 
3100 73.58 
3100 57.39 
3100 72.02 
3102 58.54 
3102 83.58 
3102 88.72 
3104 54.77 
3104 46.04 
3104 71.65 
3106 35.78 
3106 48.30 
3106 43.58 
3108 40.58 
3108 45.25 
3108 45.50 
3110 26.60 
3110 47.25 
3110 40.70 
3112 42.54 
3112 76.88 
3112 84.89 
3114 29.27 
3114 76.77 
3114 33.47 
3116 32.42 
3116 63.37 
3116 33.07 
3117 30.63 
3117 47.58 
3117 86.65 
3119 16.18 
3119 18.37 
3119 18.27 
3120 0.15 
3120 19.21 
3120 0.12 
3120 0.26 
3120 0.22 
3120 0.26 
3120 2.52 
3120 0.19 
3120 0.33 
3121 101.93 
3121 101.42 
3121 101.91 
3123 93.65 
3123 84.96 
3123 99.18 
3125 63.22 
3125 76.62 
3125 76.10 
3127 72.13 
3127 79.01 
3127 62.21 
3129 72.68 
3129 64.26 
3129 70.80 
3131 64.59 
3131 95.76 
3131 70.28 
3133 46.59 
3133 73.24 
3133 53.04 
3135 27.52 
3135 68.78 
3135 32.06 
3137 25.54 
3137 34.88 
3137 30.95 
3139 37.25 
3139 39.33 
3139 19.12 
3140 33.10 
3140 36.22 
3140 22.22 
3142 27.74 
3142 33.13 
3142 31.61 
3144 84.26 
3144 48.10 
3144 69.35 
3146 18.64 
3146 26.64 
3146 34.05 
3148 32.18 
3148 41.61 
3148 28.29 
3150 17.79 
3150 30.75 
3150 15.19 
3150 0.27 
3150 0.31 
3150 0.27 
3150 0.58 
3150 1.31 
3150 0.29 
3150 0.16 
3150 0.13 
3150 0.16 
3151 101.68 
3151 98.14 
3151 98.78 
3153 101.94 
3153 94.54 
3153 91.93 
3155 95.37 
3155 100.07 
3155 101.88 
3157 86.84 
3157 99.70 
3157 100.84 
3159 102.62 
3159 86.12 
3159 80.41 
3161 101.60 
3161 60.88 
3161 63.26 
3163 102.63 
3163 46.09 
3163 47.72 
3165 100.75 
3165 40.65 
3165 46.45 
3166 49.44 
3166 22.78 
3166 33.52 
3168 31.92 
3168 30.31 
3168 57.14 
3170 35.19 
3170 20.43 
3170 103.57 
3172 38.61 
3172 35.78 
3172 33.04 
3174 32.19 
3174 25.91 
3174 47.61 
3176 35.15 
3176 44.63 
3176 25.11 
3178 32.34 
3178 42.91 
3178 82.93 
3180 33.12 
3180 28.31 
3180 62.14 
3180 0.21 
3180 0.20 
3180 0.23 
3180 0.20 
3180 0.12 
3180 0.13 
3180 0.15 
3180 0.13 
3180 0.15 
3181 87.40 
3181 99.88 
3181 97.81 
3183 103.52 
3183 101.91 
3183 101.90 
3185 75.21 
3185 91.51 
3185 98.65 
3187 84.33 
3187 82.55 
3187 87.13 
3189 70.33 
3189 72.40 
3189 90.02 
3191 50.19 
3191 43.48 
3191 75.75 
3192 53.48 
3192 48.27 
3192 59.03 
3194 54.18 
3194 51.49 
3194 49.83 
3196 52.27 
3196 56.62 
3196 26.44 
3198 58.45 
3198 57.94 
3198 45.47 
3200 41.07 
3200 32.89 
3200 30.77 
3202 51.28 
3202 26.71 
3202 31.90 
3204 61.06 
3204 33.70 
3204 80.39 
3206 31.54 
3206 27.33 
3206 27.55 
3208 28.78 
3208 32.20 
3208 90.80 
3210 33.67 
3210 19.93 
3210 20.55 
3210 0.18 
3210 0.26 
3210 0.19 
3210 0.12 
3210 0.13 
3210 0.11 
3210 0.19 
3210 0.18 
3210 0.16 
3211 99.73 
3211 102.06 
3211 101.11 
3213 102.16 
3213 79.73 
3213 102.40 
3215 102.44 
3215 86.95 
3215 99.98 
3217 103.68 
3217 81.21 
3217 103.39 
3219 103.39 
3219 84.81 
3219 77.18 
3221 103.05 
3221 75.95 
3221 86.89 
3223 102.09 
3223 53.25 
3223 37.81 
3225 102.53 
3225 76.39 
3225 45.11 
3227 102.10 
3227 58.96 
3227 19.79 
3229 101.30 
3229 20.55 
3229 14.59 
3230 71.05 
3230 19.36 
3230 24.64 
3232 70.38 
3232 21.43 
3232 16.92 
3234 101.73 
3234 26.46 
3234 25.88 
3236 75.94 
3236 91.15 
3236 33.08 
3238 44.21 
3238 36.85 
3238 36.59 
3240 76.74 
3240 50.27 
3240 32.37 
3240 0.17 
3240 0.20 
3240 0.17 
3240 0.31 
3240 0.40 
3240 0.17 
3240 0.11 
3240 0.11 
3240 0.13 
3242 93.74 
3242 90.89 
3242 102.01 
3244 103.42 
3244 93.59 
3244 103.69 
3246 102.96 
3246 102.33 
3246 101.14 
3247 101.07 
3247 57.77 
3247 65.88 
3249 101.57 
3249 84.25 
3249 30.85 
3251 83.86 
3251 88.12 
3251 41.52 
3253 101.95 
3253 57.02 
3253 26.81 
3255 103.72 
3255 69.16 
3255 35.29 
3257 101.61 
3257 69.40 
3257 37.44 
3259 102.87 
3259 49.52 
3259 38.22 
3261 103.40 
3261 57.96 
3261 38.74 
3263 80.25 
3263 30.02 
3263 32.77 
3265 49.71 
3265 45.93 
3265 39.08 
3266 29.73 
3266 57.74 
3266 33.55 
3268 32.80 
3268 41.72 
3268 29.81 
3270 15.78 
3270 9.33 
3270 9.69 
3270 0.13 
3270 0.13 
3270 0.19 
3270 1.66 
3270 3.03 
3270 2.38 
3270 0.17 
3270 0.12 
3270 0.14 
3272 100.32 
3272 101.73 
3272 101.74 
3274 102.67 
3274 102.24 
3274 103.36 
3276 101.58 
3276 98.94 
3276 102.55 
3278 104.06 
3278 75.44 
3278 104.41 
3279 92.22 
3279 57.34 
3279 104.50 
3281 46.78 
3281 50.23 
3281 97.81 
3283 31.36 
3283 42.65 
3283 99.71 
3285 50.09 
3285 43.52 
3285 88.69 
3287 49.44 
3287 27.77 
3287 56.77 
3289 27.36 
3289 25.65 
3289 41.96 
3291 26.25 
3291 34.00 
3291 39.44 
3293 24.36 
3293 53.83 
3293 39.56 
3295 83.80 
3295 63.45 
3295 68.62 
3297 55.96 
3297 34.22 
3297 37.32 
3299 22.64 
3299 58.80 
3299 33.54 
3300 7.42 
3300 7.20 
3300 8.53 
3300 0.20 
3300 0.16 
3300 0.20 
3300 0.57 
3300 1.24 
3300 1.06 
3301 104.01 
3301 104.79 
3301 103.49 
3303 100.53 
3303 103.50 
3303 99.93 
3305 94.33 
3305 101.43 
3305 103.99 
3307 103.22 
3307 72.71 
3307 75.56 
3309 45.08 
3309 85.73 
3309 48.10 
3311 66.26 
3311 94.08 
3311 51.61 
3313 79.46 
3313 70.37 
3313 54.77 
3315 59.51 
3315 64.88 
3315 71.06 
3316 34.97 
3316 70.86 
3316 70.94 
3318 56.82 
3318 49.05 
3318 46.68 
3320 48.96 
3320 41.70 
3320 63.77 
3322 94.51 
3322 27.38 
3322 44.84 
3324 21.82 
3324 25.19 
3324 63.86 
3326 4.48 
3326 7.17 
3326 8.00 
3328 28.60 
3328 26.95 
3328 30.13 
3330 11.83 
3330 26.51 
3330 23.47 
3330 0.19 
3330 0.24 
3330 0.18 
3330 0.15 
3330 0.22 
3330 0.23 
3330 0.30 
3330 0.15 
3330 0.13 
3332 101.26 
3332 102.13 
3332 101.06 
3334 103.57 
3334 101.98 
3334 102.04 
3335 58.37 
3335 104.04 
3335 102.11 
3337 43.44 
3337 103.73 
3337 91.28 
3339 36.01 
3339 89.19 
3339 60.54 
3341 43.47 
3341 89.18 
3341 53.85 
3343 30.96 
3343 45.57 
3343 34.26 
3345 30.01 
3345 41.57 
3345 44.53 
3347 26.11 
3347 50.55 
3347 32.95 
3348 79.50 
3348 51.09 
3348 33.23 
3350 48.01 
3350 36.50 
3350 27.15 
3352 24.43 
3352 54.16 
3352 32.46 
3354 39.89 
3354 40.30 
3354 72.16 
3356 18.05 
3356 24.62 
3356 29.83 
3358 39.83 
3358 45.26 
3358 39.00 
3360 21.68 
3360 22.91 
3360 28.27 
3360 0.22 
3360 0.38 
3360 0.20 
3360 0.34 
3360 0.31 
3360 0.28 
3360 0.21 
3360 0.22 
3360 0.55 
3361 102.21 
3361 104.23 
3361 102.50 
3363 94.27 
3363 104.13 
3363 91.54 
3365 56.31 
3365 103.70 
3365 58.06 
3367 70.98 
3367 103.67 
3367 49.90 
3369 96.24 
3369 102.69 
3369 79.15 
3371 66.15 
3371 101.47 
3371 65.59 
3373 69.81 
3373 101.90 
3373 41.98 
3375 44.58 
3375 102.41 
3375 46.04 
3377 48.98 
3377 100.32 
3377 67.31 
3379 42.90 
3379 96.46 
3379 33.13 
3381 29.11 
3381 75.18 
3381 21.99 
3383 16.34 
3383 35.88 
3383 38.34 
3385 15.49 
3385 32.34 
3385 45.23 
3387 23.02 
3387 22.44 
3387 54.41 
3389 60.97 
3389 33.36 
3389 63.47 
3390 23.73 
3390 7.96 
3390 6.38 
3390 0.13 
3390 0.15 
3390 0.12 
3390 0.23 
3390 0.54 
3390 0.30 
3391 97.21 
3391 101.13 
3391 91.71 
3393 102.08 
3393 57.35 
3393 57.83 
3395 71.94 
3395 65.44 
3395 44.92 
3397 72.25 
3397 46.93 
3397 47.64 
3399 73.86 
3399 47.45 
3399 62.15 
3401 75.84 
3401 61.95 
3401 56.67 
3403 71.31 
3403 73.14 
3403 73.69 
3405 42.80 
3405 82.87 
3405 39.98 
3407 55.16 
3407 50.73 
3407 52.37 
3409 16.60 
3409 22.24 
3409 19.25 
3410 8.92 
3410 19.29 
3410 12.92 
3412 11.81 
3412 13.72 
3412 17.80 
3414 25.04 
3414 13.52 
3414 17.99 
3416 15.02 
3416 26.22 
3416 29.23 
3418 17.88 
3418 23.09 
3418 15.89 
3420 17.35 
3420 23.43 
3420 35.77 
3420 0.32 
3420 1.28 
3420 0.51 
3420 0.19 
3420 0.17 
3420 0.17 
3420 0.13 
3420 0.25 
3420 0.13 
3422 100.63 
3422 102.52 
3423 102.52 
3423 101.55 
3425 103.06 
3425 82.34 
3427 103.93 
3427 61.38 
3429 102.33 
3429 62.06 
3431 101.86 
3431 41.95 
3433 103.33 
3433 28.22 
3435 103.22 
3435 29.41 
3437 101.93 
3437 35.77 
3439 101.22 
3439 19.80 
3441 102.08 
3441 28.39 
3442 102.36 
3442 26.01 
3444 102.74 
3444 36.49 
3446 102.25 
3446 24.73 
3448 101.98 
3448 30.23 
3450 102.73 
3450 21.27 
3450 100.39 
3450 0.11 
3450 0.29 
3450 0.18 
3450 0.16 
3450 0.17 
3450 101.65 
3450 105.16 
3452 102.73 
3452 102.02 
3454 104.16 
3454 103.34 
3456 103.60 
3456 94.34 
3458 88.88 
3458 77.35 
3460 56.74 
3460 46.38 
3462 52.60 
3462 58.81 
3464 72.95 
3464 31.77 
3466 33.92 
3466 34.67 
3468 48.20 
3468 30.19 
3469 30.40 
3469 67.60 
3471 76.01 
3471 61.25 
3473 40.36 
3473 87.57 
3475 33.57 
3475 30.36 
3477 96.50 
3477 78.77 
3479 66.87 
3479 45.00 
3480 0.34 
3480 0.22 
3480 0.13 
3480 0.09 
3480 0.14 
3480 0.13 
3481 104.41 
3481 101.94 
3483 102.41 
3483 101.13 
3485 103.28 
3485 93.24 
3487 90.19 
3487 83.63 
3489 53.84 
3489 89.08 
3491 53.95 
3491 39.68 
3493 79.54 
3493 47.91 
3495 28.82 
3495 37.83 
3497 22.19 
3497 39.37 
3499 34.55 
3499 41.60 
3501 34.88 
3501 37.16 
3502 81.34 
3502 41.61 
3504 47.44 
3504 31.12 
3506 34.28 
3506 35.90 
3508 36.18 
3508 24.43 
3510 12.14 
3510 39.22 
3510 0.15 
3510 0.17 
3510 0.12 
3510 0.17 
3510 0.14 
3510 0.11 
3510 101.04 
3510 101.17 
3511 103.29 
3511 105.31 
3513 102.77 
3513 101.92 
3515 103.47 
3515 92.72 
3517 104.26 
3517 69.79 
3519 103.35 
3519 68.50 
3521 102.99 
3521 64.83 
3523 104.22 
3523 49.26 
3525 99.44 
3525 40.17 
3527 59.84 
3527 32.37 
3529 51.16 
3529 39.96 
3530 53.85 
3530 47.24 
3532 66.49 
3532 36.33 
3534 39.73 
3534 30.02 
3536 20.50 
3536 14.59 
3538 34.74 
3538 38.71 
3540 28.91 
3540 23.23 
3540 0.12 
3540 0.15 
3540 0.15 
3540 0.18 
3540 0.16 
3540 0.16 
3542 101.40 
3542 102.27 
3544 101.67 
3544 101.99 
3546 104.13 
3546 102.70 
3547 78.45 
3547 102.67 
3549 66.92 
3549 104.25 
3551 65.44 
3551 103.37 
3553 43.59 
3553 102.36 
3555 61.32 
3555 101.93 
3557 35.77 
3557 102.41 
3559 46.64 
3559 103.91 
3561 45.65 
3561 103.57 
3563 37.42 
3563 103.20 
3565 19.65 
3565 98.82 
3567 94.84 
3567 100.55 
3569 28.04 
3569 64.55 
3570 2.36 
3570 4.37 
3570 0.14 
3570 0.16 
3570 1.28 
3570 0.18 
3571 93.20 
3571 99.04 
3571 100.26 
3573 103.95 
3573 96.18 
3573 101.53 
3575 55.67 
3575 66.68 
3575 53.00 
3577 81.67 
3577 63.63 
3577 64.90 
3579 54.09 
3579 92.30 
3579 74.44 
3581 56.54 
3581 83.89 
3581 66.59 
3583 19.13 
3583 36.95 
3583 29.88 
3584 16.83 
3584 23.38 
3584 44.57 
3586 55.14 
3586 77.44 
3586 62.08 
3588 60.05 
3588 36.19 
3588 43.58 
3590 46.55 
3590 31.25 
3590 27.83 
3592 29.63 
3592 41.74 
3592 31.39 
3594 37.59 
3594 23.57 
3594 20.77 
3596 63.73 
3596 41.36 
3596 42.16 
3598 103.67 
3598 27.90 
3598 22.56 
3600 14.31 
3600 25.32 
3600 23.62 
3600 0.16 
3600 0.13 
3600 0.09 
3600 0.16 
3600 0.15 
3600 0.11 
3600 0.13 
3600 0.14 
3600 0.13 
3600 103.16 
3600 100.75 
3600 102.45 
3601 80.67 
3601 70.16 
3601 64.55 
3603 102.83 
3603 70.13 
3603 103.25 
3605 94.88 
3605 62.89 
3605 99.88 
3607 72.35 
3607 55.40 
3607 102.19 
3609 41.83 
3609 99.08 
3609 103.91 
3611 38.18 
3611 36.98 
3611 103.94 
3613 40.48 
3613 52.73 
3613 102.54 
3615 23.05 
3615 23.50 
3615 93.45 
3617 21.67 
3617 28.43 
3617 76.09 
3619 97.28 
3619 14.82 
3619 45.06 
3621 18.61 
3621 28.21 
3621 31.88 
3623 44.46 
3623 24.18 
3623 32.26 
3625 16.63 
3625 37.05 
3625 34.84 
3627 19.62 
3627 34.82 
3627 13.99 
3628 13.43 
3628 15.87 
3628 16.02 
3630 35.01 
3630 12.64 
3630 11.01 
