1 0.53 
3 0.38 
5 0.38 
7 0.45 
9 0.67 
11 0.30 
13 0.24 
15 0.22 
17 0.38 
19 0.46 
21 0.30 
23 0.40 
25 0.45 
27 0.36 
29 0.44 
30 0.04 
30 0.04 
30 0.05 
31 0.41 
33 0.32 
35 0.55 
37 0.38 
39 0.57 
41 0.42 
43 0.34 
45 0.25 
47 0.40 
49 0.36 
51 0.24 
53 0.25 
55 0.37 
57 0.68 
59 0.50 
60 0.03 
60 0.04 
60 0.03 
62 0.40 
64 0.86 
66 0.15 
68 0.24 
70 0.34 
72 0.36 
74 0.32 
76 0.44 
78 0.44 
80 0.26 
82 0.20 
84 0.31 
86 0.40 
88 0.36 
90 0.43 
90 0.03 
90 0.03 
90 0.05 
91 0.63 
93 0.57 
95 0.67 
97 0.47 
99 0.44 
101 0.25 
103 0.62 
105 0.33 
107 0.23 
109 0.37 
111 0.54 
113 0.23 
115 0.42 
117 0.41 
119 0.49 
120 0.04 
120 0.06 
120 0.03 
121 0.45 
123 0.23 
125 0.34 
127 0.72 
129 0.58 
131 0.43 
133 0.50 
135 0.33 
137 0.49 
139 0.30 
141 0.27 
143 0.64 
145 0.51 
147 0.37 
149 0.46 
150 0.05 
150 0.06 
150 0.03 
151 0.41 
153 0.28 
155 0.44 
157 0.51 
159 0.27 
161 0.25 
163 0.34 
165 0.41 
167 0.39 
169 0.48 
171 0.42 
173 0.08 
175 0.79 
177 0.33 
179 0.32 
180 0.05 
180 0.05 
180 0.06 
182 0.48 
184 0.28 
186 0.28 
188 0.57 
190 0.33 
192 0.58 
194 0.29 
196 0.27 
198 0.42 
200 0.53 
202 0.43 
204 0.34 
206 0.31 
208 0.31 
210 0.48 
210 0.06 
210 0.05 
210 0.04 
211 0.08 
213 0.43 
215 0.31 
217 0.33 
219 0.70 
221 0.26 
223 0.43 
225 0.55 
227 0.47 
229 0.40 
231 0.33 
233 0.14 
235 0.29 
237 0.25 
239 0.45 
240 0.07 
240 0.07 
240 0.07 
242 1.00 
244 0.40 
246 0.84 
248 0.78 
250 0.77 
252 0.53 
254 0.35 
256 0.56 
258 0.48 
260 0.59 
262 0.40 
264 1.48 
266 0.79 
268 0.63 
270 0.45 
270 0.05 
270 0.04 
270 0.05 
271 0.56 
273 0.95 
275 0.33 
277 0.27 
279 0.38 
281 0.32 
283 0.48 
284 0.37 
286 0.76 
288 0.53 
290 0.75 
292 0.39 
294 0.47 
296 0.51 
298 0.41 
300 0.72 
300 0.07 
300 0.03 
300 0.03 
302 0.43 
304 0.89 
306 0.68 
308 0.51 
310 0.45 
312 0.56 
314 0.83 
316 0.40 
318 0.25 
320 0.93 
322 0.37 
324 0.24 
325 0.47 
327 0.74 
329 0.61 
330 0.08 
330 0.04 
330 0.04 
332 0.55 
334 0.39 
336 1.19 
338 0.76 
339 0.33 
341 0.75 
343 0.46 
345 0.79 
347 0.33 
349 0.45 
351 0.56 
353 0.49 
355 0.57 
357 0.43 
359 0.70 
360 0.11 
360 0.09 
360 0.04 
362 0.60 
364 0.88 
366 0.69 
368 0.57 
370 0.42 
372 0.63 
374 0.29 
375 0.94 
377 0.33 
379 0.45 
381 0.17 
383 0.43 
385 0.46 
387 0.79 
389 0.62 
390 0.08 
390 0.04 
390 0.03 
392 0.68 
394 0.46 
395 0.39 
397 0.93 
399 0.49 
401 0.52 
403 0.60 
405 0.99 
407 0.51 
409 1.06 
411 0.82 
413 0.70 
415 0.48 
417 0.74 
419 0.51 
420 0.15 
420 0.12 
420 0.04 
421 0.56 
423 1.04 
425 0.65 
427 0.62 
429 0.46 
431 0.27 
433 0.68 
435 0.39 
437 0.74 
439 0.74 
441 0.82 
443 0.42 
445 0.53 
447 0.47 
449 0.18 
450 0.08 
450 0.04 
450 0.04 
452 0.55 
454 1.30 
456 0.36 
458 0.77 
460 0.57 
462 0.39 
464 0.61 
466 0.22 
468 1.08 
470 0.87 
472 0.43 
474 0.80 
476 0.50 
478 0.27 
479 0.31 
480 0.05 
480 0.08 
480 0.03 
481 1.09 
483 0.77 
485 0.34 
487 0.55 
489 0.64 
491 0.64 
493 1.08 
495 1.18 
496 0.84 
498 0.47 
500 0.65 
502 0.75 
504 0.47 
506 0.71 
508 0.90 
510 0.64 
510 0.04 
510 0.04 
510 0.07 
512 0.91 
513 0.73 
515 0.60 
517 0.69 
519 0.68 
521 0.35 
523 0.29 
525 0.50 
527 0.38 
529 0.56 
530 0.38 
532 0.39 
534 0.65 
536 0.57 
538 0.38 
540 0.83 
540 0.04 
540 0.04 
540 0.04 
542 1.19 
544 0.52 
545 1.29 
547 0.95 
549 0.84 
551 0.65 
553 0.30 
555 0.34 
557 0.38 
559 0.52 
561 0.38 
563 0.99 
565 1.00 
567 0.83 
569 0.87 
570 0.33 
570 0.03 
570 0.07 
570 0.04 
572 0.98 
573 0.71 
575 0.88 
577 0.80 
579 1.33 
581 0.53 
583 1.14 
585 0.84 
587 0.68 
589 0.61 
591 0.76 
593 0.34 
595 0.44 
597 0.54 
599 0.89 
600 0.37 
600 0.05 
600 0.02 
600 0.04 
602 1.02 
604 0.77 
606 1.14 
608 0.91 
610 0.85 
611 0.50 
613 0.78 
615 0.81 
617 0.78 
619 0.69 
621 0.76 
623 0.68 
625 0.51 
627 0.63 
629 1.08 
630 0.09 
630 0.04 
630 0.03 
632 1.19 
634 1.25 
635 0.48 
637 0.57 
639 0.72 
641 0.69 
643 0.63 
645 0.88 
647 0.96 
649 0.48 
651 0.83 
653 0.47 
655 0.82 
657 0.30 
659 0.38 
660 0.47 
660 0.05 
660 0.07 
660 0.04 
661 0.93 
663 0.72 
665 0.51 
667 0.73 
669 0.86 
671 0.86 
673 0.88 
675 0.71 
677 0.74 
679 1.52 
681 0.93 
683 0.55 
685 0.68 
687 0.86 
689 0.56 
690 0.49 
690 0.03 
690 0.06 
690 0.04 
691 0.66 
693 1.14 
695 0.98 
697 0.86 
699 1.14 
701 0.65 
703 0.49 
705 0.30 
707 0.71 
709 0.88 
711 0.94 
713 0.93 
714 0.60 
716 0.86 
718 0.56 
720 0.60 
720 0.05 
720 0.03 
720 0.04 
722 1.62 
724 1.53 
726 1.50 
728 0.95 
730 1.08 
732 1.18 
734 1.15 
735 0.76 
737 0.65 
739 1.38 
741 1.05 
743 1.11 
745 0.97 
747 1.10 
749 1.13 
750 0.05 
750 0.03 
750 0.08 
751 0.94 
753 0.89 
755 1.45 
757 0.93 
759 0.32 
760 0.79 
762 1.29 
764 1.04 
766 0.72 
768 0.25 
770 0.47 
771 0.56 
773 0.99 
775 0.81 
777 0.20 
779 1.03 
780 0.07 
780 0.04 
780 0.03 
782 0.74 
784 1.05 
785 0.63 
787 1.04 
789 0.92 
791 1.03 
793 0.67 
795 0.47 
797 0.77 
798 0.88 
800 1.22 
802 1.00 
804 1.32 
806 1.01 
808 0.93 
810 0.56 
810 0.03 
810 0.05 
810 0.03 
812 0.53 
813 1.09 
815 1.23 
817 0.89 
819 0.56 
821 0.89 
823 0.93 
825 0.89 
827 0.78 
829 0.93 
831 1.01 
833 0.72 
834 1.35 
836 0.65 
838 0.90 
840 0.93 
840 0.06 
840 0.02 
840 0.05 
841 0.81 
843 1.57 
845 0.70 
847 1.01 
849 0.74 
851 1.44 
853 0.47 
855 0.33 
857 0.25 
859 1.02 
861 0.46 
863 0.04 
865 0.05 
866 0.16 
868 0.19 
870 1.13 
870 0.04 
870 0.03 
870 0.04 
872 0.93 
874 1.01 
876 0.69 
878 0.78 
880 1.05 
881 0.63 
883 0.99 
885 0.48 
887 0.70 
889 1.18 
891 1.25 
892 0.62 
894 0.46 
896 0.42 
898 0.93 
900 0.45 
900 0.04 
900 0.04 
900 0.08 
902 1.54 
904 1.96 
906 1.32 
908 1.07 
910 1.13 
911 0.87 
913 0.53 
915 1.02 
917 1.14 
919 0.50 
921 0.75 
923 0.82 
925 0.56 
927 0.79 
929 1.38 
930 0.40 
930 0.04 
930 0.04 
930 0.03 
931 1.17 
933 0.86 
935 1.39 
937 1.27 
939 1.10 
941 0.94 
943 1.26 
945 1.09 
947 0.77 
949 1.18 
951 1.38 
953 0.74 
954 0.23 
956 0.87 
958 0.51 
960 0.71 
960 0.04 
960 0.02 
960 0.04 
962 1.58 
964 1.43 
965 0.55 
967 0.86 
969 0.56 
971 0.50 
973 0.88 
975 1.24 
977 1.11 
979 1.48 
981 1.32 
983 1.79 
984 1.06 
986 1.01 
988 1.29 
990 1.13 
990 0.09 
990 0.02 
990 0.06 
992 1.59 
994 1.55 
996 1.59 
998 1.00 
1000 0.62 
1001 0.53 
1003 1.30 
1005 0.92 
1007 0.37 
1009 0.71 
1011 0.75 
1013 0.37 
1015 1.08 
1016 1.80 
1018 0.65 
1020 0.56 
1020 0.05 
1020 0.04 
1020 0.04 
1022 1.39 
1024 1.82 
1026 1.58 
1028 1.43 
1030 1.51 
1031 1.45 
1033 0.71 
1035 1.41 
1037 1.39 
1039 0.82 
1041 0.64 
1043 0.73 
1045 0.75 
1046 1.13 
1048 1.83 
1050 0.42 
1050 0.03 
1050 0.04 
1050 0.04 
1051 0.97 
1053 1.60 
1055 1.01 
1057 1.02 
1059 0.81 
1061 1.17 
1063 2.11 
1065 1.14 
1067 1.45 
1069 1.52 
1071 0.81 
1073 1.21 
1075 1.10 
1077 1.49 
1078 1.10 
1080 0.78 
1080 0.06 
1080 0.03 
1080 0.04 
1082 1.53 
1084 1.61 
1086 1.28 
1088 1.05 
1090 1.58 
1092 1.26 
1094 0.80 
1095 1.05 
1097 1.15 
1099 1.12 
1101 1.05 
1103 1.15 
1105 0.49 
1106 1.05 
1108 0.93 
1110 0.98 
1110 0.03 
1110 0.05 
1110 0.05 
1112 1.14 
1113 2.36 
1115 0.94 
1117 1.37 
1119 1.39 
1121 1.21 
1123 1.62 
1125 1.56 
1127 0.90 
1129 0.38 
1131 0.28 
1132 0.53 
1134 1.07 
1136 1.53 
1138 0.96 
1140 0.91 
1140 0.04 
1140 0.05 
1140 0.04 
1141 1.57 
1143 1.45 
1145 1.44 
1147 0.99 
1149 0.51 
1151 1.25 
1153 0.70 
1154 1.04 
1156 0.99 
1158 1.02 
1160 1.08 
1162 0.87 
1164 0.78 
1166 1.37 
1168 0.95 
1169 0.72 
1170 0.08 
1170 0.05 
1170 0.03 
1172 1.83 
1174 1.38 
1176 1.51 
1178 1.32 
1180 1.13 
1182 1.08 
1183 0.92 
1185 0.54 
1187 0.99 
1189 1.31 
1191 0.71 
1193 0.71 
1195 0.37 
1196 0.93 
1198 0.89 
1200 0.80 
1200 0.06 
1200 0.04 
1200 0.03 
1202 0.69 
1204 0.80 
1205 0.85 
1207 1.09 
1209 1.29 
1211 1.08 
1213 0.79 
1215 1.15 
1217 0.91 
1219 1.21 
1221 1.34 
1223 0.86 
1224 0.61 
1226 0.52 
1228 0.73 
1230 1.33 
1230 0.04 
1230 0.03 
1230 0.03 
1232 1.00 
1234 1.30 
1236 1.08 
1238 0.87 
1240 1.32 
1242 1.22 
1244 0.79 
1246 0.90 
1248 1.73 
1250 0.68 
1251 0.94 
1253 0.58 
1255 0.70 
1257 0.60 
1259 0.91 
1260 0.10 
1260 0.11 
1260 0.07 
1262 1.47 
1264 1.77 
1265 0.81 
1267 0.93 
1269 0.90 
1271 1.55 
1273 0.79 
1275 0.55 
1277 0.81 
1279 0.59 
1281 1.31 
1283 0.96 
1285 0.90 
1287 1.11 
1289 0.44 
1290 0.22 
1290 0.07 
1290 0.07 
1290 0.04 
1292 1.26 
1294 1.08 
1296 1.11 
1298 1.45 
1300 0.86 
1302 0.78 
1304 1.12 
1306 0.55 
1307 1.28 
1309 0.76 
1311 1.32 
1313 1.13 
1315 0.74 
1317 1.27 
1319 0.99 
1320 0.16 
1320 0.05 
1320 0.05 
1322 1.20 
1324 1.31 
1325 1.76 
1327 1.47 
1329 0.69 
1331 0.67 
1333 0.77 
1335 1.27 
1337 1.28 
1339 1.20 
1341 0.52 
1343 0.82 
1345 1.92 
1346 0.69 
1348 1.14 
1350 0.85 
1350 0.04 
1350 0.06 
1350 0.04 
1351 1.27 
1353 1.24 
1355 0.81 
1357 0.70 
1359 0.84 
1361 0.75 
1363 1.08 
1365 0.86 
1366 0.74 
1368 0.62 
1370 0.71 
1372 0.75 
1374 0.66 
1376 0.91 
1377 0.72 
1379 0.50 
1380 0.04 
1380 0.05 
1380 0.08 
1381 0.49 
1383 1.55 
1385 1.66 
1387 1.03 
1389 1.01 
1391 0.90 
1393 0.79 
1394 0.82 
1396 1.10 
1398 1.11 
1400 1.08 
1402 0.89 
1404 1.26 
1406 1.20 
1408 0.97 
1410 0.83 
1410 0.05 
1410 0.05 
1410 0.04 
1412 1.64 
1414 1.05 
1416 0.93 
1418 0.95 
1420 1.22 
1422 1.06 
1424 0.66 
1425 0.55 
1427 0.44 
1429 0.57 
1431 0.79 
1433 0.82 
1435 0.68 
1437 0.89 
1439 1.52 
1440 0.24 
1440 0.03 
1440 0.03 
1441 0.88 
1443 0.43 
1445 0.30 
1447 1.08 
1449 0.72 
1451 0.56 
1453 0.78 
1454 0.39 
1456 0.57 
1458 0.60 
1460 0.53 
1462 0.63 
1464 0.63 
1466 0.75 
1468 0.75 
1470 0.45 
1470 0.04 
1470 0.05 
1470 0.04 
1471 1.19 
1473 1.10 
1475 0.56 
1477 1.01 
1479 0.47 
1481 0.72 
1483 1.60 
1485 1.00 
1487 0.75 
1489 1.05 
1490 0.47 
1492 1.12 
1494 0.99 
1496 1.17 
1498 0.47 
1500 0.56 
1500 0.06 
1500 0.05 
1500 0.04 
1502 0.86 
1504 1.09 
1506 0.85 
1508 1.16 
1510 0.86 
1512 0.92 
1514 0.63 
1516 1.39 
1518 0.82 
1520 0.47 
1521 0.47 
1523 0.48 
1525 0.80 
1527 1.05 
1529 0.80 
1530 0.03 
1530 0.03 
1530 0.07 
1532 1.90 
1534 0.68 
1536 0.73 
1538 1.10 
1540 0.75 
1542 0.63 
1543 0.58 
1545 0.55 
1547 0.57 
1549 1.28 
1551 0.65 
1553 0.78 
1555 0.58 
1557 0.52 
1559 1.02 
1560 0.38 
1560 0.05 
1560 0.10 
1560 0.04 
1561 1.20 
1563 1.55 
1565 1.14 
1567 0.62 
1569 0.66 
1571 0.48 
1573 0.58 
1575 0.58 
1576 0.73 
1578 0.59 
1580 0.61 
1582 0.35 
1584 0.37 
1586 1.42 
1588 0.76 
1590 1.05 
1590 0.08 
1590 0.03 
1590 0.05 
1591 1.07 
1593 1.20 
1595 1.05 
1597 0.98 
1599 0.44 
1601 0.60 
1603 0.74 
1605 1.01 
1607 0.72 
1609 0.88 
1611 0.46 
1613 0.82 
1614 0.39 
1616 1.56 
1618 1.31 
1620 0.40 
1620 0.06 
1620 0.10 
1620 0.04 
1621 0.56 
1623 0.55 
1625 0.60 
1627 0.51 
1629 0.91 
1631 0.70 
1633 1.39 
1635 0.62 
1636 0.68 
1638 0.78 
1640 0.72 
1642 0.45 
1644 0.66 
1646 0.84 
1648 0.92 
1650 1.34 
1650 0.03 
1650 0.04 
1650 0.06 
1652 1.09 
1654 1.00 
1655 0.54 
1657 0.68 
1659 0.80 
1661 0.55 
1663 0.93 
1665 1.08 
1667 0.85 
1669 0.85 
1671 0.53 
1673 0.48 
1674 0.68 
1676 0.79 
1678 1.02 
1680 0.53 
1680 0.05 
1680 0.03 
1680 0.04 
1681 0.84 
1683 0.62 
1685 0.38 
1687 0.55 
1689 0.63 
1691 0.63 
1693 0.53 
1695 0.90 
1697 0.61 
1699 0.23 
1701 0.44 
1702 0.33 
1704 0.70 
1706 0.54 
1708 0.84 
1710 0.67 
1710 0.04 
1710 0.03 
1710 0.06 
1711 0.71 
1713 0.61 
1715 0.62 
1717 0.68 
1719 0.45 
1721 0.64 
1723 0.52 
1725 0.38 
1727 0.42 
1729 0.40 
1731 0.58 
1733 0.74 
1735 0.42 
1737 0.41 
1738 0.84 
1740 0.28 
1740 0.06 
1740 0.04 
1740 0.04 
1741 0.78 
1743 1.00 
1745 0.62 
1747 1.03 
1749 0.63 
1751 1.17 
1753 0.37 
1755 0.76 
1757 0.30 
1759 0.68 
1761 0.38 
1763 0.51 
1765 0.43 
1767 0.52 
1769 0.67 
1770 0.12 
1770 0.08 
1770 0.03 
1770 0.05 
1772 0.70 
1774 0.88 
1775 0.57 
1777 0.56 
1779 0.57 
1781 0.48 
1783 0.48 
1785 0.76 
1787 0.42 
1789 0.60 
1791 0.69 
1793 0.59 
1795 0.50 
1797 0.73 
1799 0.75 
1800 0.05 
1800 0.06 
1800 0.06 
1801 0.68 
1803 0.36 
1805 0.28 
1807 0.22 
1809 0.46 
1811 0.66 
1813 0.34 
1815 0.88 
1817 0.37 
1818 0.47 
1820 0.41 
1822 0.51 
1824 0.68 
1826 0.70 
1828 0.51 
1830 0.46 
1830 0.03 
1830 0.03 
1830 0.05 
1831 0.72 
1833 0.77 
1835 0.59 
1837 0.30 
1839 0.36 
1841 0.49 
1843 0.33 
1845 0.53 
1847 0.54 
1849 0.60 
1851 0.39 
1853 0.52 
1855 0.48 
1857 0.75 
1859 0.55 
1860 0.33 
1860 0.06 
1860 0.08 
1860 0.11 
1861 0.93 
1863 0.53 
1865 0.40 
1867 0.58 
1869 0.49 
1871 0.72 
1873 0.58 
1875 0.45 
1877 0.69 
1879 0.49 
1881 0.36 
1883 0.68 
1885 0.44 
1887 0.47 
1888 0.41 
1890 0.23 
1890 0.03 
1890 0.04 
1890 0.04 
1892 0.47 
1894 0.74 
1895 0.49 
1897 0.73 
1899 0.76 
1901 0.33 
1903 0.93 
1905 0.61 
1907 0.45 
1909 0.59 
1911 0.47 
1913 0.54 
1915 0.49 
1917 0.38 
1919 0.81 
1920 0.03 
1920 0.03 
1920 0.06 
1922 0.50 
1924 0.21 
1926 0.32 
1928 0.34 
1930 0.42 
1932 0.37 
1934 0.24 
1936 0.46 
1938 0.27 
1940 0.13 
1942 0.69 
1944 0.21 
1945 0.29 
1947 0.25 
1949 0.29 
1950 0.04 
1950 0.03 
1950 0.09 
1951 0.25 
1953 0.50 
1955 0.35 
1957 0.53 
1959 0.99 
1961 0.37 
1963 0.43 
1965 0.30 
1967 0.32 
1969 0.51 
1971 0.42 
1973 0.53 
1975 0.45 
1977 0.37 
1979 0.26 
1980 0.04 
1980 0.02 
1980 0.02 
1982 0.24 
1984 0.41 
1986 0.38 
1988 0.40 
1990 0.35 
1992 0.56 
1994 0.13 
1996 0.31 
1998 0.28 
2000 0.19 
2002 0.39 
2004 0.55 
2006 0.27 
2008 0.56 
2009 0.23 
2010 0.08 
2010 0.04 
2010 0.03 
2011 0.42 
2013 0.35 
2015 0.44 
2017 0.30 
2019 0.22 
2021 0.36 
2023 0.46 
2025 0.40 
2027 0.50 
2029 0.56 
2031 0.38 
2033 0.38 
2035 0.41 
2037 0.44 
2039 0.13 
2040 0.03 
2040 0.06 
2040 0.04 
2041 0.49 
2043 0.47 
2045 0.29 
2047 0.39 
2049 0.40 
2051 0.25 
2053 0.31 
2055 0.50 
2057 0.38 
2059 0.23 
2061 0.28 
2063 0.23 
2065 0.24 
2067 0.17 
2069 0.44 
2070 0.03 
2070 0.05 
2070 0.04 
2071 0.64 
2073 0.32 
2075 0.43 
2077 0.33 
2079 0.25 
2081 0.36 
2083 0.28 
2085 0.31 
2087 0.29 
2089 0.37 
2091 0.46 
2093 0.46 
2095 0.33 
2097 0.41 
2099 0.43 
2100 0.03 
2100 0.08 
2100 0.05 
2101 0.69 
2103 0.53 
2105 0.35 
2107 0.47 
2109 0.22 
2111 0.45 
2113 0.26 
2115 0.29 
2117 0.11 
2119 0.22 
2121 0.25 
2123 0.41 
2125 0.58 
2127 0.27 
2129 0.61 
2130 0.22 
2130 0.04 
2130 0.04 
2132 0.38 
2134 0.28 
2136 0.52 
2138 0.45 
2140 0.46 
2142 0.36 
2144 0.27 
2146 0.54 
2148 0.50 
2150 0.39 
2152 0.52 
2154 0.78 
2156 0.45 
2158 0.15 
2160 0.29 
2160 0.03 
2160 0.04 
2160 0.06 
2162 1.00 
2164 0.72 
2166 1.02 
2168 0.45 
2170 0.46 
2172 0.64 
2174 0.64 
2176 0.59 
2178 0.29 
2180 0.55 
2181 0.35 
2183 0.33 
2185 0.66 
2187 0.57 
2189 0.43 
2190 0.05 
2190 0.05 
2190 0.07 
2192 0.56 
2194 0.68 
2196 0.63 
2198 0.82 
2200 0.61 
2202 0.70 
2204 0.39 
2206 0.78 
2208 0.40 
2210 0.69 
2212 0.82 
2213 0.46 
2215 0.37 
2217 0.70 
2219 0.61 
2220 0.04 
2220 0.03 
2220 0.06 
2221 0.74 
2223 0.83 
2225 0.68 
2227 0.51 
2229 0.65 
2231 0.27 
2233 0.47 
2235 0.72 
2236 0.47 
2238 0.83 
2240 0.74 
2242 0.63 
2244 0.18 
2246 0.53 
2248 0.20 
2250 0.28 
2250 0.11 
2250 0.04 
2250 0.05 
2251 0.60 
2253 1.40 
2255 0.59 
2257 0.68 
2259 0.48 
2261 0.37 
2263 0.55 
2265 0.74 
2267 0.69 
2269 0.74 
2271 0.69 
2273 0.58 
2275 0.59 
2277 0.40 
2279 0.52 
2280 0.21 
2280 0.06 
2280 0.05 
2280 0.03 
2282 0.69 
2283 0.64 
2285 0.77 
2287 0.45 
2289 0.34 
2291 0.46 
2293 0.38 
2295 0.55 
2297 0.37 
2299 0.54 
2301 0.42 
2303 0.89 
2305 0.44 
2307 0.28 
2309 0.43 
2310 0.24 
2310 0.08 
2310 0.04 
2310 0.04 
2311 0.67 
2313 0.31 
2315 0.76 
2317 0.73 
2319 0.72 
2321 0.70 
2323 0.58 
2325 0.62 
2327 0.54 
2329 1.31 
2331 0.21 
2333 0.36 
2334 0.32 
2336 0.50 
2338 0.70 
2340 0.42 
2340 0.07 
2340 0.04 
2340 0.06 
2341 0.53 
2343 0.74 
2345 0.41 
2347 0.59 
2349 0.47 
2351 0.79 
2353 0.58 
2355 0.49 
2357 0.79 
2359 0.27 
2360 0.21 
2362 0.33 
2364 0.38 
2366 0.41 
2368 0.43 
2370 0.45 
2370 0.04 
2370 0.13 
2370 0.06 
2372 0.97 
2374 0.59 
2376 0.64 
2378 0.69 
2380 0.36 
2382 0.57 
2384 0.58 
2385 0.38 
2387 0.50 
2389 0.35 
2391 0.51 
2393 0.32 
2395 0.62 
2397 0.83 
2399 0.75 
2400 0.11 
2400 0.08 
2400 0.04 
2402 0.63 
2404 0.33 
2406 0.89 
2407 0.91 
2409 0.90 
2411 1.03 
2413 0.85 
2415 0.77 
2417 0.57 
2419 0.74 
2421 1.10 
2423 0.69 
2425 0.85 
2427 0.60 
2429 0.93 
2430 0.03 
2430 0.02 
2430 0.04 
2432 1.44 
2434 0.55 
2436 1.15 
2438 0.63 
2440 0.85 
2442 0.84 
2444 0.89 
2446 0.52 
2448 0.59 
2450 0.71 
2452 0.62 
2453 0.66 
2455 0.65 
2457 0.47 
2459 1.02 
2460 0.08 
2460 0.05 
2460 0.06 
2462 1.65 
2464 1.10 
2466 0.75 
2468 0.80 
2470 0.45 
2472 0.58 
2474 0.59 
2476 0.66 
2478 0.57 
2480 0.38 
2482 0.85 
2484 0.99 
2486 1.31 
2488 0.80 
2490 0.93 
2490 0.04 
2490 0.09 
2490 0.08 
2491 0.40 
2493 0.94 
2495 1.40 
2497 0.54 
2499 0.90 
2501 1.09 
2503 0.55 
2505 0.72 
2507 0.41 
2509 0.62 
2510 0.37 
2512 0.75 
2514 0.56 
2516 0.71 
2518 0.53 
2520 0.64 
2520 0.05 
2520 0.05 
2520 0.04 
2522 1.26 
2524 0.55 
2526 0.84 
2528 0.52 
2530 0.62 
2532 0.85 
2534 1.26 
2535 0.74 
2537 0.77 
2539 0.55 
2541 0.81 
2543 0.95 
2545 0.61 
2547 0.55 
2549 0.63 
2550 0.31 
2550 0.04 
2550 0.07 
2550 0.04 
2551 0.85 
2553 1.03 
2555 0.71 
2557 1.02 
2559 0.48 
2561 0.75 
2563 0.89 
2565 0.67 
2566 0.56 
2568 0.59 
2570 0.70 
2572 0.66 
2574 1.06 
2576 0.74 
2578 0.68 
2580 0.75 
2580 0.11 
2580 0.04 
2580 0.04 
2581 0.75 
2583 0.88 
2585 0.49 
2587 0.30 
2589 0.57 
2591 0.60 
2592 0.66 
2594 0.83 
2596 0.65 
2598 0.62 
2600 0.50 
2602 0.92 
2604 0.50 
2606 1.07 
2608 0.73 
2609 0.52 
2610 0.06 
2610 0.05 
2610 0.04 
2611 0.89 
2613 1.01 
2615 0.53 
2617 0.58 
2619 0.71 
2621 0.60 
2623 0.86 
2625 0.60 
2627 0.75 
2629 1.40 
2631 0.74 
2633 1.01 
2634 0.36 
2636 0.39 
2638 0.37 
2640 0.64 
2640 0.08 
2640 0.03 
2640 0.06 
2642 1.37 
2644 0.77 
2646 1.15 
2648 0.82 
2650 1.52 
2652 0.65 
2654 0.71 
2655 1.14 
2657 0.83 
2659 0.88 
2661 1.32 
2663 0.85 
2665 0.80 
2667 1.22 
2669 0.65 
2670 0.74 
2670 0.06 
2670 0.06 
2670 0.04 
2671 0.71 
2673 1.09 
2675 0.65 
2677 0.76 
2679 0.88 
2680 0.98 
2682 0.50 
2684 0.42 
2686 0.97 
2688 0.83 
2690 0.49 
2692 1.14 
2693 0.81 
2695 0.79 
2697 0.84 
2699 0.93 
2700 0.03 
2700 0.03 
2700 0.09 
2702 1.90 
2704 0.89 
2705 1.09 
2707 0.95 
2709 0.80 
2711 0.91 
2713 0.68 
2715 0.85 
2717 0.80 
2719 0.40 
2720 1.08 
2722 1.12 
2724 0.75 
2726 0.94 
2728 1.35 
2730 0.60 
2730 0.08 
2730 0.07 
2730 0.04 
2731 1.42 
2733 2.06 
2735 1.18 
2737 1.12 
2739 0.80 
2741 1.01 
2743 0.81 
2745 0.40 
2746 0.81 
2748 0.95 
2750 0.80 
2752 0.92 
2754 0.78 
2756 0.73 
2758 0.87 
2759 0.62 
2760 0.05 
2760 0.05 
2760 0.09 
2762 1.09 
2764 1.10 
2766 1.22 
2768 0.80 
2770 0.66 
2771 0.54 
2773 0.73 
2775 1.19 
2777 0.85 
2779 0.91 
2781 0.75 
2782 1.04 
2784 0.69 
2786 1.24 
2788 0.46 
2790 0.63 
2790 0.04 
2790 0.16 
2790 0.05 
2792 1.60 
2794 1.03 
2795 0.90 
2797 1.06 
2799 0.83 
2801 0.92 
2803 0.97 
2805 0.63 
2807 0.41 
2809 0.81 
2811 0.60 
2813 1.54 
2815 0.96 
2816 0.71 
2818 1.08 
2820 0.83 
2820 0.03 
2820 0.03 
2820 0.05 
2822 0.84 
2824 0.92 
2825 1.38 
2827 1.16 
2829 1.12 
2831 0.69 
2833 0.78 
2835 0.81 
2837 0.39 
2839 0.82 
2841 1.20 
2843 0.69 
2844 0.82 
2846 1.13 
2848 0.40 
2850 1.07 
2850 0.06 
2850 0.08 
2850 0.05 
2852 1.86 
2854 1.12 
2856 1.78 
2857 0.80 
2859 0.78 
2861 1.32 
2863 1.05 
2865 1.02 
2867 1.16 
2869 0.80 
2871 0.94 
2873 0.72 
2875 0.81 
2876 0.74 
2878 1.02 
2880 0.86 
2880 0.03 
2880 0.07 
2880 0.03 
2881 1.51 
2883 1.94 
2885 1.68 
2887 1.73 
2889 1.55 
2891 1.38 
2893 1.46 
2895 0.87 
2897 0.61 
2899 0.88 
2901 0.88 
2902 0.64 
2904 1.10 
2906 0.78 
2908 0.73 
2910 1.78 
2910 0.04 
2910 0.06 
2910 0.07 
2911 0.94 
2913 1.83 
2915 0.84 
2917 0.72 
2919 1.49 
2921 1.13 
2923 1.22 
2924 0.74 
2926 0.70 
2928 0.45 
2930 0.43 
2932 1.11 
2934 1.17 
2936 1.57 
2938 1.00 
2940 2.03 
2940 0.04 
2940 0.06 
2940 0.08 
2941 1.34 
2943 1.49 
2945 1.43 
2947 1.36 
2949 0.95 
2951 1.09 
2952 0.69 
2954 0.39 
2956 1.12 
2958 1.28 
2960 0.72 
2962 1.36 
2964 1.21 
2966 1.60 
2968 1.45 
2970 1.31 
2970 0.06 
2970 0.04 
2970 0.06 
2972 1.89 
2974 1.62 
2976 1.43 
2978 1.07 
2979 0.78 
2981 0.53 
2983 0.67 
2985 0.72 
2987 0.60 
2989 1.44 
2991 1.28 
2992 1.47 
2994 0.76 
2996 0.98 
2998 1.25 
3000 0.85 
3000 0.04 
3000 0.05 
3000 0.04 
3002 1.91 
3004 1.73 
3006 1.36 
3008 0.76 
3009 0.66 
3011 1.24 
3013 1.33 
3015 1.04 
3017 0.57 
3019 0.82 
3020 0.86 
3022 0.98 
3024 0.46 
3026 0.58 
3028 0.94 
3030 1.10 
3030 0.07 
3030 0.08 
3030 0.05 
3032 1.39 
3033 1.22 
3035 0.99 
3037 1.20 
3039 1.51 
3041 0.59 
3043 0.95 
3045 0.73 
3047 0.51 
3049 0.96 
3051 1.27 
3053 1.10 
3055 1.25 
3057 0.98 
3059 1.06 
3060 0.74 
3060 0.07 
3060 0.14 
3060 0.04 
3061 1.00 
3063 0.96 
3065 1.20 
3067 0.96 
3068 1.59 
3070 1.10 
3072 1.51 
3074 1.42 
3076 0.35 
3078 0.65 
3080 0.63 
3081 0.91 
3083 0.90 
3085 0.91 
3087 0.56 
3089 0.62 
3090 0.33 
3090 0.04 
3090 0.09 
3090 0.04 
3091 0.99 
3093 0.52 
3095 0.99 
3097 1.27 
3098 1.20 
3100 1.17 
3102 0.92 
3104 1.18 
3106 0.72 
3108 1.35 
3110 0.84 
3111 1.23 
3113 0.65 
3115 0.51 
3117 1.07 
3119 0.98 
3120 0.60 
3120 0.09 
3120 0.06 
3122 1.27 
3123 0.71 
3125 0.76 
3127 0.88 
3129 1.33 
3131 1.27 
3133 1.03 
3135 1.36 
3137 0.57 
3139 0.83 
3141 0.98 
3143 1.03 
3145 1.11 
3146 0.83 
3148 0.82 
3150 0.60 
3150 0.09 
3150 0.06 
3150 0.07 
3152 1.07 
3153 1.35 
3155 0.81 
3157 1.01 
3159 1.08 
3161 1.11 
3163 1.06 
3165 1.51 
3166 0.50 
3168 0.51 
3170 0.45 
3172 1.07 
3174 0.96 
3176 1.06 
3178 0.84 
3180 1.00 
3180 0.12 
3180 0.04 
3180 0.04 
3181 0.66 
3183 1.19 
3185 0.92 
3187 0.77 
3189 1.33 
3191 0.53 
3192 0.70 
3194 0.94 
3196 0.66 
3198 0.89 
3200 0.88 
3202 1.24 
3204 0.92 
3206 1.18 
3208 0.64 
3210 0.71 
3210 0.14 
3210 0.03 
3210 0.06 
3211 0.74 
3213 0.88 
3215 1.29 
3217 0.66 
3219 1.04 
3221 1.05 
3223 0.82 
3225 1.14 
3227 0.60 
3228 0.38 
3230 0.87 
3232 0.52 
3234 0.67 
3236 1.39 
3238 0.62 
3240 1.21 
3240 0.07 
3240 0.05 
3240 0.04 
3241 0.96 
3243 1.26 
3245 1.30 
3247 0.70 
3249 0.86 
3251 0.71 
3253 0.43 
3254 0.69 
3256 1.10 
3258 1.08 
3260 1.07 
3262 1.00 
3264 1.26 
3266 0.64 
3268 0.83 
3270 0.38 
3270 0.04 
3270 0.03 
3270 0.06 
3272 1.23 
3274 1.42 
3276 1.11 
3278 1.02 
3280 0.80 
3282 0.65 
3284 0.69 
3286 1.06 
3288 1.25 
3289 1.08 
3291 0.84 
3293 0.98 
3295 1.32 
3297 1.04 
3299 0.66 
3300 0.05 
3300 0.04 
3300 0.03 
3301 1.41 
3303 1.10 
3305 0.85 
3307 0.41 
3309 0.61 
3311 0.63 
3313 1.26 
3315 1.35 
3317 1.47 
3319 1.15 
3321 1.56 
3323 0.88 
3324 0.50 
3326 0.18 
3328 0.39 
3330 0.55 
3330 0.05 
3330 0.07 
3330 0.04 
3332 1.90 
3334 1.42 
3335 0.79 
3337 0.79 
3339 0.92 
3341 0.61 
3343 1.02 
3345 0.80 
3347 0.76 
3349 0.64 
3350 1.12 
3352 0.67 
3354 1.25 
3356 0.83 
3358 1.23 
3360 0.91 
3360 0.07 
3360 0.09 
3360 0.17 
3361 1.01 
3363 0.84 
3365 0.73 
3367 0.95 
3369 1.11 
3371 0.98 
3373 1.00 
3375 0.66 
3377 0.54 
3379 0.79 
3381 0.38 
3383 0.79 
3385 0.32 
3387 0.87 
3389 0.98 
3390 0.23 
3390 0.06 
3390 0.08 
3390 0.04 
3391 0.64 
3393 0.66 
3395 0.49 
3397 0.27 
3399 0.75 
3401 0.64 
3403 0.83 
3405 1.05 
3406 1.00 
3408 0.65 
3410 0.43 
3412 0.66 
3414 0.44 
3416 0.48 
3418 0.62 
3420 0.87 
3420 0.10 
3420 0.04 
3420 0.04 
3421 0.78 
3423 0.74 
3425 0.89 
3427 0.60 
3429 1.05 
3431 0.92 
3433 0.57 
3435 0.66 
3437 0.63 
3438 0.32 
3440 0.54 
3442 0.57 
3444 0.50 
3446 0.59 
3448 0.65 
3450 1.03 
3450 0.05 
3450 0.07 
3450 0.06 
3452 1.22 
3454 0.79 
3456 0.97 
3458 1.12 
3460 0.69 
3461 0.74 
3463 0.71 
3465 0.82 
3467 0.65 
3469 0.46 
3471 1.01 
3473 1.03 
3475 1.04 
3477 0.50 
3479 0.68 
3480 0.09 
3480 0.02 
3480 0.14 
3482 1.37 
3484 0.84 
3486 0.55 
3488 0.83 
3490 0.55 
3492 1.05 
3494 0.75 
3495 0.28 
3497 0.32 
3499 0.61 
3501 1.24 
3503 0.42 
3505 0.87 
3507 0.78 
3509 0.68 
3510 0.14 
3510 0.04 
3510 0.05 
3511 0.92 
3513 0.95 
3515 0.69 
3517 1.09 
3519 0.83 
3521 0.92 
3523 0.90 
3525 0.98 
3527 0.46 
3529 1.36 
3531 0.45 
3532 0.80 
3534 0.61 
3536 0.41 
3538 0.89 
3540 0.41 
3540 0.05 
3540 0.07 
3540 0.04 
3542 1.05 
3544 0.67 
3546 0.93 
3548 0.89 
3550 1.09 
3552 0.93 
3554 0.86 
3556 0.67 
3558 0.49 
3560 0.51 
3561 0.75 
3563 1.03 
3565 0.60 
3567 0.55 
3569 0.38 
3570 0.07 
3570 0.05 
3570 0.06 
3572 0.59 
3573 0.41 
3575 0.58 
3577 0.36 
3579 0.83 
3581 0.35 
3583 0.29 
3584 0.26 
3586 1.36 
3588 1.23 
3590 0.68 
3592 0.98 
3594 0.89 
3596 0.80 
3598 1.20 
3600 0.39 
3600 0.03 
3600 0.11 
3600 0.04 
3602 0.51 
3604 0.82 
3606 0.86 
3608 0.83 
3610 0.47 
3612 0.38 
3614 0.47 
3616 1.09 
3618 0.62 
3619 0.46 
3621 0.66 
3623 0.52 
3625 0.66 
3627 0.40 
3629 0.47 
3630 0.05 
