2 1.61 
4 1.43 
6 1.58 
8 1.43 
10 1.47 
12 1.63 
14 1.81 
16 1.38 
18 1.39 
20 1.23 
22 1.43 
24 1.40 
26 1.36 
28 1.35 
30 1.68 
30 0.05 
30 0.02 
30 0.04 
32 1.52 
34 1.49 
36 1.48 
38 1.20 
40 1.53 
42 1.45 
44 1.16 
46 1.07 
48 1.37 
50 1.60 
52 1.33 
54 1.11 
56 1.75 
58 1.97 
60 1.52 
60 0.05 
60 0.08 
60 0.04 
62 1.42 
64 1.57 
66 1.14 
68 0.95 
70 1.56 
72 1.55 
74 1.23 
76 1.50 
78 1.42 
80 1.23 
82 0.85 
84 1.22 
85 1.94 
87 1.17 
89 1.09 
90 0.03 
90 0.04 
90 0.06 
92 1.76 
94 1.86 
96 1.66 
98 1.66 
100 1.47 
102 1.50 
104 1.52 
106 1.54 
108 1.48 
110 1.51 
112 1.58 
114 1.43 
116 1.62 
118 1.45 
120 1.43 
120 0.03 
120 0.05 
120 0.04 
121 1.74 
123 1.37 
125 1.54 
127 1.49 
129 1.74 
131 1.50 
133 1.31 
135 2.00 
137 1.57 
139 1.25 
141 1.51 
143 1.74 
145 1.67 
147 1.48 
149 1.38 
150 0.03 
150 0.05 
150 0.04 
152 1.71 
154 1.56 
156 1.74 
158 1.57 
160 1.68 
162 1.50 
164 1.36 
166 1.55 
168 1.42 
170 1.42 
172 1.10 
174 0.95 
176 1.01 
178 0.90 
180 1.01 
180 0.04 
180 0.06 
180 0.03 
182 1.48 
184 1.35 
186 1.56 
188 1.55 
190 1.59 
192 1.50 
194 1.52 
196 1.48 
198 1.78 
200 1.54 
202 1.53 
204 1.29 
206 1.50 
208 1.40 
210 1.52 
210 0.06 
210 0.07 
210 0.05 
211 0.99 
213 1.46 
215 1.46 
217 1.39 
219 1.51 
221 1.35 
223 1.55 
225 1.56 
227 1.55 
229 1.49 
231 1.02 
233 0.90 
235 0.91 
237 1.55 
239 1.55 
240 0.05 
240 0.06 
240 0.07 
242 2.85 
244 2.32 
246 2.42 
248 2.47 
250 2.22 
252 1.89 
254 1.98 
256 2.30 
258 2.12 
260 2.09 
262 2.13 
264 2.37 
266 2.39 
268 2.05 
270 2.11 
270 0.08 
270 0.05 
270 0.11 
271 2.02 
273 2.39 
275 1.84 
277 1.10 
279 1.82 
281 1.73 
283 1.93 
285 1.48 
287 2.49 
289 2.14 
290 2.34 
292 1.64 
294 2.14 
296 2.36 
298 2.07 
300 1.44 
300 0.06 
300 0.04 
300 0.03 
301 2.62 
303 2.57 
305 2.55 
307 1.63 
309 2.05 
311 2.13 
313 2.59 
315 1.87 
317 2.14 
319 2.12 
321 1.70 
323 1.62 
325 1.93 
327 1.69 
329 1.71 
330 0.53 
330 0.03 
330 0.04 
331 2.18 
333 1.89 
335 2.17 
337 2.39 
339 1.81 
341 1.80 
343 2.01 
345 1.99 
347 1.79 
348 1.61 
350 2.26 
352 1.93 
354 2.06 
356 1.95 
358 2.45 
360 1.66 
360 0.07 
360 0.03 
360 0.04 
361 2.65 
363 2.33 
365 2.30 
367 2.03 
369 1.61 
371 1.89 
373 1.77 
375 2.07 
377 2.25 
379 1.91 
381 1.31 
383 1.26 
385 1.39 
387 2.31 
389 2.20 
390 1.15 
390 0.04 
390 0.03 
390 0.03 
391 1.50 
393 1.77 
395 2.11 
397 2.27 
399 2.25 
401 2.44 
403 2.31 
405 2.61 
407 2.26 
409 2.18 
411 2.26 
413 2.39 
415 1.92 
417 2.25 
419 2.11 
420 0.07 
420 0.07 
420 0.02 
421 2.27 
423 2.40 
425 2.33 
427 2.30 
429 2.31 
431 1.83 
433 2.50 
435 2.54 
437 2.40 
439 2.28 
441 2.12 
443 2.31 
445 2.22 
447 1.40 
449 1.14 
450 0.28 
450 0.05 
450 0.04 
450 0.06 
452 2.27 
454 2.48 
456 2.38 
458 2.41 
460 2.31 
462 2.14 
464 2.19 
466 2.02 
468 2.32 
470 2.47 
472 2.34 
474 2.27 
475 1.82 
477 0.80 
479 1.02 
480 0.03 
480 0.04 
480 0.04 
481 2.75 
483 2.26 
485 1.89 
487 2.06 
489 2.35 
491 2.12 
493 3.32 
495 3.11 
497 3.07 
498 2.02 
500 2.34 
502 2.44 
504 2.43 
506 3.34 
508 2.54 
510 2.31 
510 0.02 
510 0.04 
510 0.05 
512 2.69 
514 2.61 
516 2.43 
518 2.36 
520 2.53 
521 1.69 
523 1.58 
525 1.93 
527 1.99 
529 1.67 
531 1.72 
532 1.87 
534 1.87 
536 2.00 
538 1.44 
540 2.19 
540 0.03 
540 0.10 
540 0.03 
542 3.57 
544 2.00 
546 3.12 
548 3.37 
550 3.01 
552 3.21 
553 1.99 
555 1.30 
557 1.47 
559 1.96 
561 2.07 
563 3.06 
565 2.91 
567 3.43 
569 3.02 
570 0.46 
570 0.03 
570 0.07 
572 3.70 
574 2.62 
576 2.48 
578 3.05 
580 3.09 
581 2.40 
583 3.06 
585 3.32 
587 2.91 
589 2.81 
591 2.10 
593 2.14 
595 2.15 
597 2.47 
599 2.89 
600 0.48 
600 0.02 
600 0.04 
602 3.02 
604 3.28 
606 2.92 
608 3.16 
610 2.25 
612 2.50 
614 3.22 
616 3.15 
618 2.82 
620 2.90 
622 2.94 
624 2.86 
625 2.15 
627 2.17 
629 1.27 
630 0.06 
630 0.05 
630 0.07 
631 1.92 
633 3.07 
635 2.08 
637 2.90 
639 2.52 
641 2.39 
643 2.31 
644 2.19 
646 3.14 
648 3.04 
650 2.94 
652 2.61 
654 2.69 
656 1.90 
658 1.52 
660 2.10 
660 0.05 
660 0.05 
660 0.04 
662 2.51 
664 2.84 
665 2.51 
667 2.59 
669 2.75 
671 3.22 
673 2.98 
675 3.11 
677 2.90 
679 3.28 
681 2.97 
683 2.25 
685 2.42 
687 2.80 
689 3.05 
690 0.04 
690 0.04 
690 0.04 
692 3.40 
694 2.60 
696 3.34 
698 3.03 
700 2.85 
702 2.26 
703 1.70 
705 2.01 
707 2.94 
709 3.18 
711 2.38 
713 2.81 
715 2.60 
717 3.50 
719 2.21 
720 0.40 
720 0.06 
720 0.04 
722 3.53 
724 3.85 
725 3.58 
727 3.49 
729 4.14 
731 4.21 
733 3.35 
735 2.99 
737 3.29 
739 3.77 
741 3.88 
743 3.90 
745 3.69 
747 3.93 
749 3.61 
750 0.39 
750 0.05 
750 0.08 
752 3.39 
754 3.16 
756 4.18 
757 2.76 
759 1.78 
761 2.88 
763 3.56 
765 3.05 
767 2.25 
768 1.93 
770 1.45 
772 2.03 
774 3.36 
776 1.65 
778 1.36 
779 2.53 
780 0.03 
780 0.03 
780 0.03 
781 1.50 
783 3.83 
785 2.68 
787 3.33 
789 3.66 
791 2.75 
793 2.26 
794 1.75 
796 2.60 
798 3.00 
800 3.00 
802 3.86 
804 4.03 
806 4.06 
808 3.53 
810 2.45 
810 0.04 
810 0.04 
810 0.06 
811 1.12 
813 3.37 
815 4.05 
817 3.12 
819 2.11 
821 4.12 
823 4.05 
825 2.44 
827 3.64 
828 2.80 
830 4.04 
832 2.87 
834 3.07 
836 2.65 
838 3.13 
840 3.01 
840 0.06 
840 0.03 
840 0.04 
842 3.58 
844 3.37 
846 2.20 
847 3.41 
849 3.87 
851 4.13 
853 1.20 
855 0.87 
857 0.74 
859 1.97 
861 0.90 
863 0.50 
865 0.42 
867 1.41 
869 0.69 
870 2.21 
870 0.06 
870 0.12 
870 0.04 
871 3.60 
873 3.27 
875 3.02 
877 3.59 
879 2.64 
881 2.16 
883 2.15 
885 1.98 
886 2.44 
888 4.26 
890 2.65 
892 2.39 
894 2.67 
896 2.23 
898 3.01 
900 3.31 
900 0.03 
900 0.05 
900 0.24 
901 3.65 
903 3.90 
905 3.91 
907 3.33 
909 3.11 
911 3.12 
913 2.80 
915 2.92 
917 4.11 
919 3.34 
921 2.87 
922 3.06 
924 2.13 
926 2.88 
928 4.06 
930 2.77 
930 0.03 
930 0.05 
930 0.03 
932 3.36 
934 3.40 
936 4.29 
938 4.09 
940 4.24 
942 3.57 
944 4.28 
946 4.18 
948 4.24 
950 4.11 
951 2.80 
953 1.80 
955 2.93 
957 2.68 
959 3.19 
960 0.41 
960 0.04 
960 0.04 
961 4.03 
963 4.81 
965 2.65 
967 2.70 
969 2.60 
971 2.56 
973 2.60 
975 4.74 
977 4.86 
979 4.74 
981 5.03 
982 5.49 
984 4.07 
986 3.99 
988 4.17 
990 3.92 
990 0.08 
990 0.04 
990 0.03 
992 4.53 
994 5.04 
996 5.03 
998 4.67 
1000 3.17 
1002 3.02 
1003 3.91 
1005 3.94 
1007 1.67 
1009 3.64 
1011 2.79 
1013 1.82 
1015 3.96 
1016 4.26 
1018 2.48 
1020 2.01 
1020 0.04 
1020 0.03 
1020 0.04 
1021 1.80 
1023 5.71 
1025 4.44 
1027 4.81 
1029 5.13 
1031 4.78 
1033 3.00 
1035 4.15 
1037 4.41 
1039 3.41 
1041 2.97 
1042 2.19 
1044 3.37 
1046 2.86 
1048 2.81 
1050 2.50 
1050 0.03 
1050 0.03 
1050 0.06 
1051 2.00 
1053 4.50 
1055 4.73 
1057 3.44 
1059 2.72 
1061 5.89 
1063 5.95 
1065 5.24 
1067 4.95 
1069 4.97 
1070 3.59 
1072 5.11 
1074 4.50 
1076 5.16 
1078 4.59 
1080 2.37 
1080 0.04 
1080 0.04 
1080 0.04 
1082 4.44 
1084 5.02 
1086 4.77 
1088 4.56 
1090 5.07 
1092 4.89 
1093 3.63 
1095 2.58 
1097 4.15 
1099 4.48 
1101 4.18 
1103 3.74 
1105 2.70 
1106 2.31 
1108 3.35 
1110 3.35 
1110 0.02 
1110 0.04 
1110 0.06 
1112 3.37 
1114 4.18 
1116 3.95 
1118 4.58 
1119 5.40 
1121 5.26 
1123 5.78 
1125 4.07 
1127 2.00 
1129 1.74 
1131 1.79 
1133 3.03 
1135 4.32 
1137 5.45 
1138 3.95 
1140 1.86 
1140 0.05 
1140 0.07 
1140 0.04 
1141 3.61 
1143 4.41 
1145 4.23 
1147 4.32 
1149 2.19 
1151 3.98 
1152 2.41 
1154 4.40 
1156 4.10 
1158 4.26 
1160 3.62 
1162 3.12 
1164 3.07 
1166 4.75 
1167 3.37 
1169 3.56 
1170 0.06 
1170 0.05 
1170 0.03 
1172 5.43 
1174 4.90 
1176 5.33 
1178 4.83 
1180 4.28 
1182 3.58 
1183 3.33 
1185 2.09 
1187 4.14 
1189 4.48 
1191 3.21 
1193 3.05 
1195 2.16 
1196 4.23 
1198 3.73 
1200 2.73 
1200 0.04 
1200 0.04 
1200 0.04 
1202 3.62 
1204 2.91 
1206 3.22 
1207 3.98 
1209 4.13 
1211 4.04 
1213 2.79 
1215 3.25 
1217 3.01 
1219 4.09 
1221 4.45 
1223 3.71 
1225 3.04 
1226 4.41 
1228 3.34 
1230 2.71 
1230 0.04 
1230 0.03 
1230 0.03 
1231 3.12 
1233 4.03 
1235 4.35 
1237 4.27 
1239 4.41 
1241 4.48 
1243 4.14 
1245 4.50 
1247 4.31 
1249 3.60 
1251 3.03 
1253 2.58 
1255 2.80 
1257 2.93 
1258 3.25 
1260 2.03 
1260 0.05 
1260 0.09 
1260 0.04 
1261 2.73 
1263 4.32 
1265 3.98 
1267 3.55 
1269 4.84 
1271 4.04 
1273 3.66 
1275 2.87 
1277 2.95 
1279 2.51 
1281 4.08 
1283 4.50 
1285 4.17 
1286 4.20 
1288 2.16 
1290 1.79 
1290 0.06 
1290 0.04 
1290 0.05 
1291 2.83 
1293 4.02 
1295 3.73 
1297 4.17 
1299 4.04 
1301 4.15 
1303 3.38 
1305 2.10 
1307 1.77 
1309 3.38 
1311 3.18 
1312 2.77 
1314 3.53 
1316 3.62 
1318 3.47 
1320 2.70 
1320 0.05 
1320 0.07 
1320 0.05 
1321 3.95 
1323 4.35 
1325 4.11 
1327 3.21 
1329 3.03 
1331 2.57 
1333 3.98 
1335 4.93 
1337 4.75 
1339 4.43 
1340 3.94 
1342 2.54 
1344 3.88 
1346 3.35 
1348 3.82 
1350 4.60 
1350 0.04 
1350 0.04 
1350 0.08 
1352 4.86 
1354 4.16 
1356 2.83 
1357 3.17 
1359 3.35 
1361 3.41 
1363 3.77 
1365 3.24 
1367 3.03 
1369 2.86 
1371 3.17 
1373 1.84 
1374 2.40 
1376 3.20 
1378 2.49 
1380 3.39 
1380 0.03 
1380 0.04 
1380 0.06 
1382 2.53 
1384 3.60 
1386 4.28 
1388 4.48 
1390 3.41 
1391 2.38 
1393 2.26 
1395 2.52 
1397 4.29 
1399 3.95 
1401 3.04 
1403 3.61 
1405 4.22 
1407 3.82 
1409 3.79 
1410 0.54 
1410 0.02 
1410 0.02 
1412 3.76 
1414 3.93 
1416 4.03 
1418 4.02 
1419 4.33 
1421 3.39 
1423 3.23 
1425 2.12 
1427 2.06 
1429 2.88 
1431 3.17 
1433 3.35 
1435 3.88 
1437 4.03 
1439 3.82 
1440 1.97 
1440 0.04 
1440 0.03 
1440 0.05 
1441 1.92 
1443 2.13 
1445 2.48 
1447 2.03 
1449 2.08 
1451 2.36 
1452 2.25 
1454 2.35 
1456 2.49 
1458 2.62 
1460 2.96 
1462 2.90 
1464 2.20 
1466 2.84 
1467 2.32 
1469 3.36 
1470 0.05 
1470 0.04 
1470 0.04 
1471 2.13 
1473 3.37 
1475 2.53 
1477 2.92 
1479 2.20 
1481 2.50 
1483 3.72 
1485 3.67 
1487 2.93 
1489 2.84 
1490 2.20 
1492 3.53 
1494 3.02 
1496 3.25 
1498 2.52 
1500 1.84 
1500 0.13 
1500 0.02 
1500 0.04 
1502 3.04 
1504 3.24 
1506 3.27 
1508 3.40 
1510 3.15 
1512 3.25 
1514 3.29 
1516 3.16 
1518 2.95 
1520 1.47 
1521 1.53 
1523 2.00 
1525 2.81 
1527 3.06 
1529 2.45 
1530 0.04 
1530 0.02 
1530 0.12 
1532 3.49 
1534 3.06 
1536 3.15 
1538 3.31 
1540 3.12 
1542 2.38 
1544 1.89 
1545 1.80 
1547 3.03 
1549 3.13 
1551 2.48 
1553 2.04 
1555 2.06 
1557 2.31 
1559 2.62 
1560 0.92 
1560 0.02 
1560 0.06 
1561 3.01 
1563 3.32 
1565 3.55 
1567 2.04 
1569 2.91 
1571 2.40 
1573 2.86 
1575 2.99 
1577 2.57 
1579 2.07 
1580 2.34 
1582 1.87 
1584 2.08 
1586 3.25 
1588 3.39 
1590 3.38 
1590 0.08 
1590 0.05 
1590 0.04 
1592 3.18 
1594 3.46 
1596 3.31 
1598 3.26 
1600 1.91 
1601 2.24 
1603 3.17 
1605 2.99 
1607 2.91 
1609 2.41 
1611 2.30 
1613 1.76 
1615 1.31 
1617 3.38 
1619 3.17 
1620 0.52 
1620 0.05 
1620 0.08 
1620 0.03 
1621 2.91 
1623 1.97 
1625 2.21 
1627 2.18 
1629 3.16 
1631 2.89 
1633 3.03 
1635 2.44 
1637 2.17 
1639 2.64 
1641 2.34 
1642 2.37 
1644 2.28 
1646 2.91 
1648 2.82 
1650 2.21 
1650 0.05 
1650 0.03 
1650 0.04 
1651 2.34 
1653 2.50 
1655 2.68 
1657 2.20 
1659 2.02 
1661 2.10 
1663 2.67 
1664 2.89 
1666 3.45 
1668 3.16 
1670 2.96 
1672 1.86 
1674 1.80 
1676 3.18 
1678 3.19 
1680 3.06 
1680 0.05 
1680 0.03 
1680 0.05 
1682 1.50 
1684 2.08 
1685 1.86 
1687 2.45 
1689 2.56 
1691 2.35 
1693 2.36 
1695 2.82 
1697 2.17 
1699 0.95 
1701 1.31 
1703 1.53 
1705 1.93 
1707 2.07 
1709 2.51 
1710 0.38 
1710 0.06 
1710 0.05 
1712 2.26 
1714 2.50 
1716 2.77 
1718 1.70 
1720 2.15 
1722 1.75 
1724 1.41 
1725 1.62 
1727 1.86 
1729 1.87 
1731 2.02 
1733 2.48 
1735 2.19 
1737 1.05 
1739 1.99 
1740 0.05 
1740 0.04 
1740 0.03 
1742 2.28 
1744 2.14 
1746 2.10 
1748 2.35 
1750 2.42 
1752 2.28 
1754 2.11 
1756 2.40 
1758 2.31 
1760 2.35 
1762 2.22 
1764 2.26 
1766 1.13 
1768 1.62 
1769 1.82 
1770 0.07 
1770 0.04 
1770 0.02 
1771 2.36 
1773 2.59 
1775 2.36 
1777 2.44 
1779 2.07 
1781 2.43 
1783 2.50 
1785 2.44 
1787 1.94 
1789 1.99 
1791 1.90 
1793 2.04 
1795 2.08 
1797 2.28 
1799 2.33 
1800 0.26 
1800 0.06 
1800 0.07 
1802 1.75 
1804 2.10 
1806 1.57 
1808 2.07 
1810 2.19 
1812 2.33 
1814 2.70 
1815 1.85 
1817 1.91 
1819 2.05 
1821 1.74 
1823 2.27 
1825 2.28 
1827 2.47 
1829 2.44 
1830 0.03 
1830 0.03 
1830 0.05 
1831 2.45 
1833 2.15 
1835 1.69 
1837 1.73 
1839 1.87 
1841 1.91 
1843 2.10 
1845 2.31 
1847 2.40 
1849 2.17 
1851 2.52 
1853 2.04 
1855 2.15 
1857 2.24 
1859 2.00 
1860 0.80 
1860 0.06 
1860 0.08 
1860 0.04 
1862 2.25 
1863 1.83 
1865 2.22 
1867 1.71 
1869 2.12 
1871 2.53 
1873 2.49 
1875 2.10 
1877 2.33 
1879 2.34 
1881 1.82 
1883 2.11 
1885 1.78 
1887 1.75 
1889 2.15 
1890 0.43 
1890 0.04 
1890 0.03 
1890 0.04 
1892 2.10 
1894 2.32 
1896 2.34 
1898 2.45 
1900 2.48 
1902 2.20 
1904 2.07 
1906 2.28 
1908 2.42 
1910 2.37 
1912 2.33 
1914 1.53 
1915 1.66 
1917 1.81 
1919 1.55 
1920 0.02 
1920 0.03 
1920 0.04 
1922 1.64 
1924 1.53 
1926 1.39 
1928 1.55 
1930 1.37 
1932 1.53 
1934 1.27 
1936 1.72 
1938 1.33 
1940 1.35 
1942 1.02 
1944 1.40 
1946 1.17 
1948 0.88 
1950 1.14 
1950 0.04 
1950 0.09 
1950 0.05 
1952 1.29 
1954 1.58 
1956 1.48 
1958 1.44 
1960 1.65 
1962 1.78 
1964 1.69 
1966 1.68 
1968 1.54 
1970 2.04 
1972 1.39 
1974 1.08 
1976 1.50 
1977 1.71 
1979 1.28 
1980 0.08 
1980 0.05 
1980 0.04 
1981 1.42 
1983 1.48 
1985 1.58 
1987 1.62 
1989 1.61 
1991 1.64 
1993 1.08 
1995 1.22 
1997 1.12 
1999 0.96 
2001 1.20 
2003 1.19 
2005 1.73 
2007 1.13 
2009 1.44 
2010 0.04 
2010 0.03 
2010 0.03 
2012 1.36 
2014 1.32 
2016 1.48 
2018 1.36 
2020 1.54 
2022 2.07 
2024 1.52 
2026 1.95 
2028 1.56 
2030 1.55 
2032 1.37 
2034 1.35 
2036 1.47 
2038 1.16 
2040 1.73 
2040 0.03 
2040 0.05 
2040 0.03 
2042 1.34 
2044 1.30 
2046 1.38 
2048 1.65 
2050 1.47 
2052 1.20 
2054 1.56 
2056 1.55 
2058 1.42 
2060 1.37 
2062 1.47 
2064 2.01 
2066 1.26 
2068 1.43 
2070 1.56 
2070 0.06 
2070 0.04 
2070 0.04 
2072 1.58 
2074 1.42 
2076 1.43 
2078 1.49 
2080 1.32 
2082 1.66 
2084 1.50 
2086 1.25 
2088 1.52 
2090 1.35 
2092 1.58 
2094 1.57 
2096 1.51 
2098 1.47 
2100 1.48 
2100 0.03 
2100 0.04 
2100 0.05 
2102 1.76 
2104 1.52 
2106 1.43 
2108 1.48 
2110 1.59 
2112 1.35 
2113 0.95 
2115 1.11 
2117 1.27 
2119 1.01 
2121 1.46 
2123 1.59 
2125 1.75 
2127 1.58 
2129 1.59 
2130 0.03 
2130 0.05 
2130 0.03 
2132 1.38 
2134 1.35 
2136 1.48 
2138 1.48 
2140 1.65 
2142 1.76 
2144 1.60 
2146 1.56 
2148 1.59 
2150 1.34 
2152 1.91 
2154 1.43 
2156 1.44 
2158 1.71 
2160 1.37 
2160 0.04 
2160 0.03 
2160 0.05 
2162 3.16 
2164 2.27 
2166 2.31 
2168 2.20 
2170 2.14 
2172 1.98 
2174 2.07 
2176 2.24 
2178 1.77 
2180 2.11 
2182 1.65 
2184 1.30 
2186 2.13 
2188 2.13 
2190 2.23 
2190 0.07 
2190 0.04 
2190 0.15 
2191 2.07 
2193 1.56 
2195 2.15 
2197 2.56 
2199 2.29 
2201 2.32 
2203 2.19 
2205 1.55 
2207 1.82 
2209 2.46 
2211 2.18 
2213 2.65 
2215 1.84 
2217 2.49 
2219 2.50 
2220 0.54 
2220 0.05 
2220 0.10 
2222 2.39 
2224 2.50 
2226 2.32 
2227 1.98 
2229 1.10 
2231 0.95 
2233 2.01 
2235 1.76 
2237 2.16 
2239 2.26 
2241 2.34 
2243 1.97 
2244 1.12 
2246 1.18 
2248 1.02 
2250 0.96 
2250 0.03 
2250 0.05 
2250 0.04 
2252 2.24 
2254 2.43 
2256 2.28 
2258 2.37 
2260 1.68 
2262 1.35 
2264 1.42 
2266 1.74 
2268 2.16 
2270 2.31 
2271 2.17 
2273 2.00 
2275 1.91 
2277 1.97 
2279 2.30 
2280 0.03 
2280 0.19 
2280 0.08 
2281 2.30 
2283 2.28 
2285 1.94 
2287 1.62 
2289 1.78 
2291 1.48 
2293 1.50 
2295 2.27 
2297 1.96 
2299 2.07 
2301 2.20 
2303 2.41 
2305 3.04 
2307 1.72 
2308 1.58 
2310 0.94 
2310 0.05 
2310 0.03 
2310 0.04 
2312 2.33 
2314 1.85 
2316 2.26 
2318 2.24 
2320 2.37 
2322 2.15 
2324 1.69 
2326 1.26 
2328 2.02 
2330 1.54 
2331 1.51 
2333 1.59 
2335 1.29 
2337 2.28 
2339 2.65 
2340 0.04 
2340 0.06 
2340 0.05 
2341 2.34 
2343 1.67 
2345 2.07 
2347 2.11 
2349 2.20 
2351 2.23 
2353 2.33 
2355 2.21 
2357 1.99 
2359 1.48 
2361 1.52 
2362 1.37 
2364 1.93 
2366 1.54 
2368 1.69 
2370 1.75 
2370 0.03 
2370 0.08 
2370 0.11 
2372 2.32 
2374 2.14 
2376 2.14 
2378 2.02 
2380 1.57 
2382 1.45 
2384 2.12 
2386 2.11 
2387 1.63 
2389 1.44 
2391 1.92 
2393 1.70 
2395 1.89 
2397 2.34 
2399 2.35 
2400 0.19 
2400 0.08 
2400 0.02 
2402 2.01 
2404 1.74 
2406 2.65 
2408 2.63 
2409 2.77 
2411 2.91 
2413 2.87 
2415 3.32 
2417 2.81 
2419 3.16 
2421 2.96 
2423 2.75 
2425 2.56 
2427 2.51 
2429 2.35 
2430 0.06 
2430 0.03 
2430 0.03 
2432 3.97 
2434 3.08 
2436 3.28 
2438 3.19 
2440 2.66 
2442 2.98 
2444 3.07 
2446 2.57 
2448 2.45 
2450 2.91 
2452 2.62 
2453 2.39 
2455 2.32 
2457 1.88 
2459 2.54 
2460 0.07 
2460 0.03 
2460 0.08 
2461 2.24 
2463 3.11 
2465 3.53 
2467 3.29 
2469 3.12 
2471 3.20 
2473 3.47 
2475 3.17 
2477 2.84 
2479 2.76 
2481 3.25 
2483 3.35 
2485 3.35 
2487 3.19 
2489 3.30 
2490 0.88 
2490 0.03 
2490 0.10 
2492 2.52 
2494 3.11 
2496 2.73 
2497 2.18 
2499 2.46 
2501 3.79 
2503 3.02 
2505 1.80 
2507 1.83 
2509 2.29 
2511 1.80 
2512 2.11 
2514 2.69 
2516 3.17 
2518 3.09 
2520 1.59 
2520 0.07 
2520 0.06 
2520 0.04 
2521 3.15 
2523 2.74 
2525 2.79 
2527 2.54 
2529 2.26 
2531 2.49 
2533 3.24 
2535 2.85 
2537 1.74 
2539 2.31 
2541 2.31 
2542 2.28 
2544 2.31 
2546 2.31 
2548 2.45 
2550 2.53 
2550 0.07 
2550 0.05 
2550 0.06 
2552 3.42 
2554 2.58 
2555 2.64 
2557 2.46 
2559 2.78 
2561 3.13 
2563 2.71 
2565 2.64 
2567 2.52 
2569 2.92 
2571 2.99 
2573 3.32 
2575 3.50 
2577 3.11 
2579 3.31 
2580 0.83 
2580 0.10 
2580 0.04 
2582 2.87 
2583 2.43 
2585 2.35 
2587 2.50 
2589 2.19 
2591 2.39 
2593 2.43 
2595 2.62 
2597 2.78 
2599 2.20 
2601 1.43 
2602 2.54 
2604 2.31 
2606 2.58 
2608 2.66 
2610 2.02 
2610 0.05 
2610 0.04 
2610 0.05 
2612 3.33 
2614 2.92 
2616 2.05 
2618 1.60 
2619 2.07 
2621 2.83 
2623 3.32 
2625 3.44 
2627 3.24 
2629 3.22 
2631 2.69 
2633 2.79 
2635 1.95 
2637 2.70 
2639 2.82 
2640 0.64 
2640 0.05 
2640 0.05 
2642 2.75 
2644 4.09 
2645 3.34 
2647 3.06 
2649 3.93 
2651 4.05 
2653 4.17 
2655 3.93 
2657 3.19 
2659 2.99 
2661 3.57 
2663 2.99 
2665 3.69 
2666 3.72 
2668 2.83 
2670 3.18 
2670 0.03 
2670 0.07 
2670 0.12 
2672 3.57 
2674 2.81 
2676 2.69 
2677 2.87 
2679 3.19 
2681 2.26 
2683 2.52 
2685 1.78 
2687 3.23 
2688 2.86 
2690 3.24 
2692 3.62 
2694 2.89 
2696 3.44 
2698 3.27 
2700 3.21 
2700 0.06 
2700 0.03 
2700 0.04 
2701 3.39 
2703 4.03 
2705 3.64 
2707 4.00 
2709 2.97 
2711 2.97 
2713 3.11 
2715 3.29 
2717 2.85 
2718 2.46 
2720 3.15 
2722 3.62 
2724 3.02 
2726 4.22 
2728 4.13 
2730 2.69 
2730 0.06 
2730 0.15 
2730 0.05 
2731 2.87 
2733 3.92 
2735 4.41 
2737 4.14 
2739 3.92 
2741 3.07 
2743 3.57 
2745 2.94 
2746 3.09 
2748 3.93 
2750 2.83 
2752 3.15 
2754 3.13 
2756 3.31 
2758 2.93 
2760 2.77 
2760 0.04 
2760 0.06 
2760 0.08 
2762 3.07 
2764 4.14 
2766 4.25 
2768 3.09 
2770 2.81 
2772 2.14 
2773 2.23 
2775 2.96 
2777 2.88 
2779 3.35 
2781 2.87 
2783 3.70 
2785 3.91 
2786 3.29 
2788 2.99 
2790 1.89 
2790 0.04 
2790 0.08 
2790 0.10 
2791 2.74 
2793 3.97 
2795 2.38 
2797 3.18 
2799 2.99 
2801 4.15 
2803 4.33 
2805 2.03 
2806 2.04 
2808 2.60 
2810 2.88 
2812 3.73 
2814 3.97 
2816 3.59 
2818 3.09 
2820 2.99 
2820 0.03 
2820 0.03 
2820 0.05 
2821 2.93 
2823 3.76 
2825 4.31 
2827 4.08 
2829 3.89 
2831 2.75 
2833 2.88 
2835 3.02 
2837 2.19 
2838 3.97 
2840 4.04 
2842 3.35 
2844 2.92 
2846 3.33 
2848 2.34 
2850 3.52 
2850 0.05 
2850 0.05 
2850 0.04 
2852 5.19 
2854 3.40 
2855 2.92 
2857 3.33 
2859 3.63 
2861 3.29 
2863 3.49 
2865 3.94 
2867 3.92 
2869 3.77 
2871 3.11 
2873 3.24 
2874 3.01 
2876 2.80 
2878 3.17 
2880 3.05 
2880 0.05 
2880 0.06 
2880 0.05 
2881 3.81 
2883 4.89 
2885 5.06 
2887 5.15 
2889 4.99 
2891 4.88 
2893 4.85 
2895 3.67 
2897 3.52 
2899 3.55 
2901 3.54 
2902 2.53 
2904 3.62 
2906 2.98 
2908 2.62 
2910 5.34 
2910 0.03 
2910 0.05 
2910 0.04 
2911 3.71 
2913 5.21 
2915 5.04 
2917 3.85 
2919 4.29 
2921 3.91 
2923 4.01 
2925 3.56 
2926 2.52 
2928 2.73 
2930 1.67 
2932 3.49 
2934 5.09 
2936 5.09 
2938 4.88 
2940 4.93 
2940 0.04 
2940 0.05 
2940 0.07 
2941 4.60 
2943 4.33 
2945 5.07 
2947 4.27 
2949 3.69 
2951 3.13 
2953 3.49 
2954 2.28 
2956 3.04 
2958 4.68 
2960 4.50 
2962 5.20 
2964 4.62 
2966 3.94 
2968 4.56 
2970 4.14 
2970 0.12 
2970 0.04 
2970 0.04 
2971 2.49 
2973 4.84 
2975 4.61 
2977 3.79 
2979 3.81 
2981 3.00 
2983 2.64 
2984 2.78 
2986 3.09 
2988 4.63 
2990 3.86 
2992 4.13 
2994 4.08 
2996 3.56 
2998 4.03 
2999 3.36 
3000 0.04 
3000 0.04 
3000 0.05 
3001 4.16 
3003 4.89 
3005 5.07 
3007 3.14 
3009 2.89 
3011 3.80 
3013 4.28 
3015 3.05 
3016 2.54 
3018 2.56 
3020 3.66 
3022 3.46 
3024 2.23 
3026 2.50 
3027 3.33 
3029 5.15 
3030 0.04 
3030 0.08 
3030 0.04 
3031 3.20 
3033 4.08 
3035 4.95 
3037 5.29 
3039 4.91 
3041 3.68 
3043 2.57 
3045 3.51 
3047 2.94 
3048 3.65 
3050 4.80 
3052 4.72 
3054 5.03 
3056 4.34 
3058 4.59 
3060 3.34 
3060 0.06 
3060 0.09 
3060 0.06 
3061 3.64 
3063 3.60 
3065 3.76 
3067 3.81 
3069 4.43 
3070 4.04 
3072 5.33 
3074 3.05 
3076 2.11 
3078 2.09 
3080 2.71 
3082 2.68 
3083 3.20 
3085 2.76 
3087 2.73 
3089 2.44 
3090 0.16 
3090 0.12 
3090 0.08 
3091 4.45 
3093 2.54 
3095 2.95 
3097 4.09 
3099 3.53 
3100 4.57 
3102 4.43 
3104 4.64 
3106 3.88 
3108 4.63 
3110 3.77 
3112 3.54 
3114 3.37 
3116 3.26 
3117 3.78 
3119 3.51 
3120 0.03 
3120 0.07 
3120 0.06 
3121 4.43 
3123 2.74 
3125 3.35 
3127 3.92 
3129 4.15 
3131 4.41 
3133 4.09 
3135 3.32 
3137 2.65 
3139 2.83 
3140 3.36 
3142 4.41 
3144 4.02 
3146 2.72 
3148 3.06 
3150 2.44 
3150 0.10 
3150 0.07 
3150 0.06 
3151 3.91 
3153 3.70 
3155 3.18 
3157 3.22 
3159 3.39 
3161 3.58 
3163 3.64 
3165 3.76 
3166 2.86 
3168 2.46 
3170 2.57 
3172 3.54 
3174 3.05 
3176 4.07 
3178 4.03 
3180 3.91 
3180 0.12 
3180 0.04 
3180 0.05 
3181 2.53 
3183 4.04 
3185 3.58 
3187 3.82 
3189 4.13 
3191 2.93 
3192 2.76 
3194 4.16 
3196 2.93 
3198 3.69 
3200 3.88 
3202 4.16 
3204 4.01 
3206 3.62 
3208 3.37 
3210 3.16 
3210 0.06 
3210 0.06 
3210 0.06 
3211 3.69 
3213 3.28 
3215 4.38 
3217 3.92 
3219 4.09 
3221 4.20 
3223 3.44 
3225 3.43 
3227 2.48 
3229 1.46 
3230 2.39 
3232 2.68 
3234 2.61 
3236 4.13 
3238 2.88 
3240 4.19 
3240 0.07 
3240 0.04 
3240 0.04 
3242 3.32 
3244 3.62 
3246 4.26 
3247 2.69 
3249 1.87 
3251 2.33 
3253 2.38 
3255 2.85 
3257 3.56 
3259 3.50 
3261 4.22 
3263 3.88 
3265 4.08 
3266 2.98 
3268 3.01 
3270 1.58 
3270 0.06 
3270 0.04 
3270 0.05 
3272 4.20 
3274 4.30 
3276 4.35 
3278 4.18 
3279 4.03 
3281 3.10 
3283 2.99 
3285 3.83 
3287 4.31 
3289 3.32 
3291 3.72 
3293 3.53 
3295 4.60 
3297 4.22 
3299 3.45 
3300 0.91 
3300 0.05 
3300 0.05 
3301 3.73 
3303 3.74 
3305 4.22 
3307 2.59 
3309 1.89 
3311 2.84 
3313 4.20 
3315 4.25 
3316 4.09 
3318 4.00 
3320 4.24 
3322 3.76 
3324 2.50 
3326 1.01 
3328 1.95 
3330 1.55 
3330 0.06 
3330 0.05 
3330 0.14 
3332 4.07 
3334 4.03 
3335 3.07 
3337 3.08 
3339 2.73 
3341 3.06 
3343 2.97 
3345 3.12 
3347 3.13 
3348 3.11 
3350 3.86 
3352 3.30 
3354 3.93 
3356 3.34 
3358 3.60 
3360 2.72 
3360 0.06 
3360 0.09 
3360 0.08 
3361 3.38 
3363 3.09 
3365 3.19 
3367 3.30 
3369 3.63 
3371 3.21 
3373 3.36 
3375 3.49 
3377 3.19 
3379 3.21 
3381 2.55 
3383 2.32 
3385 2.49 
3387 2.62 
3389 3.28 
3390 0.78 
3390 0.04 
3390 0.15 
3391 2.18 
3393 2.16 
3395 2.02 
3397 2.31 
3399 3.38 
3401 2.89 
3403 3.18 
3405 3.46 
3407 3.38 
3409 1.96 
3410 1.38 
3412 1.75 
3414 2.07 
3416 2.56 
3418 2.14 
3420 2.68 
3420 0.16 
3420 0.04 
3420 0.09 
3422 2.61 
3423 3.15 
3425 3.45 
3427 3.14 
3429 3.20 
3431 2.10 
3433 2.51 
3435 2.28 
3437 2.51 
3439 1.86 
3441 1.79 
3442 1.87 
3444 2.23 
3446 2.21 
3448 2.57 
3450 2.90 
3450 0.03 
3450 0.10 
3450 0.05 
3452 3.51 
3454 3.26 
3456 3.14 
3458 3.56 
3460 3.05 
3462 2.99 
3464 2.50 
3466 2.56 
3468 2.80 
3469 2.73 
3471 2.82 
3473 2.90 
3475 3.18 
3477 2.62 
3479 2.90 
3480 0.14 
3480 0.03 
3480 0.04 
3481 2.72 
3483 3.26 
3485 3.16 
3487 3.22 
3489 3.09 
3491 3.12 
3493 3.32 
3495 1.61 
3497 1.91 
3499 2.80 
3501 2.52 
3502 2.95 
3504 3.00 
3506 2.55 
3508 2.49 
3510 1.84 
3510 0.05 
3510 0.05 
3510 0.04 
3511 2.51 
3513 3.27 
3515 2.68 
3517 3.19 
3519 2.96 
3521 3.12 
3523 3.26 
3525 2.60 
3527 2.41 
3529 2.59 
3530 2.20 
3532 2.91 
3534 2.37 
3536 1.81 
3538 2.92 
3540 2.41 
3540 0.06 
3540 0.05 
3540 0.05 
3542 3.22 
3544 3.20 
3546 3.33 
3547 2.81 
3549 3.08 
3551 3.45 
3553 3.26 
3555 3.34 
3557 2.55 
3559 2.85 
3561 2.70 
3563 2.80 
3565 2.35 
3567 2.07 
3569 1.82 
3570 0.27 
3570 0.04 
3570 0.04 
3571 2.38 
3573 1.53 
3575 2.02 
3577 2.65 
3579 2.29 
3581 1.78 
3583 1.29 
3584 1.04 
3586 3.66 
3588 3.36 
3590 3.15 
3592 3.39 
3594 3.30 
3596 3.46 
3598 3.08 
3600 2.34 
3600 0.03 
3600 0.04 
3600 0.05 
3601 1.85 
3603 2.12 
3605 2.37 
3607 2.46 
3609 2.33 
3611 2.77 
3613 2.50 
3615 1.75 
3617 1.99 
3619 1.92 
3621 1.72 
3623 2.28 
3625 2.35 
3627 1.81 
3628 1.86 
3630 1.20 
