1 46.25 
3 32.95 
5 21.09 
7 18.77 
9 25.52 
11 11.91 
13 7.10 
15 6.21 
17 12.40 
19 10.29 
21 11.58 
23 11.88 
25 11.48 
27 15.33 
29 15.79 
30 0.12 
30 0.12 
30 0.09 
31 37.80 
33 24.46 
35 31.87 
37 29.65 
39 28.36 
41 25.29 
43 16.40 
45 10.37 
47 10.53 
49 10.80 
51 13.32 
53 7.28 
55 13.50 
57 13.57 
59 26.14 
60 0.41 
60 0.11 
60 0.20 
62 36.80 
64 17.39 
66 6.77 
68 9.79 
70 13.54 
72 13.87 
74 31.24 
76 17.47 
78 14.17 
80 4.73 
82 4.71 
84 22.93 
86 49.20 
88 68.91 
90 21.97 
90 0.18 
90 0.16 
90 0.19 
91 83.81 
93 86.36 
95 41.99 
97 15.26 
99 48.94 
101 9.15 
103 29.12 
105 14.29 
107 6.37 
109 9.08 
111 10.17 
113 6.15 
115 23.39 
117 14.40 
119 11.54 
120 0.08 
120 0.15 
120 0.15 
121 36.08 
123 10.27 
125 101.04 
127 44.64 
129 56.50 
131 32.82 
133 14.32 
135 17.57 
137 24.24 
139 6.83 
141 8.59 
143 21.43 
145 51.53 
147 57.13 
149 15.76 
150 0.17 
150 0.13 
150 0.14 
151 42.12 
153 16.43 
155 21.65 
157 18.21 
159 20.37 
161 7.73 
163 25.59 
165 13.99 
167 11.84 
169 12.40 
171 11.07 
173 1.91 
175 9.69 
177 7.47 
179 18.92 
180 2.10 
180 0.07 
180 0.25 
182 100.46 
184 23.24 
186 37.41 
188 23.92 
190 12.35 
192 23.86 
194 30.92 
196 8.37 
198 38.85 
200 27.50 
202 24.54 
204 14.50 
206 11.79 
208 7.56 
210 17.90 
210 0.18 
210 0.21 
210 0.16 
211 3.37 
213 19.21 
215 13.33 
217 48.97 
219 50.48 
221 43.08 
223 26.57 
225 21.82 
227 15.96 
229 10.78 
231 7.09 
233 2.66 
235 10.22 
237 29.33 
239 22.34 
240 0.15 
240 0.21 
240 0.15 
242 97.87 
244 58.33 
246 39.04 
248 40.19 
250 21.28 
252 16.68 
254 8.90 
256 20.02 
258 21.60 
260 23.75 
262 46.68 
264 27.37 
266 14.59 
268 7.17 
270 22.44 
270 0.14 
270 0.21 
270 0.14 
271 51.08 
273 45.47 
275 15.16 
277 10.48 
279 48.05 
281 19.65 
283 21.23 
284 16.97 
286 12.21 
288 10.81 
290 24.42 
292 15.83 
294 10.25 
296 14.70 
298 9.41 
300 12.26 
300 0.72 
300 1.04 
300 0.23 
300 101.21 
302 35.23 
304 100.77 
306 64.76 
308 27.83 
310 20.18 
312 35.10 
314 24.51 
316 16.53 
318 6.49 
320 27.21 
322 10.48 
324 5.32 
325 13.06 
327 18.26 
329 13.89 
330 0.19 
330 0.13 
330 0.19 
332 37.93 
334 74.31 
336 67.15 
338 39.13 
339 51.32 
341 21.72 
343 16.08 
345 24.27 
347 6.31 
349 19.92 
351 16.91 
353 101.56 
355 17.11 
357 26.30 
359 53.79 
360 1.38 
360 0.39 
360 0.14 
362 101.43 
364 68.87 
366 31.64 
368 35.58 
370 13.37 
372 18.40 
374 13.80 
375 19.06 
377 8.04 
379 16.52 
381 2.56 
383 15.36 
385 18.44 
387 18.73 
389 38.77 
390 0.98 
390 0.13 
390 0.10 
392 55.25 
394 31.05 
395 99.29 
397 52.84 
399 37.21 
401 19.83 
403 18.59 
405 39.37 
407 16.23 
409 31.71 
411 100.04 
413 31.06 
415 17.81 
417 24.37 
419 14.60 
420 0.48 
420 0.12 
420 0.09 
421 58.81 
423 44.29 
425 28.24 
427 45.93 
429 43.73 
431 5.56 
433 31.04 
435 21.87 
437 28.00 
439 34.20 
441 22.07 
443 8.49 
445 20.64 
447 17.86 
449 3.11 
450 1.12 
450 0.16 
450 1.02 
452 53.65 
454 30.51 
456 24.13 
458 31.24 
460 48.58 
462 13.56 
464 16.39 
466 4.95 
468 102.92 
470 75.48 
472 30.64 
474 48.26 
476 33.53 
478 9.34 
479 18.85 
480 0.18 
480 0.14 
480 0.09 
481 81.68 
483 100.91 
485 35.35 
487 37.68 
489 34.89 
491 41.26 
493 38.76 
495 48.06 
496 38.75 
498 12.64 
500 26.61 
502 45.65 
504 9.94 
506 18.25 
508 28.66 
510 22.05 
510 0.11 
510 0.19 
510 0.21 
510 100.14 
512 82.54 
513 96.98 
515 49.98 
517 38.36 
519 29.69 
521 13.42 
523 8.18 
525 32.00 
527 12.98 
529 12.40 
530 14.85 
532 85.84 
534 100.01 
536 101.23 
538 100.47 
540 101.10 
540 100.32 
540 0.15 
540 0.25 
540 100.47 
542 85.57 
544 26.89 
545 44.33 
547 37.26 
549 35.67 
551 21.66 
553 9.23 
555 15.69 
557 21.31 
559 21.45 
561 11.93 
563 50.54 
565 27.81 
567 22.24 
569 16.60 
570 8.22 
570 0.10 
570 0.16 
570 0.11 
570 102.91 
572 68.45 
573 40.43 
575 41.77 
577 65.59 
579 27.54 
581 14.04 
583 36.03 
585 37.53 
587 28.48 
589 76.80 
591 21.83 
593 7.24 
595 18.24 
597 16.66 
599 13.50 
600 13.09 
600 0.07 
600 0.09 
600 0.14 
600 104.33 
602 99.63 
604 93.43 
606 83.13 
608 50.38 
610 20.71 
611 20.96 
613 21.14 
615 32.44 
617 20.62 
619 33.59 
621 34.76 
623 30.03 
625 23.23 
627 13.88 
629 6.98 
630 2.30 
630 0.10 
630 1.02 
632 89.48 
634 61.29 
635 27.62 
637 18.66 
639 51.24 
641 21.71 
643 16.27 
645 38.73 
647 40.86 
649 23.89 
651 15.33 
653 7.69 
655 26.08 
657 12.54 
659 12.78 
660 27.56 
660 0.22 
660 0.34 
660 0.17 
660 102.20 
661 53.73 
663 46.82 
665 24.66 
667 39.20 
669 25.51 
671 34.40 
673 25.89 
675 29.89 
677 23.17 
679 35.43 
681 35.26 
683 10.72 
685 15.63 
687 26.77 
689 15.30 
690 9.09 
690 0.13 
690 0.18 
690 0.18 
690 100.25 
691 64.02 
693 63.40 
695 95.16 
697 56.55 
699 35.75 
701 36.67 
703 15.87 
705 8.24 
707 22.98 
709 35.77 
711 15.04 
713 31.05 
714 19.79 
716 43.98 
718 9.46 
720 16.96 
720 0.14 
720 1.02 
720 0.28 
720 100.76 
722 90.56 
724 55.92 
726 73.44 
728 41.41 
730 44.81 
732 47.72 
734 28.20 
735 29.02 
737 17.21 
739 84.66 
741 26.46 
743 37.78 
745 21.93 
747 66.10 
749 23.81 
750 0.90 
750 0.11 
750 0.21 
751 67.13 
753 49.37 
755 49.66 
757 32.67 
759 12.63 
760 38.81 
762 15.14 
764 42.77 
766 36.21 
768 4.74 
770 13.64 
771 21.94 
773 31.24 
775 18.15 
777 3.12 
779 22.36 
780 2.28 
780 0.17 
780 0.14 
782 54.53 
784 74.99 
785 102.66 
787 100.75 
789 101.59 
791 101.68 
793 102.47 
795 47.19 
797 92.97 
798 101.52 
800 101.18 
802 101.52 
804 101.60 
806 101.65 
808 101.57 
810 101.41 
810 100.11 
810 0.23 
810 0.57 
810 101.58 
810 101.20 
812 36.69 
812 37.92 
813 34.03 
813 95.73 
815 30.84 
815 73.98 
817 29.95 
817 52.94 
819 21.45 
819 11.84 
821 28.80 
821 28.18 
823 40.93 
823 22.20 
825 14.52 
825 29.07 
827 78.21 
827 56.70 
829 14.51 
829 13.67 
831 17.87 
831 16.33 
833 62.44 
833 34.73 
834 86.92 
834 24.26 
836 9.44 
836 32.31 
838 17.17 
838 10.12 
840 18.42 
840 13.84 
840 0.11 
840 0.13 
840 0.08 
840 0.09 
840 0.12 
840 0.11 
840 101.65 
840 101.73 
841 39.41 
841 54.45 
843 27.27 
843 30.45 
845 14.47 
845 31.93 
847 35.01 
847 17.34 
849 18.93 
849 13.41 
851 20.33 
851 57.59 
853 4.83 
853 9.63 
855 3.74 
855 5.63 
857 3.01 
857 12.91 
859 9.31 
859 7.72 
861 6.38 
861 11.86 
863 1.32 
863 0.13 
865 0.16 
865 0.14 
866 12.48 
866 12.56 
868 3.57 
868 0.92 
870 15.04 
870 17.36 
870 0.13 
870 0.10 
870 0.12 
870 0.14 
870 0.13 
870 0.23 
870 101.84 
872 49.82 
874 52.23 
876 34.37 
878 56.72 
880 29.26 
881 23.54 
883 46.73 
885 17.36 
887 28.45 
889 42.04 
891 25.02 
892 24.26 
894 15.06 
896 7.83 
898 25.43 
900 17.95 
900 0.13 
900 0.13 
900 0.22 
900 100.41 
902 78.77 
904 49.70 
906 53.15 
908 61.86 
910 37.08 
911 30.37 
913 22.75 
915 49.25 
917 35.97 
919 25.49 
921 31.37 
923 40.99 
925 12.73 
927 13.75 
929 48.83 
930 7.77 
930 0.11 
930 1.05 
930 0.15 
930 100.92 
931 76.08 
933 101.62 
935 76.78 
937 56.93 
939 51.40 
941 42.17 
943 21.39 
945 36.15 
947 17.50 
949 67.39 
951 36.31 
953 16.06 
954 3.68 
956 13.78 
958 8.85 
960 11.99 
960 0.12 
960 0.10 
960 0.18 
960 98.30 
962 84.87 
964 103.91 
965 85.19 
967 43.08 
969 55.42 
971 20.92 
973 43.04 
975 97.14 
977 100.70 
979 56.22 
981 44.97 
983 55.46 
984 26.01 
986 16.04 
988 28.55 
990 16.32 
990 0.21 
990 0.08 
990 0.17 
990 101.91 
992 92.16 
994 83.03 
996 60.28 
998 26.70 
1000 23.97 
1001 30.57 
1003 44.80 
1005 49.70 
1007 8.93 
1009 21.02 
1011 14.78 
1013 7.90 
1015 22.50 
1016 75.71 
1018 14.65 
1020 45.01 
1020 0.13 
1020 0.13 
1020 0.21 
1020 102.97 
1022 100.29 
1024 96.06 
1026 59.93 
1028 92.45 
1030 55.91 
1031 54.73 
1033 51.66 
1035 44.17 
1037 30.77 
1039 29.44 
1041 11.40 
1043 55.73 
1045 20.36 
1046 18.64 
1048 16.09 
1050 7.13 
1050 0.08 
1050 0.25 
1050 0.28 
1050 104.00 
1051 72.08 
1053 85.22 
1055 52.36 
1057 27.88 
1059 24.14 
1061 48.28 
1063 52.98 
1065 34.79 
1067 56.94 
1069 27.94 
1071 22.09 
1073 28.16 
1075 29.51 
1077 78.33 
1078 31.38 
1080 18.56 
1080 0.20 
1080 1.07 
1080 0.13 
1080 100.84 
1082 107.16 
1084 98.59 
1086 60.67 
1088 41.22 
1090 64.91 
1092 46.83 
1094 17.85 
1095 24.12 
1097 43.35 
1099 24.60 
1101 59.88 
1103 19.02 
1105 9.89 
1106 17.50 
1108 14.80 
1110 10.28 
1110 0.10 
1110 1.35 
1110 0.13 
1110 99.39 
1112 86.85 
1113 93.84 
1115 40.12 
1117 52.61 
1119 58.20 
1121 51.99 
1123 51.73 
1125 53.84 
1127 13.21 
1129 10.61 
1131 2.74 
1132 26.04 
1134 18.85 
1136 91.95 
1138 23.44 
1140 32.27 
1140 0.14 
1140 0.15 
1140 0.19 
1140 100.65 
1141 79.47 
1143 92.12 
1145 89.24 
1147 34.78 
1149 24.69 
1151 49.23 
1153 14.38 
1154 45.86 
1156 16.49 
1158 26.67 
1160 34.81 
1162 12.92 
1164 22.86 
1166 35.67 
1168 14.20 
1169 15.00 
1170 0.15 
1170 0.15 
1170 0.15 
1172 90.84 
1174 88.07 
1176 79.71 
1178 47.18 
1180 56.51 
1182 36.56 
1183 53.21 
1185 7.64 
1187 18.72 
1189 24.88 
1191 21.38 
1193 19.19 
1195 14.58 
1196 63.48 
1198 24.14 
1200 10.71 
1200 0.14 
1200 0.18 
1200 0.11 
1200 100.84 
1202 40.42 
1204 39.91 
1205 66.18 
1207 58.76 
1209 42.57 
1211 39.17 
1213 28.39 
1215 25.88 
1217 25.80 
1219 22.77 
1221 32.57 
1223 50.57 
1224 9.54 
1226 22.24 
1228 15.82 
1230 10.78 
1230 0.20 
1230 0.11 
1230 0.13 
1230 100.59 
1232 48.70 
1234 68.07 
1236 61.06 
1238 32.64 
1240 50.10 
1242 47.75 
1244 32.26 
1246 28.23 
1248 51.99 
1250 22.06 
1251 10.74 
1253 21.11 
1255 17.80 
1257 54.64 
1259 61.00 
1260 9.27 
1260 0.23 
1260 0.82 
1262 84.53 
1264 72.07 
1265 59.56 
1267 40.28 
1269 44.88 
1271 42.33 
1273 20.60 
1275 28.28 
1277 15.35 
1279 23.69 
1281 18.61 
1283 21.94 
1285 20.05 
1287 63.44 
1289 18.42 
1290 5.40 
1290 0.20 
1290 1.16 
1290 0.12 
1290 102.16 
1292 75.10 
1294 70.43 
1296 51.85 
1298 36.25 
1300 35.80 
1302 43.20 
1304 41.01 
1306 11.26 
1307 27.20 
1309 12.71 
1311 44.80 
1313 35.63 
1315 20.13 
1317 31.04 
1319 23.02 
1320 3.65 
1320 0.16 
1320 1.17 
1322 103.11 
1324 96.84 
1325 89.34 
1327 63.30 
1329 23.13 
1331 24.41 
1333 28.66 
1335 25.94 
1337 32.97 
1339 74.23 
1341 16.08 
1343 22.13 
1345 34.35 
1346 27.60 
1348 32.11 
1350 20.25 
1350 0.17 
1350 0.15 
1350 0.15 
1350 101.52 
1351 72.32 
1353 51.20 
1355 52.48 
1357 32.96 
1359 30.55 
1361 35.61 
1363 41.88 
1365 38.33 
1366 34.24 
1368 33.25 
1370 18.04 
1372 9.68 
1374 10.67 
1376 19.95 
1377 9.53 
1379 20.96 
1380 0.17 
1380 0.15 
1380 0.22 
1381 31.98 
1383 97.01 
1385 72.64 
1387 45.19 
1389 50.01 
1391 23.16 
1393 28.76 
1394 15.53 
1396 34.88 
1398 25.05 
1400 23.58 
1402 20.01 
1404 23.74 
1406 28.17 
1408 50.14 
1410 21.11 
1410 0.49 
1410 0.28 
1410 0.12 
1410 100.21 
1412 101.05 
1414 100.68 
1416 75.15 
1418 31.37 
1420 53.32 
1422 30.13 
1424 16.41 
1425 10.88 
1427 12.92 
1429 12.51 
1431 55.55 
1433 17.20 
1435 17.35 
1437 29.79 
1439 37.93 
1440 7.46 
1440 0.29 
1440 1.23 
1441 43.74 
1443 27.69 
1445 16.12 
1447 41.57 
1449 32.46 
1451 14.88 
1453 25.92 
1454 25.76 
1456 19.59 
1458 33.32 
1460 18.70 
1462 33.45 
1464 13.81 
1466 19.99 
1468 21.68 
1470 12.83 
1470 0.17 
1470 0.19 
1470 0.12 
1471 85.89 
1473 63.52 
1475 67.06 
1477 37.25 
1479 19.75 
1481 19.60 
1483 68.09 
1485 38.40 
1487 42.15 
1489 40.86 
1490 20.84 
1492 24.31 
1494 32.17 
1496 49.97 
1498 10.77 
1500 12.51 
1500 0.26 
1500 0.17 
1500 0.19 
1500 100.25 
1502 66.15 
1504 101.50 
1506 70.32 
1508 70.75 
1510 53.49 
1512 45.23 
1514 34.93 
1516 41.93 
1518 22.69 
1520 14.39 
1521 10.02 
1523 12.39 
1525 21.43 
1527 25.05 
1529 20.77 
1530 0.10 
1530 0.12 
1530 0.24 
1532 95.42 
1534 100.80 
1536 49.42 
1538 52.73 
1540 27.74 
1542 62.59 
1543 27.54 
1545 18.92 
1547 25.84 
1549 101.19 
1551 100.99 
1553 100.29 
1555 101.43 
1557 100.36 
1559 39.77 
1560 13.65 
1560 0.08 
1560 0.22 
1560 0.18 
1560 103.29 
1561 75.54 
1563 62.19 
1565 59.92 
1567 17.25 
1569 17.60 
1571 10.98 
1573 18.66 
1575 20.11 
1576 28.55 
1578 23.29 
1580 10.29 
1582 8.98 
1584 12.07 
1586 19.46 
1588 32.07 
1590 47.03 
1590 0.19 
1590 0.10 
1590 0.39 
1590 103.69 
1591 78.66 
1593 74.11 
1595 62.12 
1597 30.34 
1599 16.18 
1601 21.04 
1603 25.14 
1605 21.82 
1607 26.07 
1609 16.71 
1611 9.78 
1613 13.45 
1614 11.67 
1616 50.26 
1618 24.85 
1620 7.13 
1620 0.73 
1620 1.27 
1620 0.14 
1620 101.09 
1621 52.81 
1623 100.15 
1625 49.38 
1627 50.04 
1629 40.25 
1631 23.79 
1633 35.07 
1635 21.03 
1636 24.92 
1638 23.90 
1640 14.47 
1642 57.14 
1644 14.56 
1646 25.26 
1648 20.74 
1650 45.24 
1650 0.13 
1650 0.18 
1650 0.18 
1650 100.98 
1652 75.50 
1654 46.32 
1655 41.54 
1657 51.58 
1659 35.26 
1661 18.28 
1663 65.77 
1665 42.77 
1667 29.22 
1669 18.50 
1671 12.12 
1673 10.25 
1674 13.12 
1676 24.16 
1678 32.81 
1680 14.22 
1680 0.12 
1680 0.12 
1680 0.12 
1680 103.00 
1681 25.84 
1683 33.80 
1685 22.98 
1687 99.96 
1689 61.02 
1691 40.68 
1693 23.87 
1695 27.94 
1697 23.12 
1699 7.94 
1701 20.04 
1702 8.52 
1704 78.11 
1706 51.15 
1708 24.30 
1710 38.94 
1710 0.17 
1710 0.12 
1710 0.13 
1710 101.23 
1711 69.83 
1713 103.67 
1715 48.58 
1717 57.75 
1719 44.74 
1721 14.69 
1723 13.08 
1725 13.69 
1727 62.94 
1729 8.42 
1731 31.84 
1733 43.05 
1735 16.20 
1737 7.82 
1738 18.82 
1740 7.43 
1740 0.20 
1740 0.18 
1740 0.20 
1740 99.98 
1741 68.47 
1743 40.22 
1745 36.10 
1747 74.11 
1749 45.52 
1751 22.43 
1753 13.93 
1755 40.42 
1757 7.27 
1759 36.83 
1761 15.33 
1763 34.63 
1765 11.11 
1767 8.23 
1769 28.52 
1770 2.48 
1770 0.21 
1770 1.42 
1770 0.10 
1770 101.04 
1772 46.86 
1774 39.69 
1775 37.31 
1777 34.08 
1779 34.47 
1781 14.17 
1783 21.13 
1785 24.69 
1787 20.41 
1789 18.55 
1791 20.50 
1793 19.15 
1795 27.92 
1797 13.26 
1799 12.60 
1800 0.20 
1800 0.34 
1800 0.14 
1801 50.62 
1803 32.13 
1805 27.24 
1807 7.19 
1809 43.44 
1811 53.83 
1813 26.37 
1815 25.15 
1817 11.73 
1818 25.29 
1820 19.58 
1822 42.72 
1824 19.30 
1826 25.87 
1828 14.62 
1830 14.49 
1830 0.11 
1830 0.09 
1830 0.22 
1830 101.01 
1831 80.69 
1833 41.19 
1835 23.39 
1837 9.93 
1839 26.83 
1841 18.73 
1843 16.24 
1845 14.31 
1847 14.82 
1849 22.40 
1851 12.63 
1853 17.27 
1855 18.52 
1857 18.25 
1859 14.88 
1860 9.12 
1860 0.21 
1860 0.25 
1860 0.15 
1860 104.17 
1861 77.13 
1863 33.74 
1865 15.29 
1867 22.40 
1869 24.24 
1871 24.72 
1873 13.92 
1875 19.29 
1877 20.39 
1879 16.69 
1881 23.06 
1883 11.65 
1885 12.79 
1887 19.51 
1888 16.13 
1890 7.64 
1890 0.14 
1890 0.09 
1890 0.20 
1890 102.07 
1892 55.93 
1894 53.00 
1895 27.81 
1897 27.24 
1899 43.20 
1901 20.39 
1903 19.46 
1905 28.70 
1907 16.89 
1909 39.31 
1911 19.31 
1913 65.74 
1915 19.78 
1917 6.22 
1919 14.95 
1920 0.10 
1920 0.09 
1920 0.28 
1922 33.55 
1924 98.87 
1926 25.74 
1928 19.82 
1930 52.62 
1932 52.17 
1934 11.59 
1936 19.70 
1938 8.07 
1940 2.26 
1942 13.72 
1944 4.32 
1945 8.41 
1947 19.23 
1949 15.51 
1950 0.91 
1950 0.11 
1950 0.20 
1951 19.98 
1953 31.00 
1955 18.58 
1957 22.98 
1959 39.46 
1961 19.36 
1963 28.53 
1965 14.53 
1967 8.03 
1969 14.36 
1971 14.23 
1973 12.26 
1975 22.98 
1977 13.30 
1979 18.89 
1980 0.21 
1980 0.09 
1980 0.12 
1982 15.69 
1984 100.87 
1986 19.61 
1988 22.93 
1990 11.84 
1992 23.31 
1994 3.74 
1996 10.77 
1998 40.82 
2000 6.64 
2002 42.66 
2004 13.08 
2006 8.07 
2008 23.18 
2009 6.46 
2010 0.14 
2010 0.11 
2010 0.10 
2011 41.91 
2013 38.59 
2015 100.75 
2017 25.50 
2019 19.05 
2021 23.25 
2023 51.23 
2025 27.19 
2027 20.66 
2029 16.06 
2031 17.89 
2033 8.23 
2035 15.04 
2037 100.55 
2039 8.16 
2040 0.52 
2040 0.27 
2040 0.09 
2041 37.36 
2043 33.61 
2045 11.26 
2047 23.13 
2049 29.19 
2051 8.21 
2053 9.49 
2055 26.02 
2057 11.55 
2059 13.75 
2061 7.07 
2063 4.57 
2065 8.37 
2067 9.69 
2069 12.41 
2070 0.10 
2070 0.16 
2070 0.14 
2071 49.57 
2073 16.09 
2075 25.39 
2077 45.90 
2079 8.86 
2081 11.81 
2083 39.61 
2085 24.55 
2087 11.80 
2089 24.90 
2091 12.35 
2093 21.49 
2095 19.86 
2097 26.41 
2099 16.67 
2100 0.10 
2100 0.17 
2100 0.22 
2101 53.02 
2103 37.27 
2105 31.56 
2107 14.40 
2109 6.00 
2111 46.22 
2113 7.72 
2115 16.66 
2117 2.38 
2119 7.92 
2121 5.23 
2123 20.87 
2125 12.70 
2127 18.31 
2129 29.12 
2130 8.96 
2130 0.14 
2130 0.13 
2132 40.86 
2134 15.98 
2136 25.20 
2138 22.86 
2140 17.39 
2142 38.47 
2144 18.55 
2146 23.99 
2148 22.94 
2150 12.85 
2152 11.73 
2154 19.99 
2156 26.76 
2158 4.82 
2160 15.11 
2160 0.11 
2160 0.17 
2160 0.18 
2162 62.85 
2164 31.53 
2166 45.95 
2168 52.51 
2170 61.24 
2172 17.87 
2174 29.40 
2176 18.17 
2178 10.30 
2180 26.55 
2181 26.00 
2183 7.31 
2185 24.58 
2187 19.19 
2189 21.65 
2190 0.10 
2190 0.16 
2190 0.23 
2192 31.62 
2194 73.23 
2196 41.87 
2198 62.86 
2200 50.55 
2202 21.40 
2204 15.42 
2206 45.81 
2208 100.83 
2210 35.90 
2212 101.20 
2213 38.23 
2215 101.62 
2217 101.50 
2219 101.91 
2220 99.90 
2220 100.51 
2220 0.24 
2221 82.62 
2223 49.19 
2225 45.96 
2227 34.97 
2229 12.82 
2231 9.50 
2233 12.83 
2235 24.05 
2236 20.18 
2238 21.19 
2240 43.44 
2242 21.75 
2244 4.53 
2246 10.87 
2248 10.21 
2250 8.13 
2250 0.18 
2250 0.24 
2250 0.23 
2251 69.43 
2253 42.61 
2255 32.37 
2257 53.77 
2259 30.38 
2261 7.69 
2263 28.92 
2265 19.65 
2267 17.20 
2269 25.44 
2271 46.64 
2273 25.20 
2275 11.51 
2277 18.36 
2279 22.15 
2280 6.02 
2280 0.26 
2280 1.13 
2280 0.20 
2280 103.90 
2282 48.45 
2283 42.25 
2285 42.38 
2287 53.64 
2289 13.90 
2291 16.54 
2293 10.28 
2295 13.19 
2297 10.48 
2299 20.09 
2301 11.88 
2303 43.31 
2305 22.86 
2307 6.56 
2309 39.80 
2310 8.87 
2310 0.17 
2310 1.01 
2310 0.11 
2310 101.62 
2311 45.76 
2313 22.96 
2315 27.54 
2317 55.70 
2319 51.62 
2321 37.57 
2323 22.32 
2325 21.79 
2327 20.47 
2329 25.41 
2331 4.96 
2333 9.21 
2334 7.60 
2336 12.70 
2338 16.61 
2340 22.74 
2340 0.35 
2340 0.94 
2340 0.14 
2340 102.30 
2341 48.67 
2343 45.44 
2345 17.29 
2347 21.66 
2349 31.66 
2351 35.97 
2353 17.70 
2355 13.12 
2357 24.63 
2359 15.87 
2360 10.06 
2362 9.31 
2364 9.29 
2366 100.69 
2368 11.14 
2370 21.66 
2370 0.15 
2370 0.32 
2370 0.14 
2370 100.43 
2372 81.59 
2374 42.27 
2376 53.82 
2378 32.45 
2380 14.23 
2382 17.33 
2384 15.24 
2385 17.59 
2387 25.58 
2389 14.38 
2391 27.84 
2393 12.97 
2395 9.80 
2397 27.67 
2399 35.59 
2400 6.32 
2400 0.46 
2400 1.36 
2402 67.71 
2404 23.14 
2406 100.69 
2407 37.60 
2409 57.37 
2411 40.54 
2413 22.77 
2415 47.43 
2417 10.36 
2419 29.06 
2421 42.85 
2423 27.94 
2425 30.64 
2427 11.01 
2429 22.18 
2430 2.39 
2430 0.11 
2430 0.11 
2432 97.69 
2434 30.04 
2436 65.49 
2438 37.22 
2440 21.92 
2442 39.09 
2444 34.56 
2446 21.73 
2448 12.28 
2450 28.21 
2452 19.75 
2453 12.76 
2455 20.49 
2457 10.67 
2459 14.63 
2460 1.35 
2460 0.12 
2460 1.64 
2462 87.71 
2464 99.94 
2466 61.63 
2468 46.90 
2470 32.66 
2472 30.09 
2474 19.95 
2476 33.08 
2478 101.70 
2480 100.90 
2482 23.98 
2484 37.73 
2486 29.92 
2488 16.37 
2490 24.04 
2490 0.08 
2490 0.15 
2490 0.17 
2491 29.31 
2493 100.02 
2495 61.28 
2497 42.56 
2499 50.70 
2501 35.44 
2503 13.70 
2505 32.47 
2507 21.37 
2509 18.47 
2510 10.80 
2512 28.66 
2514 30.04 
2516 15.26 
2518 19.96 
2520 12.23 
2520 0.12 
2520 1.17 
2520 0.16 
2520 101.67 
2522 64.99 
2524 29.32 
2526 51.14 
2528 31.21 
2530 33.70 
2532 22.42 
2534 58.06 
2535 33.49 
2537 27.56 
2539 13.55 
2541 31.64 
2543 14.92 
2545 16.19 
2547 29.82 
2549 9.33 
2550 7.12 
2550 0.14 
2550 0.13 
2550 0.13 
2550 103.29 
2551 66.18 
2553 48.79 
2555 68.21 
2557 37.37 
2559 31.22 
2561 26.95 
2563 30.74 
2565 23.15 
2566 24.01 
2568 25.72 
2570 19.66 
2572 11.28 
2574 25.96 
2576 15.44 
2578 22.88 
2580 17.04 
2580 0.31 
2580 1.03 
2580 0.18 
2580 100.82 
2581 76.78 
2583 74.74 
2585 31.48 
2587 15.12 
2589 23.93 
2591 12.27 
2592 32.06 
2594 33.14 
2596 33.52 
2598 20.60 
2600 32.36 
2602 32.94 
2604 16.83 
2606 24.83 
2608 22.54 
2609 14.64 
2610 0.15 
2610 0.16 
2610 0.14 
2611 65.08 
2613 100.17 
2615 62.59 
2617 56.07 
2619 25.52 
2621 19.28 
2623 26.42 
2625 18.89 
2627 33.59 
2629 83.65 
2631 68.01 
2633 28.33 
2634 9.25 
2636 10.33 
2638 7.35 
2640 39.01 
2640 0.21 
2640 0.10 
2640 0.11 
2640 103.57 
2642 93.44 
2644 55.31 
2646 51.49 
2648 38.87 
2650 43.29 
2652 26.36 
2654 19.51 
2655 32.31 
2657 28.79 
2659 28.42 
2661 18.40 
2663 31.12 
2665 8.41 
2667 18.78 
2669 19.20 
2670 27.81 
2670 0.13 
2670 0.16 
2670 0.64 
2670 100.85 
2671 66.31 
2673 67.93 
2675 100.90 
2677 52.53 
2679 49.15 
2680 31.24 
2682 15.93 
2684 13.43 
2686 34.30 
2688 31.77 
2690 29.47 
2692 50.58 
2693 24.98 
2695 30.95 
2697 34.54 
2699 18.52 
2700 0.14 
2700 0.11 
2700 0.45 
2702 93.18 
2704 76.14 
2705 49.46 
2707 52.63 
2709 28.42 
2711 41.49 
2713 20.16 
2715 28.98 
2717 28.81 
2719 10.99 
2720 25.08 
2722 21.19 
2724 21.03 
2726 35.42 
2728 17.53 
2730 30.32 
2730 0.19 
2730 0.23 
2730 0.12 
2730 99.50 
2731 90.32 
2733 94.41 
2735 98.45 
2737 70.26 
2739 31.75 
2741 33.90 
2743 60.46 
2745 100.79 
2746 72.64 
2748 46.39 
2750 13.26 
2752 30.44 
2754 11.58 
2756 23.11 
2758 20.02 
2759 12.74 
2760 0.14 
2760 0.17 
2760 0.48 
2762 102.25 
2764 76.91 
2766 57.34 
2768 29.64 
2770 38.34 
2771 30.37 
2773 20.05 
2775 24.00 
2777 56.82 
2779 22.39 
2781 52.75 
2782 31.65 
2784 21.92 
2786 21.12 
2788 9.83 
2790 16.49 
2790 0.16 
2790 2.83 
2790 0.14 
2790 97.82 
2792 102.19 
2794 67.31 
2795 41.18 
2797 66.77 
2799 28.60 
2801 28.68 
2803 34.00 
2805 15.56 
2807 19.20 
2809 26.49 
2811 10.87 
2813 27.40 
2815 24.22 
2816 17.53 
2818 26.22 
2820 13.09 
2820 0.10 
2820 0.10 
2820 0.20 
2820 101.07 
2822 57.63 
2824 101.11 
2825 80.04 
2827 51.35 
2829 47.70 
2831 51.93 
2833 30.22 
2835 32.73 
2837 13.07 
2839 46.76 
2841 19.27 
2843 17.52 
2844 26.43 
2846 16.03 
2848 11.83 
2850 26.47 
2850 0.17 
2850 0.24 
2850 0.15 
2850 103.36 
2852 103.15 
2854 101.99 
2856 58.58 
2857 37.51 
2859 31.17 
2861 55.60 
2863 39.89 
2865 32.70 
2867 37.38 
2869 14.48 
2871 24.90 
2873 10.04 
2875 19.23 
2876 22.99 
2878 28.27 
2880 31.31 
2880 0.14 
2880 0.14 
2880 0.11 
2880 103.33 
2881 84.93 
2883 88.95 
2885 85.08 
2887 64.04 
2889 38.78 
2891 32.99 
2893 31.80 
2895 28.66 
2897 18.45 
2899 10.94 
2901 13.96 
2902 15.24 
2904 31.44 
2906 35.67 
2908 19.08 
2910 25.72 
2910 0.16 
2910 0.20 
2910 0.13 
2910 100.08 
2911 63.09 
2913 89.72 
2915 69.29 
2917 29.41 
2919 51.74 
2921 26.30 
2923 36.15 
2924 23.94 
2926 20.19 
2928 7.38 
2930 17.78 
2932 18.56 
2934 22.76 
2936 37.21 
2938 25.94 
2940 36.21 
2940 0.16 
2940 0.14 
2940 0.40 
2941 89.55 
2943 101.51 
2945 77.34 
2947 59.64 
2949 28.17 
2951 48.49 
2952 21.21 
2954 18.10 
2956 31.28 
2958 102.21 
2960 101.69 
2962 47.46 
2964 24.00 
2966 22.75 
2968 38.18 
2970 19.98 
2970 0.31 
2970 0.18 
2970 0.13 
2972 103.18 
2974 72.76 
2976 66.03 
2978 42.27 
2979 23.92 
2981 20.42 
2983 23.54 
2985 38.34 
2987 8.94 
2989 37.30 
2991 33.39 
2992 30.10 
2994 15.81 
2996 55.36 
2998 16.19 
3000 21.33 
3000 0.15 
3000 0.22 
3000 0.15 
3000 100.89 
3002 102.59 
3004 97.11 
3006 55.36 
3008 27.57 
3009 25.93 
3011 31.53 
3013 41.72 
3015 32.33 
3017 12.52 
3019 20.24 
3020 17.79 
3022 23.06 
3024 7.14 
3026 21.14 
3028 27.38 
3030 20.26 
3030 0.14 
3030 0.24 
3030 0.27 
3032 81.05 
3033 97.91 
3035 100.89 
3037 69.74 
3039 60.22 
3041 28.55 
3043 37.63 
3045 20.26 
3047 26.83 
3049 20.56 
3051 101.56 
3053 101.20 
3055 101.83 
3057 102.02 
3059 101.32 
3060 28.08 
3060 0.22 
3060 2.86 
3060 0.23 
3060 101.02 
3061 80.03 
3063 73.93 
3065 74.94 
3067 28.03 
3068 54.08 
3070 46.80 
3072 59.19 
3074 38.50 
3076 10.62 
3078 22.02 
3080 13.81 
3081 16.25 
3083 16.52 
3085 22.82 
3087 14.29 
3089 16.58 
3090 8.22 
3090 0.21 
3090 0.21 
3090 0.11 
3090 104.20 
3091 71.59 
3093 48.16 
3095 34.91 
3097 73.36 
3098 45.31 
3100 95.02 
3102 55.63 
3104 48.93 
3106 22.06 
3108 34.16 
3110 22.50 
3111 25.91 
3113 10.67 
3115 19.17 
3117 47.07 
3119 27.19 
3120 3.28 
3120 0.38 
3120 0.36 
3122 82.79 
3123 33.33 
3125 36.72 
3127 54.67 
3129 34.65 
3131 50.17 
3133 35.86 
3135 48.21 
3137 17.74 
3139 39.70 
3141 31.29 
3143 45.29 
3145 23.85 
3146 29.53 
3148 32.70 
3150 7.23 
3150 0.27 
3150 1.26 
3150 0.17 
3150 100.52 
3152 99.71 
3153 102.27 
3155 48.80 
3157 52.89 
3159 29.12 
3161 31.05 
3163 91.86 
3165 87.76 
3166 46.58 
3168 8.82 
3170 14.71 
3172 21.38 
3174 15.98 
3176 28.99 
3178 17.78 
3180 29.92 
3180 0.23 
3180 0.15 
3180 0.22 
3180 101.67 
3181 51.07 
3183 65.29 
3185 45.22 
3187 37.51 
3189 28.76 
3191 22.43 
3192 27.11 
3194 36.49 
3196 20.06 
3198 22.89 
3200 31.91 
3202 23.35 
3204 21.37 
3206 36.61 
3208 25.16 
3210 24.41 
3210 0.21 
3210 0.19 
3210 0.25 
3211 68.93 
3213 50.21 
3215 86.99 
3217 34.63 
3219 25.15 
3221 34.07 
3223 37.38 
3225 36.62 
3227 36.26 
3228 15.36 
3230 13.46 
3232 10.33 
3234 31.43 
3236 32.69 
3238 9.57 
3240 28.51 
3240 0.23 
3240 0.13 
3240 0.10 
3241 92.38 
3243 102.80 
3245 78.14 
3247 60.48 
3249 30.34 
3251 39.43 
3253 20.71 
3254 31.86 
3256 44.60 
3258 33.98 
3260 23.27 
3262 26.60 
3264 32.78 
3266 14.23 
3268 13.10 
3270 12.27 
3270 0.21 
3270 0.10 
3270 0.16 
3272 63.49 
3274 58.86 
3276 51.52 
3278 27.76 
3280 34.22 
3282 28.92 
3284 15.92 
3286 28.22 
3288 40.69 
3289 31.75 
3291 25.10 
3293 18.13 
3295 24.49 
3297 39.91 
3299 16.62 
3300 0.17 
3300 0.18 
3300 1.12 
3301 102.20 
3303 96.77 
3305 58.35 
3307 21.98 
3309 19.73 
3311 14.38 
3313 38.26 
3315 40.27 
3317 31.49 
3319 22.44 
3321 52.67 
3323 24.61 
3324 10.27 
3326 4.14 
3328 16.30 
3330 10.92 
3330 0.13 
3330 0.14 
3330 0.16 
3330 99.59 
3332 101.43 
3334 81.13 
3335 57.83 
3337 28.09 
3339 34.75 
3341 19.32 
3343 41.71 
3345 36.30 
3347 18.97 
3349 12.22 
3350 35.01 
3352 14.24 
3354 27.87 
3356 27.06 
3358 47.95 
3360 60.82 
3360 0.20 
3360 0.28 
3360 0.33 
3361 55.98 
3363 42.83 
3365 45.05 
3367 41.99 
3369 34.86 
3371 44.97 
3373 45.26 
3375 20.22 
3377 25.51 
3379 22.00 
3381 12.61 
3383 23.50 
3385 7.23 
3387 22.01 
3389 26.49 
3390 4.61 
3390 0.15 
3390 0.23 
3390 0.19 
3390 100.70 
3391 43.13 
3393 43.46 
3395 26.97 
3397 10.41 
3399 32.84 
3401 22.48 
3403 29.10 
3405 46.76 
3406 42.77 
3408 23.64 
3410 8.83 
3412 14.15 
3414 25.08 
3416 25.63 
3418 26.16 
3420 55.01 
3420 0.29 
3420 0.46 
3420 0.13 
3421 68.17 
3423 51.93 
3425 44.40 
3427 24.42 
3429 59.57 
3431 34.96 
3433 21.51 
3435 31.82 
3437 21.06 
3438 6.58 
3440 10.43 
3442 18.76 
3444 22.42 
3446 23.76 
3448 15.96 
3450 41.64 
3450 0.19 
3450 0.27 
3450 0.17 
3450 100.38 
3452 83.26 
3454 58.01 
3456 74.44 
3458 41.18 
3460 32.11 
3461 24.97 
3463 17.96 
3465 32.34 
3467 14.15 
3469 9.53 
3471 33.19 
3473 18.64 
3475 34.50 
3477 36.38 
3479 16.18 
3480 3.38 
3480 0.10 
3480 0.36 
3482 97.31 
3484 86.53 
3486 37.99 
3488 45.04 
3490 30.38 
3492 36.93 
3494 24.95 
3495 7.61 
3497 8.62 
3499 11.61 
3501 61.51 
3503 15.43 
3505 13.42 
3507 33.52 
3509 10.93 
3510 4.31 
3510 0.11 
3510 0.18 
3511 66.23 
3513 101.90 
3515 72.74 
3517 57.65 
3519 51.47 
3521 33.62 
3523 27.15 
3525 35.61 
3527 13.55 
3529 25.44 
3531 16.64 
3532 28.87 
3534 17.11 
3536 6.36 
3538 24.01 
3540 14.25 
3540 0.16 
3540 0.20 
3540 0.22 
3540 100.75 
3542 82.00 
3544 55.33 
3546 85.43 
3548 47.99 
3550 40.34 
3552 35.47 
3554 30.00 
3556 25.76 
3558 20.80 
3560 16.43 
3561 13.02 
3563 13.42 
3565 28.44 
3567 37.71 
3569 17.84 
3570 0.40 
3570 0.12 
3570 0.17 
3572 98.36 
3573 29.46 
3575 38.01 
3577 37.46 
3579 46.96 
3581 15.33 
3583 11.29 
3584 14.34 
3586 51.75 
3588 35.61 
3590 21.46 
3592 55.83 
3594 18.49 
3596 38.68 
3598 47.15 
3600 6.21 
3600 0.09 
3600 0.14 
3600 0.17 
3600 102.46 
3602 45.56 
3604 39.25 
3606 43.59 
3608 28.05 
3610 27.14 
3612 21.74 
3614 12.09 
3616 15.27 
3618 15.57 
3619 23.23 
3621 10.88 
3623 18.27 
3625 18.24 
3627 13.70 
3629 17.82 
3630 0.20 
