25 201 0.0045299530029296875 1 1
26 201 0.013138771057128906 1 1
27 201 0.005040168762207031 1 1
28 201 0.004895925521850586 1 1
29 201 0.004903078079223633 1 1
55 201 0.005133152008056641 1 1
56 201 0.0053462982177734375 1 1
57 201 0.004781484603881836 1 1
58 201 0.00502777099609375 1 1
59 201 0.005159139633178711 1 1
84 201 0.009403467178344727 1 1
85 201 0.005059242248535156 1 1
86 201 0.004937887191772461 1 1
87 201 0.005067110061645508 1 1
88 201 0.0046923160552978516 1 1
115 201 0.006424427032470703 1 1
116 201 0.0061187744140625 1 1
117 201 0.00489354133605957 1 1
118 201 0.004575490951538086 1 1
119 201 0.0044972896575927734 1 1
145 201 0.0037872791290283203 1 1
146 201 0.004899740219116211 1 1
147 201 0.00493168830871582 1 1
148 201 0.009242534637451172 1 1
149 201 0.004381418228149414 1 1
174 201 0.0048487186431884766 1 1
175 201 0.006794929504394531 1 1
176 201 0.004884958267211914 1 1
177 201 0.009878158569335938 1 1
178 201 0.004930734634399414 1 1
205 201 0.004487752914428711 1 1
206 201 0.005036354064941406 1 1
207 201 0.005239963531494141 1 1
208 201 0.008310317993164062 1 1
209 201 0.004446506500244141 1 1
234 201 0.004873514175415039 1 1
235 201 0.007399797439575195 1 1
236 201 0.005110263824462891 1 1
237 201 0.005101442337036133 1 1
238 201 0.004663228988647461 1 1
264 201 0.005011081695556641 1 1
265 201 0.004655122756958008 1 1
266 201 0.004460334777832031 1 1
267 201 0.005685329437255859 1 1
269 201 0.008725404739379883 1 1
294 201 0.004400491714477539 1 1
296 201 0.007790803909301758 1 1
297 201 0.006505250930786133 1 1
298 201 0.005899906158447266 1 1
299 201 0.0042018890380859375 1 1
324 201 0.0038177967071533203 1 1
325 201 0.00512242317199707 1 1
326 201 0.00428462028503418 1 1
327 201 0.006672382354736328 1 1
328 201 0.0036704540252685547 1 1
355 201 0.0069768428802490234 1 1
355 201 0.010491609573364258 1 1
356 201 0.0067138671875 1 1
357 201 0.005022287368774414 1 1
358 201 0.006882429122924805 1 1
384 201 0.0043680667877197266 1 1
385 201 0.006007671356201172 1 1
386 201 0.0044820308685302734 1 1
387 201 0.0046765804290771484 1 1
388 201 0.0045049190521240234 1 1
414 201 0.004437446594238281 1 1
415 201 0.0050389766693115234 1 1
416 201 0.004802703857421875 1 1
417 201 0.004345893859863281 1 1
418 201 0.005757331848144531 1 1
445 201 0.006232023239135742 1 1
445 201 0.0052890777587890625 1 1
446 201 0.005467414855957031 1 1
447 201 0.004342555999755859 1 1
448 201 0.00455164909362793 1 1
474 201 0.007565021514892578 1 1
475 201 0.003913164138793945 1 1
476 201 0.0041027069091796875 1 1
477 201 0.004354238510131836 1 1
478 201 0.004229307174682617 1 1
504 201 0.00732731819152832 1 1
505 201 0.004624605178833008 1 1
506 201 0.004875898361206055 1 1
507 201 0.0040395259857177734 1 1
508 201 0.0032377243041992188 1 1
534 201 0.004288911819458008 1 1
535 201 0.011092185974121094 1 1
536 201 0.0029456615447998047 1 1
537 201 0.004593849182128906 1 1
538 201 0.0029325485229492188 1 1
564 201 0.0039522647857666016 1 1
565 201 0.0031960010528564453 1 1
566 201 0.0036339759826660156 1 1
567 201 0.0037734508514404297 1 1
568 201 0.0037331581115722656 1 1
594 201 0.007314920425415039 1 1
595 201 0.00414276123046875 1 1
596 201 0.004405021667480469 1 1
597 201 0.003869771957397461 1 1
598 201 0.004370927810668945 1 1
624 201 0.00457000732421875 1 1
625 201 0.0040662288665771484 1 1
626 201 0.004406929016113281 1 1
627 201 0.003987312316894531 1 1
628 201 0.004282951354980469 1 1
654 201 0.006450176239013672 1 1
655 201 0.004681110382080078 1 1
656 201 0.0043926239013671875 1 1
657 201 0.004682779312133789 1 1
658 201 0.0050733089447021484 1 1
684 201 0.0042417049407958984 1 1
685 201 0.004673957824707031 1 1
686 201 0.00454401969909668 1 1
687 201 0.0047664642333984375 1 1
688 201 0.0037910938262939453 1 1
714 201 0.0040836334228515625 1 1
715 201 0.006121397018432617 1 1
716 201 0.004128217697143555 1 1
717 201 0.006111621856689453 1 1
718 201 0.0070953369140625 1 1
744 201 0.0035860538482666016 1 1
745 201 0.007817983627319336 1 1
746 201 0.0042171478271484375 1 1
747 201 0.007299900054931641 1 1
748 201 0.004067182540893555 1 1
774 201 0.0053691864013671875 1 1
775 201 0.004285335540771484 1 1
776 201 0.0043375492095947266 1 1
777 201 0.0037462711334228516 1 1
778 201 0.006166696548461914 1 1
804 201 0.004520893096923828 1 1
805 201 0.0044403076171875 1 1
806 201 0.003428220748901367 1 1
807 201 0.004483222961425781 1 1
808 201 0.0037841796875 1 1
834 201 0.0042572021484375 1 2
835 201 0.0044901371002197266 1 2
836 201 0.00537419319152832 1 2
837 201 0.00471186637878418 1 2
838 201 0.004552125930786133 1 2
864 201 0.004613399505615234 1 2
865 201 0.0037271976470947266 1 2
866 201 0.0049016475677490234 1 2
867 201 0.004328012466430664 1 2
868 201 0.010241985321044922 1 2
894 201 0.003445863723754883 1 1
895 201 0.004340171813964844 1 1
896 201 0.0055425167083740234 1 1
897 201 0.003990888595581055 1 1
898 201 0.005364656448364258 1 1
924 201 0.0036516189575195312 1 1
925 201 0.0029883384704589844 1 1
926 201 0.003978729248046875 1 1
927 201 0.002688169479370117 1 1
928 201 0.004216194152832031 1 1
954 201 0.004037380218505859 1 1
955 201 0.004299163818359375 1 1
956 201 0.0038805007934570312 1 1
957 201 0.004943132400512695 1 1
958 201 0.004233837127685547 1 1
984 201 0.004561901092529297 1 1
985 201 0.0030455589294433594 1 1
986 201 0.005898475646972656 1 1
987 201 0.005413532257080078 1 1
988 201 0.006154298782348633 1 1
1014 201 0.0033578872680664062 1 1
1015 201 0.013412237167358398 1 1
1016 201 0.003648519515991211 1 1
1017 201 0.0038917064666748047 1 1
1018 201 0.004507541656494141 1 1
1044 201 0.00350189208984375 1 1
1045 201 0.004534721374511719 1 1
1046 201 0.005858898162841797 1 1
1047 201 0.004081249237060547 1 1
1048 201 0.003545522689819336 1 1
1074 201 0.005702972412109375 1 1
1075 201 0.006356477737426758 1 1
1076 201 0.0035295486450195312 1 1
1077 201 0.0032625198364257812 1 1
1078 201 0.0039048194885253906 1 1
1104 201 0.0034551620483398438 1 1
1105 201 0.0037925243377685547 1 1
1106 201 0.0037415027618408203 1 1
1107 201 0.0039119720458984375 1 1
1108 201 0.003462553024291992 1 1
1134 201 0.0029723644256591797 1 1
1135 201 0.0040090084075927734 1 1
1136 201 0.006845235824584961 1 1
1137 201 0.0052258968353271484 1 1
1138 201 0.003612995147705078 1 1
1164 201 0.004590034484863281 1 1
1165 201 0.0050258636474609375 1 1
1166 201 0.0060901641845703125 1 1
1167 201 0.003465890884399414 1 1
1168 201 0.004976511001586914 1 1
1194 201 0.0042879581451416016 1 1
1195 201 0.0045185089111328125 1 1
1196 201 0.006074428558349609 1 1
1197 201 0.005254030227661133 1 1
1198 201 0.0034627914428710938 1 1
1224 201 0.004197835922241211 1 1
1225 201 0.006904125213623047 1 1
1226 201 0.0042951107025146484 1 1
1227 201 0.0042645931243896484 1 1
1228 201 0.0049130916595458984 1 1
1254 201 0.003782510757446289 1 1
1255 201 0.0037841796875 1 1
1256 201 0.0037200450897216797 1 1
1257 201 0.003718137741088867 1 1
1258 201 0.003914833068847656 1 1
1284 201 0.0036287307739257812 1 1
1285 201 0.004466056823730469 1 1
1286 201 0.004389524459838867 1 1
1287 201 0.0042421817779541016 1 1
1288 201 0.00308990478515625 1 1
1314 201 0.0051419734954833984 1 1
1315 201 0.005057573318481445 1 1
1316 201 0.005994558334350586 1 1
1317 201 0.004876375198364258 1 1
1318 201 0.004457712173461914 1 1
1344 201 0.006572723388671875 1 1
1345 201 0.005574464797973633 1 1
1346 201 0.004290103912353516 1 1
1347 201 0.003902435302734375 1 1
1348 201 0.0049855709075927734 1 1
1374 201 0.003768444061279297 1 1
1375 201 0.004354238510131836 1 1
1376 201 0.004195213317871094 1 1
1377 201 0.007384300231933594 1 1
1378 201 0.004121541976928711 1 1
1404 201 0.004639625549316406 1 1
1405 201 0.0033121109008789062 1 1
1406 201 0.0038404464721679688 1 1
1407 201 0.003397703170776367 1 1
1408 201 0.003109455108642578 1 1
1434 201 0.004369258880615234 1 1
1435 201 0.0041255950927734375 1 1
1436 201 0.0040950775146484375 1 1
1437 201 0.0047457218170166016 1 1
1438 201 0.004364013671875 1 1
1464 201 0.010635137557983398 1 1
1465 201 0.00463557243347168 1 1
1466 201 0.006834506988525391 1 1
1467 201 0.004967212677001953 1 1
1468 201 0.005626201629638672 1 1
1494 201 0.004206657409667969 1 1
1495 201 0.004830360412597656 1 1
1496 201 0.004690647125244141 1 1
1497 201 0.003981113433837891 1 1
1498 201 0.0036618709564208984 1 1
1524 201 0.004198312759399414 1 1
1525 201 0.003736257553100586 1 1
1526 201 0.005880117416381836 1 1
1527 201 0.003223419189453125 1 1
1528 201 0.0037317276000976562 1 1
1554 201 0.004708290100097656 1 1
1555 201 0.006809711456298828 1 1
1556 201 0.004051685333251953 1 1
1557 201 0.003954172134399414 1 1
1558 201 0.004185199737548828 1 1
1584 201 0.005300760269165039 1 1
1585 201 0.004365682601928711 1 1
1586 201 0.00456690788269043 1 1
1587 201 0.0049855709075927734 1 1
1588 201 0.0065784454345703125 1 1
1614 201 0.0040209293365478516 1 1
1615 201 0.0043866634368896484 1 1
1616 201 0.0035636425018310547 1 1
1617 201 0.0037729740142822266 1 1
1618 201 0.004620552062988281 1 1
1644 201 0.00604701042175293 1 1
1645 201 0.0047380924224853516 1 1
1646 201 0.0042040348052978516 1 1
1647 201 0.0036127567291259766 1 1
1648 201 0.0037848949432373047 1 1
1674 201 0.0061533451080322266 1 1
1675 201 0.004518032073974609 1 1
1676 201 0.007529735565185547 1 1
1677 201 0.004015922546386719 1 1
1678 201 0.003890514373779297 1 1
1704 201 0.0047607421875 1 1
1705 201 0.007462739944458008 1 1
1706 201 0.0041620731353759766 1 1
1707 201 0.005148172378540039 1 1
1708 201 0.003879547119140625 1 1
1734 201 0.004071950912475586 1 1
1735 201 0.00604701042175293 1 1
1736 201 0.005716562271118164 1 1
1737 201 0.005220651626586914 1 1
1738 201 0.008114814758300781 1 1
1764 201 0.0046825408935546875 1 1
1765 201 0.004941225051879883 1 1
1766 201 0.0062596797943115234 1 1
1767 201 0.01483464241027832 1 1
1768 201 0.004935026168823242 1 1
1794 201 0.0040018558502197266 1 1
1795 201 0.004770040512084961 1 1
1796 201 0.005768775939941406 1 1
1797 201 0.004373311996459961 1 1
1798 201 0.004305362701416016 1 1
1825 201 0.00536346435546875 1 1
1826 201 0.006627082824707031 1 1
1827 201 0.005973339080810547 1 1
1828 201 0.0055925846099853516 1 1
1829 201 0.004806995391845703 1 1
1854 201 0.005240201950073242 1 1
1855 201 0.004405975341796875 1 1
1856 201 0.004126310348510742 1 1
1857 201 0.004160404205322266 1 1
1858 201 0.003947019577026367 1 1
1884 201 0.01677680015563965 1 1
1885 201 0.004464626312255859 1 1
1886 201 0.005293369293212891 1 1
1887 201 0.0104522705078125 1 1
1888 201 0.0047760009765625 1 1
1914 201 0.005795001983642578 1 1
1915 201 0.006597042083740234 1 1
1916 201 0.0033249855041503906 1 1
1917 201 0.004529237747192383 1 1
1918 201 0.004212141036987305 1 1
1944 201 0.0047109127044677734 1 1
1945 201 0.019315242767333984 1 1
1946 201 0.007071971893310547 1 1
1947 201 0.0048046112060546875 1 1
1948 201 0.00440216064453125 1 1
1974 201 0.004633665084838867 1 1
1975 201 0.005219936370849609 1 1
1976 201 0.005060434341430664 1 1
1977 201 0.005135297775268555 1 1
1978 201 0.0054247379302978516 1 1
2005 201 0.004336357116699219 1 1
2006 201 0.007009029388427734 1 1
2007 201 0.0055620670318603516 1 1
2008 201 0.0054247379302978516 1 1
2008 201 0.005460023880004883 1 1
2035 201 0.004815816879272461 1 1
2036 201 0.004392385482788086 1 1
2036 201 0.0055255889892578125 1 1
2037 201 0.0058286190032958984 1 1
2038 201 0.00746464729309082 1 1
2065 201 0.0052967071533203125 1 1
2066 201 0.0051577091217041016 1 1
2067 201 0.00552058219909668 1 1
2068 201 0.005124807357788086 1 1
2069 201 0.0045168399810791016 1 1
2095 201 0.004900693893432617 1 1
2096 201 0.004593372344970703 1 1
2097 201 0.00726628303527832 1 1
2097 201 0.004437446594238281 1 1
2098 201 0.01909494400024414 1 1
2124 201 0.004297971725463867 1 1
2126 201 0.005140542984008789 1 1
2127 201 0.0043087005615234375 1 1
2128 201 0.004626274108886719 1 1
2129 201 0.004523038864135742 1 1
2155 201 0.004547834396362305 1 1
2155 201 0.005346059799194336 1 1
2156 201 0.004341840744018555 1 1
2157 201 0.004893302917480469 1 1
2158 201 0.004370689392089844 1 1
2184 201 0.00455474853515625 1 1
2185 201 0.004903554916381836 1 1
2186 201 0.006265401840209961 1 1
2187 201 0.004136323928833008 1 1
2188 201 0.004391193389892578 1 1
2214 201 0.006446123123168945 1 1
2215 201 0.0049762725830078125 1 1
2216 201 0.006127119064331055 1 1
2217 201 0.015779972076416016 1 1
2218 201 0.004533529281616211 1 1
2244 201 0.003368377685546875 1 1
2245 201 0.004095554351806641 1 1
2246 201 0.003840208053588867 1 1
2247 201 0.004424571990966797 1 1
2248 201 0.004289865493774414 1 1
2274 201 0.008239030838012695 1 1
2275 201 0.004054546356201172 1 1
2276 201 0.004591941833496094 1 1
2277 201 0.004512310028076172 1 1
2278 201 0.005202770233154297 1 1
2304 201 0.0058939456939697266 1 1
2305 201 0.004258155822753906 1 1
2306 201 0.004091739654541016 1 1
2307 201 0.004369258880615234 1 1
2308 201 0.004456758499145508 1 1
2334 201 0.0037937164306640625 1 1
2335 201 0.004891395568847656 1 1
2336 201 0.003998279571533203 1 1
2337 201 0.0051403045654296875 1 1
2338 201 0.0051381587982177734 1 1
2364 201 0.0032300949096679688 1 1
2365 201 0.005773305892944336 1 1
2366 201 0.0036551952362060547 1 1
2367 201 0.0039823055267333984 1 1
2368 201 0.004124641418457031 1 1
2394 201 0.004221439361572266 1 1
2395 201 0.0038175582885742188 1 1
2396 201 0.0045626163482666016 1 1
2397 201 0.004395246505737305 1 1
2398 201 0.006160736083984375 1 1
2424 201 0.004273653030395508 1 1
2425 201 0.004213094711303711 1 1
2426 201 0.004407405853271484 1 1
2427 201 0.00671696662902832 1 1
2428 201 0.00405120849609375 1 1
2454 201 0.0038530826568603516 1 1
2455 201 0.006193399429321289 1 1
2456 201 0.0057756900787353516 1 1
2457 201 0.004911899566650391 1 1
2458 201 0.0038259029388427734 1 1
2484 201 0.004654407501220703 1 1
2485 201 0.004912853240966797 1 1
2486 201 0.004892826080322266 1 1
2487 201 0.0047914981842041016 1 1
2488 201 0.00412440299987793 1 1
2514 201 0.0036945343017578125 1 1
2515 201 0.003966331481933594 1 1
2516 201 0.005033969879150391 1 1
2517 201 0.005004167556762695 1 1
2518 201 0.0054323673248291016 1 1
2544 201 0.0037081241607666016 1 1
2545 201 0.006701231002807617 1 1
2546 201 0.0036194324493408203 1 1
2547 201 0.0035293102264404297 1 1
2548 201 0.004107236862182617 1 1
2575 201 0.0072596073150634766 1 1
2575 201 0.005487680435180664 1 1
2576 201 0.006890773773193359 1 1
2577 201 0.0036852359771728516 1 1
2578 201 0.003847837448120117 1 1
2604 201 0.004373788833618164 1 1
2605 201 0.005131721496582031 1 1
2606 201 0.004472017288208008 1 1
2607 201 0.007015705108642578 1 1
2608 201 0.005510091781616211 1 1
2634 201 0.005179166793823242 1 1
2635 201 0.008824348449707031 1 1
2636 201 0.004479885101318359 1 1
2637 201 0.004248857498168945 1 1
2638 201 0.003843545913696289 1 1
2664 201 0.0038220882415771484 1 1
2665 201 0.004081010818481445 1 1
2666 201 0.005586147308349609 1 1
2667 201 0.004656314849853516 1 1
2668 201 0.0063436031341552734 1 1
2694 201 0.0054624080657958984 1 1
2695 201 0.004454612731933594 1 1
2696 201 0.00433802604675293 1 1
2697 201 0.0038802623748779297 1 1
2698 201 0.004303693771362305 1 1
2724 201 0.004958391189575195 1 1
2725 201 0.004549741744995117 1 1
2726 201 0.003728151321411133 1 1
2727 201 0.004199028015136719 1 1
2728 201 0.0036995410919189453 1 1
2754 201 0.0052530765533447266 1 1
2755 201 0.005278587341308594 1 1
2756 201 0.0042877197265625 1 1
2757 201 0.005441427230834961 1 1
2758 201 0.003393411636352539 1 1
2784 201 0.004231929779052734 1 1
2785 201 0.0060999393463134766 1 1
2786 201 0.004378795623779297 1 1
2787 201 0.005311489105224609 1 1
2788 201 0.003930091857910156 1 1
2814 201 0.005364894866943359 1 1
2815 201 0.005142688751220703 1 1
2816 201 0.0042798519134521484 1 1
2817 201 0.004784107208251953 1 1
2818 201 0.0036134719848632812 1 1
2844 201 0.004302263259887695 1 1
2845 201 0.00512385368347168 1 1
2846 201 0.00529170036315918 1 1
2847 201 0.005133867263793945 1 1
2848 201 0.006193876266479492 1 1
2874 201 0.0058095455169677734 1 1
2875 201 0.004189968109130859 1 1
2876 201 0.0037970542907714844 1 1
2877 201 0.003631114959716797 1 1
2878 201 0.005303621292114258 1 1
2904 201 0.005015134811401367 1 1
2905 201 0.0039026737213134766 1 1
2906 201 0.006070137023925781 1 1
2907 201 0.0035643577575683594 1 1
2908 201 0.0031616687774658203 1 1
2934 201 0.004204511642456055 1 1
2935 201 0.004591703414916992 1 1
2936 201 0.00978994369506836 1 1
2937 201 0.003976583480834961 1 1
2938 201 0.0039730072021484375 1 1
2964 201 0.003981113433837891 1 1
2965 201 0.003908872604370117 1 1
2966 201 0.0037488937377929688 1 1
2967 201 0.002641916275024414 1 1
2968 201 0.004176616668701172 1 1
2994 201 0.003048419952392578 1 1
2995 201 0.004327297210693359 1 1
2996 201 0.003564119338989258 1 1
2997 201 0.003435850143432617 1 1
2998 201 0.0033125877380371094 1 1
3024 201 0.005244731903076172 1 1
3025 201 0.004807233810424805 1 1
3026 201 0.0032186508178710938 1 1
3027 201 0.003942251205444336 1 1
3028 201 0.003574371337890625 1 1
3054 201 0.005141258239746094 1 1
3055 201 0.003168344497680664 1 1
3056 201 0.008234262466430664 1 1
3057 201 0.003585338592529297 1 1
3058 201 0.003795623779296875 1 1
3084 201 0.0069637298583984375 1 1
3085 201 0.004129648208618164 1 1
3086 201 0.003822803497314453 1 1
3087 201 0.004210233688354492 1 1
3088 201 0.004046440124511719 1 1
3114 201 0.003839254379272461 1 1
3115 201 0.0038712024688720703 1 1
3116 201 0.004048585891723633 1 1
3117 201 0.004058361053466797 1 1
3118 201 0.003395557403564453 1 1
3144 201 0.0026738643646240234 1 1
3145 201 0.007635831832885742 1 1
3146 201 0.003327608108520508 1 1
3147 201 0.004431962966918945 1 1
3148 201 0.003973722457885742 1 1
3174 201 0.003183603286743164 1 1
3175 201 0.004159688949584961 1 1
3176 201 0.0038199424743652344 1 1
3177 201 0.003612041473388672 1 1
3178 201 0.003908634185791016 1 1
3204 201 0.008152484893798828 1 1
3205 201 0.0033402442932128906 1 1
3206 201 0.0037429332733154297 1 1
3207 201 0.0039014816284179688 1 1
3208 201 0.00335693359375 1 1
3234 201 0.003487110137939453 1 1
3235 201 0.005074739456176758 1 1
3236 201 0.003812074661254883 1 1
3237 201 0.003677845001220703 1 1
3238 201 0.0035064220428466797 1 1
3264 201 0.006047487258911133 1 1
3265 201 0.004292011260986328 1 1
3266 201 0.0037107467651367188 1 1
3267 201 0.0034749507904052734 1 1
3268 201 0.003431558609008789 1 1
3294 201 0.004832029342651367 1 1
3295 201 0.004563331604003906 1 1
3296 201 0.004933834075927734 1 1
3297 201 0.007031917572021484 1 1
3298 201 0.004323482513427734 1 1
3324 201 0.004436016082763672 1 1
3325 201 0.003960371017456055 1 1
3326 201 0.004563808441162109 1 1
3327 201 0.0040051937103271484 1 1
3328 201 0.004293203353881836 1 1
3354 201 0.004233598709106445 1 1
3355 201 0.013584613800048828 1 1
3356 201 0.0052449703216552734 1 1
3357 201 0.004338741302490234 1 1
3358 201 0.003006458282470703 1 1
3384 201 0.0036382675170898438 1 1
3385 201 0.004824638366699219 1 1
3386 201 0.00500798225402832 1 1
3387 201 0.004471778869628906 1 1
3388 201 0.004282951354980469 1 1
3414 201 0.0039844512939453125 1 1
3415 201 0.0037484169006347656 1 1
3416 201 0.008996725082397461 1 1
3417 201 0.005514860153198242 1 1
3418 201 0.005486011505126953 1 1
3444 201 0.003760814666748047 1 1
3445 201 0.005266427993774414 1 1
3446 201 0.00696563720703125 1 1
3447 201 0.0041637420654296875 1 1
3448 201 0.00420689582824707 1 1
3474 201 0.004910707473754883 1 1
3475 201 0.005362510681152344 1 1
3476 201 0.003230571746826172 1 1
3477 201 0.0034248828887939453 1 1
3478 201 0.004705905914306641 1 1
3505 201 0.004878997802734375 1 1
3505 201 0.005329132080078125 1 1
3506 201 0.004033327102661133 1 1
3507 201 0.00551915168762207 1 1
3508 201 0.007524967193603516 1 1
3534 201 0.00366973876953125 1 1
3535 201 0.0042154788970947266 1 1
3536 201 0.004400968551635742 1 1
3537 201 0.008470773696899414 1 1
3538 201 0.003683805465698242 1 1
3564 201 0.004464387893676758 1 1
3565 201 0.004264116287231445 1 1
3566 201 0.004705190658569336 1 1
3567 201 0.004113197326660156 1 1
3568 201 0.004510164260864258 1 1
3595 201 0.005741596221923828 1 1
3596 201 0.006402015686035156 1 1
3596 201 0.004220247268676758 1 1
3597 201 0.0049326419830322266 1 1
3598 201 0.004526376724243164 1 1
3625 201 0.003432750701904297 1 1
3625 201 0.0075261592864990234 1 1
3626 201 0.0046329498291015625 1 1
3627 201 0.003610849380493164 1 1
3628 201 0.003741025924682617 1 1
