25 201 0.003371715545654297 1 1
26 201 0.009878873825073242 1 1
26 201 0.0025353431701660156 1 1
28 201 0.0038175582885742188 1 1
29 201 0.0055010318756103516 1 1
55 201 0.0036089420318603516 1 1
55 201 0.002869844436645508 1 1
57 201 0.006105661392211914 1 1
58 201 0.0039098262786865234 1 1
59 201 0.01925945281982422 1 1
84 201 0.007897377014160156 1 2
85 201 0.004119396209716797 1 2
86 201 0.004391908645629883 1 2
87 201 0.0035359859466552734 1 2
88 201 0.003390789031982422 1 2
115 201 0.0037174224853515625 1 2
116 201 0.004675865173339844 1 2
117 201 0.00516963005065918 1 2
118 201 0.003170013427734375 1 2
119 201 0.003625631332397461 1 2
145 201 0.004273414611816406 1 2
146 201 0.007323265075683594 1 2
147 201 0.005021572113037109 1 2
148 201 0.005166769027709961 1 2
149 201 0.0033185482025146484 1 2
174 201 0.004540920257568359 1 2
175 timeout 0.05 1 2
176 201 0.0037779808044433594 1 2
177 201 0.004723310470581055 1 2
178 201 0.004339694976806641 1 2
205 201 0.006224155426025391 1 2
206 201 0.004761695861816406 1 2
207 201 0.004373073577880859 1 2
208 201 0.003931760787963867 1 2
209 201 0.0031058788299560547 1 2
234 201 0.0038802623748779297 1 2
235 201 0.004081010818481445 1 2
236 201 0.004314422607421875 1 2
237 201 0.0031948089599609375 1 2
238 201 0.0036101341247558594 1 2
264 201 0.003618478775024414 1 2
265 201 0.002989053726196289 1 2
266 201 0.004117250442504883 1 2
267 201 0.006308555603027344 1 2
268 201 0.002061605453491211 1 2
294 201 0.003344297409057617 1 2
295 201 0.0056302547454833984 1 2
296 201 0.0037627220153808594 1 2
297 201 0.003289461135864258 1 2
298 201 0.0036814212799072266 1 2
325 timeout 0.05 1 2
325 201 0.004415988922119141 1 2
326 201 0.0029938220977783203 1 2
327 201 0.005066871643066406 1 2
328 201 0.004174947738647461 1 2
355 timeout 0.05 1 2
356 201 0.006934165954589844 1 2
356 201 0.0037758350372314453 1 2
357 201 0.003093719482421875 1 2
358 201 0.0027942657470703125 1 2
384 201 0.0038356781005859375 1 2
385 201 0.0033102035522460938 1 2
386 201 0.0037107467651367188 1 2
387 201 0.004514932632446289 1 2
388 201 0.003232717514038086 1 2
414 201 0.0034728050231933594 1 2
415 201 0.003676891326904297 1 2
416 201 0.0044214725494384766 1 2
417 201 0.0046346187591552734 1 2
418 201 0.0031142234802246094 1 2
444 201 0.005827426910400391 1 2
445 timeout 0.05 1 2
446 201 0.0065822601318359375 1 2
447 timeout 0.05 1 2
448 201 0.0032224655151367188 1 2
474 201 0.003428220748901367 1 2
475 timeout 0.05 1 2
476 timeout 0.05 1 2
477 timeout 0.05 1 2
478 timeout 0.05 1 2
504 201 0.004751682281494141 1 2
505 201 0.006001710891723633 1 2
506 201 0.004084587097167969 1 2
507 201 0.003056049346923828 1 2
508 201 0.004358768463134766 1 2
534 201 0.0038733482360839844 1 2
535 201 0.003421306610107422 1 2
536 timeout 0.05 1 2
537 timeout 0.05 1 2
538 201 0.0034990310668945312 1 2
564 201 0.0036163330078125 1 2
565 201 0.009624242782592773 1 2
566 201 0.003477334976196289 1 2
567 201 0.006059408187866211 1 2
568 201 0.0061893463134765625 1 2
594 timeout 0.05 1 2
596 timeout 0.05 1 2
597 timeout 0.05 1 2
598 201 0.00624394416809082 1 2
598 201 0.0029985904693603516 1 2
624 201 0.003843545913696289 1 2
625 201 0.003083944320678711 1 2
626 201 0.003665447235107422 1 2
627 201 0.0031833648681640625 1 2
628 201 0.002981901168823242 1 2
654 201 0.0038373470306396484 1 2
655 201 0.003843545913696289 1 2
656 201 0.0037119388580322266 1 2
657 timeout 0.05 1 2
658 201 0.0037271976470947266 1 2
684 201 0.004958391189575195 1 2
685 201 0.0031294822692871094 1 2
686 201 0.0052490234375 1 2
687 201 0.0040318965911865234 1 2
688 201 0.0036585330963134766 1 2
714 201 0.003968000411987305 1 2
715 201 0.005549430847167969 1 2
716 201 0.00751495361328125 1 2
717 201 0.004079580307006836 1 2
718 201 0.00480341911315918 1 2
744 201 0.0033926963806152344 1 2
745 201 0.0035753250122070312 1 2
746 201 0.003059864044189453 1 2
747 201 0.0025773048400878906 1 2
748 201 0.0028972625732421875 1 2
774 201 0.004960060119628906 1 2
775 timeout 0.05 1 2
776 timeout 0.05 1 2
777 timeout 0.05 1 2
778 timeout 0.05 1 2
804 201 0.004705905914306641 1 2
805 201 0.0027658939361572266 1 2
806 201 0.005112409591674805 1 2
807 201 0.003354787826538086 1 2
808 201 0.003362894058227539 1 2
834 timeout 0.05 1 2
835 201 0.003049135208129883 1 2
836 201 0.0036301612854003906 1 2
837 timeout 0.05 1 2
838 201 0.0031354427337646484 1 2
864 201 0.004475593566894531 1 2
865 201 0.004077911376953125 1 2
866 201 0.002650737762451172 1 2
867 201 0.0029706954956054688 1 2
868 201 0.0048062801361083984 1 2
894 timeout 0.05 1 2
895 201 0.003988027572631836 1 2
896 timeout 0.05 1 2
897 201 0.0028142929077148438 1 2
898 201 0.002935171127319336 1 2
925 timeout 0.05 1 3
926 201 0.003914594650268555 1 3
926 201 0.004301786422729492 1 3
927 201 0.0037696361541748047 1 3
928 201 0.003968715667724609 1 3
954 201 0.0051081180572509766 1 3
955 timeout 0.05 1 3
956 timeout 0.05 1 3
957 timeout 0.05 1 3
958 timeout 0.05 1 3
984 timeout 0.05 1 3
985 201 0.004282236099243164 1 3
986 201 0.005475044250488281 1 3
987 201 0.010351419448852539 1 3
988 201 0.003689289093017578 1 3
1014 201 0.004721879959106445 1 3
1015 201 0.0036377906799316406 1 3
1016 timeout 0.05 1 3
1017 201 0.003472566604614258 1 3
1018 201 0.0031061172485351562 1 3
1044 201 0.0044896602630615234 1 3
1045 timeout 0.05 1 3
1046 timeout 0.05 1 3
1047 201 0.004185914993286133 1 3
1048 timeout 0.05 1 3
1074 201 0.0038068294525146484 1 3
1075 201 0.0023086071014404297 1 3
1076 201 0.003525257110595703 1 3
1077 201 0.003594636917114258 1 3
1078 timeout 0.05 1 3
1104 timeout 0.05 1 3
1105 timeout 0.05 1 3
1106 201 0.0034329891204833984 1 3
1107 201 0.003443479537963867 1 3
1108 timeout 0.05 1 3
1134 201 0.0041463375091552734 1 3
1135 201 0.004891872406005859 1 3
1136 201 0.0033833980560302734 1 3
1137 201 0.003854990005493164 1 3
1138 timeout 0.05 1 3
1164 201 0.006948232650756836 1 3
1165 201 0.0034952163696289062 1 3
1166 201 0.003399372100830078 1 3
1167 timeout 0.05 1 3
1168 201 0.004981517791748047 1 3
1194 201 0.0042612552642822266 1 3
1195 201 0.00734400749206543 1 3
1196 201 0.0043337345123291016 1 3
1197 201 0.005960702896118164 1 3
1198 201 0.003245830535888672 1 3
1224 201 0.0035848617553710938 1 3
1225 201 0.005618572235107422 1 3
1226 201 0.0030879974365234375 1 3
1227 timeout 0.05 1 3
1228 timeout 0.05 1 3
1254 201 0.00441288948059082 1 3
1255 201 0.00475001335144043 1 3
1256 timeout 0.05 1 3
1257 201 0.0041811466217041016 1 3
1258 201 0.0034155845642089844 1 3
1284 201 0.004621267318725586 1 3
1285 201 0.003827810287475586 1 3
1286 201 0.003206014633178711 1 3
1287 timeout 0.05 1 3
1288 201 0.0034232139587402344 1 3
1314 201 0.00819706916809082 1 3
1316 timeout 0.05 1 3
1316 201 0.005272388458251953 1 3
1317 201 0.003152132034301758 1 3
1318 201 0.004579305648803711 1 3
1344 201 0.005832672119140625 1 3
1345 201 0.004556417465209961 1 3
1346 201 0.0031294822692871094 1 3
1347 timeout 0.05 1 3
1348 201 0.0039637088775634766 1 3
1374 timeout 0.05 1 3
1375 timeout 0.05 1 3
1376 timeout 0.05 1 3
1377 201 0.003518342971801758 1 3
1378 201 0.005821704864501953 1 3
1404 201 0.005643606185913086 1 2
1405 201 0.003232240676879883 1 2
1406 201 0.004674673080444336 1 2
1407 201 0.0034775733947753906 1 2
1408 201 0.0050389766693115234 1 2
1434 201 0.0046155452728271484 1 2
1435 201 0.003557920455932617 1 2
1436 201 0.004350423812866211 1 2
1437 201 0.0038840770721435547 1 2
1438 201 0.003612518310546875 1 2
1464 201 0.0035271644592285156 1 2
1465 201 0.0030164718627929688 1 2
1466 201 0.002872467041015625 1 2
1467 201 0.003089427947998047 1 2
1468 201 0.0064547061920166016 1 2
1494 201 0.0035719871520996094 1 2
1495 201 0.0062100887298583984 1 2
1496 201 0.006031990051269531 1 2
1497 201 0.003938913345336914 1 2
1498 201 0.003069162368774414 1 2
1524 201 0.010637760162353516 1 2
1525 201 0.004318952560424805 1 2
1526 201 0.005407810211181641 1 2
1527 201 0.0041387081146240234 1 2
1528 timeout 0.05 1 2
1554 timeout 0.05 1 3
1555 201 0.004618406295776367 1 3
1556 201 0.003194570541381836 1 3
1557 201 0.003515481948852539 1 3
1558 201 0.0040857791900634766 1 3
1584 201 0.003850221633911133 1 3
1585 201 0.004851102828979492 1 3
1586 201 0.0060613155364990234 1 3
1587 201 0.006359577178955078 1 3
1588 201 0.004941463470458984 1 3
1614 timeout 0.05 1 2
1615 201 0.005877017974853516 1 2
1616 201 0.003436565399169922 1 2
1617 201 0.004693508148193359 1 2
1618 201 0.004982709884643555 1 2
1644 201 0.003162384033203125 1 2
1645 201 0.003139019012451172 1 2
1646 201 0.0032269954681396484 1 2
1647 201 0.008606433868408203 1 2
1648 201 0.004548788070678711 1 2
1674 201 0.004616737365722656 1 2
1675 201 0.0041751861572265625 1 2
1676 201 0.004067182540893555 1 2
1677 201 0.0036330223083496094 1 2
1678 201 0.006093263626098633 1 2
1704 201 0.005326271057128906 1 2
1705 201 0.011442184448242188 1 2
1706 timeout 0.05 1 2
1707 201 0.005131244659423828 1 2
1708 201 0.004008054733276367 1 2
1734 201 0.003434419631958008 1 2
1736 timeout 0.05 1 2
1736 timeout 0.05 1 2
1737 timeout 0.05 1 2
1738 201 0.002835988998413086 1 2
1764 timeout 0.05 1 2
1765 201 0.003605365753173828 1 2
1766 timeout 0.05 1 2
1767 201 0.003800630569458008 1 2
1768 201 0.003954172134399414 1 2
1794 201 0.005046844482421875 1 2
1795 201 0.003560304641723633 1 2
1796 201 0.0035369396209716797 1 2
1797 201 0.0033419132232666016 1 2
1798 201 0.006016969680786133 1 2
1825 201 0.0061948299407958984 1 2
1826 201 0.003924131393432617 1 2
1827 201 0.005472898483276367 1 2
1827 201 0.0033583641052246094 1 2
1828 201 0.003531217575073242 1 2
1854 201 0.0036804676055908203 1 2
1855 201 0.010924577713012695 1 2
1856 201 0.004201412200927734 1 2
1857 201 0.004014730453491211 1 2
1858 201 0.0033295154571533203 1 2
1884 201 0.01558685302734375 1 2
1885 201 0.0034270286560058594 1 2
1886 201 0.0034105777740478516 1 2
1887 201 0.009343385696411133 1 2
1888 201 0.004297018051147461 1 2
1915 timeout 0.05 1 2
1915 201 0.003468036651611328 1 2
1916 201 0.003770589828491211 1 2
1917 201 0.003761768341064453 1 2
1918 201 0.0035872459411621094 1 2
1944 timeout 0.05 1 2
1945 201 0.0038199424743652344 1 2
1946 timeout 0.05 1 2
1947 201 0.004076957702636719 1 2
1948 201 0.00394749641418457 1 2
1974 201 0.004314899444580078 1 2
1975 201 0.004239797592163086 1 2
1976 201 0.0043125152587890625 1 2
1977 201 0.006667137145996094 1 2
1978 timeout 0.05 1 2
2005 201 0.0052204132080078125 1 2
2006 201 0.0046443939208984375 1 2
2007 201 0.005780220031738281 1 2
2008 201 0.004251956939697266 1 2
2008 201 0.003596782684326172 1 2
2035 201 0.005031108856201172 1 1
2036 201 0.004070281982421875 1 1
2036 201 0.003949880599975586 1 1
2037 timeout 0.05 1 1
2038 201 0.0037500858306884766 1 1
2064 201 0.0032308101654052734 1 1
2065 201 0.004628419876098633 1 1
2066 201 0.003027677536010742 1 1
2067 201 0.002972841262817383 1 1
2068 201 0.004559755325317383 1 1
2095 201 0.0040247440338134766 1 1
2096 201 0.006087541580200195 1 1
2097 201 0.00484919548034668 1 1
2097 timeout 0.05 1 1
2098 timeout 0.05 1 1
2124 201 0.0032966136932373047 1 1
2125 201 0.0027658939361572266 1 1
2127 201 0.00485992431640625 1 1
2127 201 0.003444194793701172 1 1
2129 201 0.004826068878173828 1 1
2155 201 0.003976583480834961 1 1
2155 timeout 0.05 1 1
2156 201 0.005874156951904297 1 1
2157 timeout 0.05 1 1
2159 timeout 0.05 1 1
2184 201 0.0029125213623046875 1 1
2185 201 0.0033419132232666016 1 1
2186 201 0.002805948257446289 1 1
2187 201 0.0037491321563720703 1 1
2188 201 0.0038564205169677734 1 1
2214 201 0.0032622814178466797 1 2
2215 201 0.004180192947387695 1 2
2216 201 0.0043811798095703125 1 2
2217 201 0.007967710494995117 1 2
2218 201 0.003026247024536133 1 2
2244 timeout 0.05 1 2
2245 timeout 0.05 1 2
2246 timeout 0.05 1 2
2247 timeout 0.05 1 2
2248 timeout 0.05 1 2
2274 201 0.012917518615722656 1 2
2275 201 0.0037059783935546875 1 2
2276 201 0.0038993358612060547 1 2
2277 201 0.003400087356567383 1 2
2278 201 0.003627777099609375 1 2
2304 timeout 0.05 1 2
2305 201 0.004000186920166016 1 2
2306 201 0.003584146499633789 1 2
2307 201 0.003763914108276367 1 2
2308 201 0.003835439682006836 1 2
2334 201 0.0032567977905273438 1 2
2335 201 0.004099130630493164 1 2
2336 201 0.003665924072265625 1 2
2337 201 0.014586925506591797 1 2
2338 201 0.0034902095794677734 1 2
2365 timeout 0.05 1 1
2365 201 0.003341197967529297 1 1
2366 timeout 0.05 1 1
2367 201 0.003008127212524414 1 1
2368 201 0.0027222633361816406 1 1
2394 201 0.0033884048461914062 1 1
2395 201 0.0044820308685302734 1 1
2396 201 0.005774021148681641 1 1
2397 201 0.0031523704528808594 1 1
2398 201 0.0030159950256347656 1 1
2424 201 0.0036344528198242188 1 1
2425 201 0.0055389404296875 1 1
2426 201 0.00807952880859375 1 1
2427 201 0.0036864280700683594 1 1
2428 201 0.003936290740966797 1 1
2454 201 0.003951549530029297 1 2
2455 201 0.004126548767089844 1 2
2456 201 0.0051996707916259766 1 2
2457 timeout 0.05 1 2
2458 timeout 0.05 1 2
2484 201 0.0033860206604003906 1 2
2485 201 0.003509044647216797 1 2
2486 201 0.004006624221801758 1 2
2487 201 0.006406307220458984 1 2
2488 201 0.0033905506134033203 1 2
2514 201 0.005565643310546875 1 2
2515 201 0.003479480743408203 1 2
2516 201 0.0029065608978271484 1 2
2517 201 0.0030961036682128906 1 2
2518 201 0.004064321517944336 1 2
2544 201 0.005715847015380859 1 2
2545 201 0.006631135940551758 1 2
2546 201 0.003561735153198242 1 2
2547 201 0.0035219192504882812 1 2
2548 201 0.0031723976135253906 1 2
2574 201 0.002759695053100586 1 2
2575 201 0.005850791931152344 1 2
2576 201 0.0031731128692626953 1 2
2577 201 0.0038127899169921875 1 2
2578 201 0.0034372806549072266 1 2
2604 timeout 0.05 1 2
2605 201 0.005328655242919922 1 2
2606 201 0.0036144256591796875 1 2
2607 201 0.004285097122192383 1 2
2608 201 0.003587007522583008 1 2
2634 timeout 0.05 1 2
2635 timeout 0.05 1 2
2636 201 0.003498077392578125 1 2
2637 timeout 0.05 1 2
2638 201 0.0039844512939453125 1 2
2664 201 0.004050731658935547 1 2
2665 201 0.0039789676666259766 1 2
2666 201 0.0035402774810791016 1 2
2667 201 0.0038797855377197266 1 2
2668 201 0.004631996154785156 1 2
2694 201 0.006364345550537109 1 2
2695 201 0.0035309791564941406 1 2
2696 201 0.0030388832092285156 1 2
2697 201 0.006390094757080078 1 2
2698 201 0.0032939910888671875 1 2
2724 201 0.005316495895385742 1 3
2725 201 0.009405136108398438 1 3
2726 201 0.004300594329833984 1 3
2727 201 0.003875732421875 1 3
2728 201 0.00403594970703125 1 3
2754 201 0.008075952529907227 1 3
2755 201 0.006625175476074219 1 3
2756 201 0.0038199424743652344 1 3
2757 201 0.004714250564575195 1 3
2758 201 0.003997087478637695 1 3
2784 201 0.0062029361724853516 1 3
2785 201 0.004081249237060547 1 3
2786 201 0.0043108463287353516 1 3
2787 201 0.004648447036743164 1 3
2788 201 0.005555868148803711 1 3
2814 201 0.004700422286987305 1 3
2815 201 0.0031249523162841797 1 3
2816 201 0.003961801528930664 1 3
2817 201 0.004240512847900391 1 3
2818 201 0.003409147262573242 1 3
2844 201 0.0061647891998291016 1 3
2845 201 0.008168458938598633 1 3
2846 201 0.003721475601196289 1 3
2847 201 0.004435539245605469 1 3
2848 timeout 0.05 1 3
2874 201 0.005871295928955078 1 3
2875 timeout 0.05 1 3
2876 201 0.006765604019165039 1 3
2877 201 0.004696846008300781 1 3
2878 201 0.004199981689453125 1 3
2904 201 0.003055572509765625 1 3
2905 timeout 0.05 1 3
2906 timeout 0.05 1 3
2907 201 0.005615234375 1 3
2908 201 0.0035872459411621094 1 3
2934 201 0.004537343978881836 1 3
2935 201 0.004662990570068359 1 3
2936 201 0.0038728713989257812 1 3
2937 201 0.0032558441162109375 1 3
2938 201 0.0042972564697265625 1 3
2964 201 0.008936405181884766 1 3
2965 201 0.0036497116088867188 1 3
2966 201 0.0042340755462646484 1 3
2967 201 0.005954742431640625 1 3
2968 201 0.006223917007446289 1 3
2994 201 0.00482940673828125 1 3
2995 201 0.0039103031158447266 1 3
2996 201 0.008226633071899414 1 3
2997 201 0.006763458251953125 1 3
2998 201 0.003549814224243164 1 3
3024 201 0.0030798912048339844 1 3
3025 timeout 0.05 1 3
3026 201 0.003320455551147461 1 3
3027 201 0.004252195358276367 1 3
3028 201 0.003823995590209961 1 3
3054 201 0.0049092769622802734 1 3
3055 201 0.0061528682708740234 1 3
3056 201 0.0037093162536621094 1 3
3057 201 0.0035457611083984375 1 3
3058 201 0.0030193328857421875 1 3
3084 201 0.004201412200927734 1 3
3085 201 0.006900787353515625 1 3
3086 201 0.003343343734741211 1 3
3087 201 0.0048291683197021484 1 3
3088 timeout 0.05 1 3
3114 timeout 0.05 1 3
3115 201 0.007009029388427734 1 3
3116 201 0.0035893917083740234 1 3
3117 timeout 0.05 1 3
3118 201 0.0032825469970703125 1 3
3144 201 0.004532337188720703 1 3
3145 201 0.0035178661346435547 1 3
3146 201 0.0033948421478271484 1 3
3147 201 0.0043375492095947266 1 3
3148 201 0.00636744499206543 1 3
3174 201 0.005383729934692383 1 3
3175 201 0.005601406097412109 1 3
3177 201 0.020154714584350586 1 3
3177 201 0.0040781497955322266 1 3
3178 201 0.003679513931274414 1 3
3205 201 0.010492086410522461 1 3
3205 timeout 0.05 1 3
3206 201 0.003958702087402344 1 3
3207 201 0.008749008178710938 1 3
3208 201 0.004120588302612305 1 3
3234 201 0.006116390228271484 1 3
3235 201 0.003745555877685547 1 3
3236 201 0.003582000732421875 1 3
3237 201 0.0034952163696289062 1 3
3238 201 0.0034041404724121094 1 3
3264 201 0.005021333694458008 1 3
3265 timeout 0.05 1 3
3266 201 0.003312826156616211 1 3
3267 201 0.003760099411010742 1 3
3268 timeout 0.05 1 3
3294 201 0.004216909408569336 1 3
3295 201 0.005635261535644531 1 3
3296 201 0.006308794021606445 1 3
3297 201 0.005527496337890625 1 3
3298 timeout 0.05 1 3
3324 201 0.004313945770263672 1 3
3325 timeout 0.05 1 3
3326 201 0.004714250564575195 1 3
3327 timeout 0.05 1 3
3328 timeout 0.05 1 3
3354 201 0.004333972930908203 1 3
3355 201 0.0035529136657714844 1 3
3356 201 0.004026174545288086 1 3
3357 timeout 0.05 1 3
3358 timeout 0.05 1 3
3384 timeout 0.05 1 3
3385 timeout 0.05 1 3
3386 201 0.013464689254760742 1 3
3387 201 0.0035724639892578125 1 3
3388 201 0.003671407699584961 1 3
3414 timeout 0.05 1 3
3415 201 0.006144523620605469 1 3
3416 201 0.003850221633911133 1 3
3417 201 0.004201173782348633 1 3
3418 201 0.0048923492431640625 1 3
3444 201 0.004284858703613281 1 2
3445 201 0.0037834644317626953 1 2
3446 timeout 0.05 1 2
3447 201 0.002916097640991211 1 2
3448 201 0.00726628303527832 1 2
3475 201 0.005635738372802734 1 2
3475 201 0.003559589385986328 1 2
3476 201 0.003900766372680664 1 2
3477 timeout 0.05 1 2
3478 201 0.003022432327270508 1 2
3504 201 0.0028595924377441406 1 2
3505 201 0.0056607723236083984 1 2
3506 201 0.0032482147216796875 1 2
3507 201 0.0035247802734375 1 2
3508 timeout 0.05 1 2
3534 201 0.003638744354248047 1 2
3535 timeout 0.05 1 2
3536 201 0.0037622451782226562 1 2
3537 201 0.003599405288696289 1 2
3538 201 0.0033843517303466797 1 2
3564 201 0.0031239986419677734 1 2
3565 201 0.0031461715698242188 1 2
3566 201 0.006856679916381836 1 2
3567 timeout 0.05 1 2
3568 201 0.002763509750366211 1 2
3594 201 0.004754066467285156 1 3
3595 201 0.005883693695068359 1 3
3596 201 0.0049762725830078125 1 3
3597 201 0.004662752151489258 1 3
3598 201 0.0038843154907226562 1 3
3625 201 0.00403904914855957 1 3
3625 201 0.0043485164642333984 1 3
3626 timeout 0.05 1 3
3627 201 0.003336668014526367 1 3
3628 201 0.004806041717529297 1 3
