30 0.00 
30 0.00 
90 0.00 
90 0.00 
210 0.00 
210 0.00 
240 0.00 
300 0.00 
390 0.00 
720 0.00 
720 0.00 
720 0.00 
780 0.00 
780 0.00 
780 0.00 
780 0.00 
810 0.00 
810 0.00 
810 0.00 
870 0.00 
900 0.00 
930 0.00 
930 0.00 
930 0.00 
1050 0.00 
1050 0.00 
1080 0.00 
1140 0.00 
1140 0.00 
1140 0.00 
1170 0.00 
1170 0.00 
1200 0.00 
1230 0.00 
1230 0.00 
1230 0.00 
1260 0.00 
1350 0.00 
1380 0.00 
1380 0.00 
1380 0.00 
1410 0.00 
1410 0.00 
1410 0.00 
1440 0.00 
1440 0.00 
1440 0.00 
1470 0.00 
1470 0.00 
1560 0.00 
1710 0.00 
1710 0.00 
1740 0.00 
1740 0.00 
1830 0.00 
1830 0.00 
1920 0.00 
2010 0.00 
2010 0.00 
2100 0.00 
2130 0.00 
2130 0.00 
2160 0.00 
2160 0.00 
2310 0.00 
2400 0.00 
2400 0.00 
2460 0.00 
2460 0.00 
2520 0.00 
2520 0.00 
2520 0.00 
2670 0.00 
2670 0.00 
2730 0.00 
2790 0.00 
2820 0.00 
2820 0.00 
2820 0.00 
2970 0.00 
2970 0.00 
2970 0.00 
3000 0.00 
3000 0.00 
3030 0.00 
3060 0.00 
3090 0.00 
3090 0.00 
3090 0.00 
3120 0.00 
3120 0.00 
3150 0.00 
3150 0.00 
3150 0.00 
3240 0.00 
3270 0.00 
3300 0.00 
3300 0.00 
3300 0.00 
3300 0.00 
3330 0.00 
3330 0.00 
3330 0.00 
3330 0.00 
3390 0.00 
3450 0.00 
3450 0.00 
3450 0.00 
3510 0.00 
3510 0.00 
3510 0.00 
