2 0.61 
4 0.41 
6 0.28 
8 0.41 
10 0.58 
12 0.31 
14 0.65 
16 0.26 
18 0.50 
20 0.23 
22 0.31 
24 0.73 
26 0.53 
28 0.42 
30 0.34 
30 0.07 
30 0.07 
30 0.04 
32 0.61 
34 0.36 
36 0.35 
38 0.45 
40 0.33 
42 0.28 
43 0.27 
45 0.20 
47 0.19 
49 0.25 
51 0.35 
53 0.34 
55 0.10 
57 0.15 
59 0.28 
60 0.21 
60 0.04 
60 0.06 
60 0.03 
62 0.57 
64 0.45 
66 0.38 
68 0.37 
70 0.44 
72 0.36 
74 0.77 
76 0.53 
78 0.26 
80 0.26 
82 0.34 
84 0.53 
86 0.29 
88 0.25 
90 1.02 
90 0.04 
90 0.06 
90 0.03 
92 0.40 
94 0.24 
96 0.58 
97 0.38 
99 0.28 
101 0.45 
103 0.31 
105 0.38 
107 0.34 
109 0.46 
111 0.68 
113 0.47 
115 0.53 
117 0.17 
119 0.47 
120 0.03 
120 0.05 
120 0.05 
121 0.36 
123 0.21 
125 0.65 
127 0.27 
129 0.55 
131 0.32 
133 0.36 
135 0.38 
137 0.48 
139 0.39 
141 1.00 
143 0.49 
145 0.36 
147 0.33 
149 0.45 
150 0.13 
150 0.03 
150 0.03 
152 0.43 
154 0.64 
156 0.37 
158 0.38 
160 0.30 
162 0.70 
164 0.43 
166 0.38 
168 0.23 
170 0.84 
172 0.56 
174 0.26 
176 0.43 
178 0.31 
180 0.28 
180 0.05 
180 0.07 
180 0.04 
182 0.45 
184 0.18 
186 0.26 
188 0.30 
190 0.23 
192 0.51 
194 0.32 
196 0.49 
198 0.26 
200 0.36 
202 0.34 
204 0.50 
206 0.19 
208 0.17 
210 0.17 
210 0.05 
210 0.04 
210 0.05 
212 0.69 
214 0.42 
216 0.68 
218 0.46 
219 0.37 
221 0.11 
223 0.33 
225 0.63 
227 0.40 
229 0.26 
231 0.09 
233 0.78 
235 0.50 
237 0.38 
239 0.19 
240 0.05 
240 0.05 
240 0.05 
241 0.65 
243 0.38 
245 0.49 
247 0.70 
249 0.70 
251 0.83 
253 0.62 
255 0.57 
257 0.58 
259 0.65 
261 0.27 
263 0.69 
265 0.37 
267 0.13 
269 0.30 
270 0.09 
270 0.04 
270 0.12 
272 0.58 
274 0.67 
276 0.94 
278 0.48 
280 0.79 
282 0.92 
284 0.96 
286 0.70 
287 0.39 
289 0.62 
291 0.37 
293 0.88 
295 0.55 
297 0.34 
299 1.40 
300 0.06 
300 0.07 
300 0.05 
301 0.26 
303 0.56 
305 0.56 
307 0.87 
309 0.88 
311 0.57 
313 0.27 
315 0.20 
317 0.24 
319 0.40 
321 0.33 
322 0.43 
324 0.37 
326 0.40 
328 0.58 
330 0.45 
330 0.06 
330 0.03 
330 0.07 
332 0.63 
334 0.70 
336 0.34 
337 0.22 
339 0.88 
341 0.35 
343 0.63 
345 0.57 
347 0.56 
349 0.42 
351 0.85 
353 0.59 
355 0.62 
357 0.38 
359 0.50 
360 0.02 
360 0.05 
360 0.02 
362 0.61 
364 0.74 
366 0.57 
368 0.88 
370 0.91 
372 0.89 
374 0.51 
376 0.67 
378 0.50 
380 0.44 
382 1.14 
384 0.23 
386 0.26 
388 0.36 
390 0.79 
390 0.06 
390 0.03 
390 0.04 
392 0.66 
394 0.67 
396 0.99 
398 0.57 
400 0.79 
402 0.58 
404 0.31 
406 0.20 
408 0.29 
409 0.21 
411 0.48 
413 0.78 
415 0.37 
417 0.64 
419 0.54 
420 0.02 
420 0.05 
420 0.03 
422 0.49 
424 0.65 
426 0.70 
428 0.84 
430 0.56 
432 0.62 
433 0.28 
435 0.38 
437 0.38 
439 0.80 
441 0.53 
443 0.67 
445 0.40 
447 0.50 
449 0.48 
450 0.07 
450 0.07 
450 0.06 
451 0.58 
453 0.94 
455 0.76 
457 1.04 
459 0.86 
461 0.56 
463 0.61 
465 0.60 
467 0.89 
469 0.61 
471 0.39 
473 0.74 
475 0.57 
477 0.94 
479 0.43 
480 0.18 
480 0.03 
480 0.03 
481 0.92 
483 0.90 
485 0.73 
487 0.70 
489 1.14 
491 0.84 
493 0.49 
495 0.82 
497 0.93 
499 0.68 
501 0.60 
503 0.72 
504 0.89 
506 0.44 
508 0.96 
510 0.28 
510 0.04 
510 0.08 
510 0.05 
512 1.32 
514 0.84 
516 1.25 
518 1.11 
520 0.68 
522 0.80 
524 0.69 
526 0.58 
528 0.77 
530 0.92 
531 0.87 
533 0.95 
535 1.11 
537 0.73 
539 0.94 
540 0.05 
540 0.04 
540 0.04 
542 1.04 
544 0.70 
545 0.89 
547 0.71 
549 0.63 
551 0.54 
553 0.79 
555 0.86 
557 0.64 
559 0.53 
561 0.37 
562 0.68 
564 0.44 
566 0.74 
568 0.80 
570 0.40 
570 0.11 
570 0.03 
570 0.05 
572 0.60 
573 0.53 
575 0.55 
577 0.79 
579 0.63 
581 0.66 
583 0.74 
585 0.70 
587 0.54 
589 0.96 
591 0.63 
593 0.60 
595 0.77 
597 0.75 
599 0.67 
600 0.38 
600 0.10 
600 0.03 
600 0.04 
601 1.02 
603 0.91 
605 1.09 
607 0.94 
609 0.88 
611 0.72 
613 0.79 
615 0.99 
617 0.82 
619 0.69 
621 0.94 
623 0.65 
625 0.95 
627 0.96 
629 0.85 
630 0.32 
630 0.06 
630 0.04 
630 0.04 
631 1.09 
633 1.24 
635 0.51 
637 0.36 
639 0.22 
641 0.31 
643 0.31 
644 0.65 
646 0.54 
648 0.69 
650 0.94 
652 0.83 
654 0.62 
656 0.56 
658 1.16 
660 0.58 
660 0.04 
660 0.02 
660 0.05 
662 1.04 
664 0.98 
666 0.87 
668 0.97 
670 0.37 
671 0.67 
673 0.51 
675 0.56 
677 1.02 
679 0.82 
681 0.97 
683 0.60 
685 0.87 
687 0.99 
689 0.83 
690 0.23 
690 0.07 
690 0.07 
690 0.04 
691 1.23 
693 0.80 
695 1.10 
697 0.58 
699 0.81 
701 0.74 
702 0.86 
704 0.59 
706 0.60 
708 0.41 
710 0.81 
712 0.37 
714 0.58 
716 0.49 
717 0.39 
719 0.38 
720 0.05 
720 0.04 
720 0.03 
722 1.19 
724 1.04 
726 1.50 
728 0.98 
730 0.93 
732 0.73 
734 0.88 
735 0.61 
737 2.05 
739 0.83 
741 0.63 
743 0.98 
745 0.93 
747 1.38 
749 1.25 
750 0.22 
750 0.03 
750 0.03 
750 0.04 
752 0.52 
753 1.37 
755 1.02 
757 1.23 
759 0.92 
761 1.16 
763 0.94 
765 0.60 
767 1.09 
768 0.70 
770 1.18 
772 1.15 
774 0.79 
776 0.30 
778 0.41 
780 0.55 
780 0.02 
780 0.04 
780 0.05 
782 1.02 
784 0.84 
786 0.81 
788 0.74 
790 0.98 
791 0.81 
793 1.26 
795 0.53 
797 1.14 
799 0.70 
801 0.87 
803 0.56 
805 0.76 
806 0.72 
808 1.00 
810 1.07 
810 0.11 
810 0.03 
810 0.05 
812 0.90 
814 0.58 
815 0.46 
817 1.05 
819 0.56 
821 1.37 
823 1.77 
825 2.14 
827 0.46 
829 0.57 
831 0.60 
832 0.58 
834 0.63 
836 1.07 
838 0.71 
840 0.50 
840 0.02 
840 0.03 
840 0.04 
841 1.07 
843 0.84 
845 0.92 
847 0.72 
849 1.17 
851 0.81 
853 0.84 
855 0.95 
857 1.02 
858 0.46 
860 0.50 
862 0.89 
864 0.86 
866 0.90 
868 0.79 
870 0.54 
870 0.07 
870 0.03 
870 0.05 
871 0.73 
873 1.94 
875 1.03 
877 0.43 
879 0.82 
880 0.39 
882 0.63 
884 1.49 
886 1.32 
888 1.06 
890 0.79 
892 0.49 
894 0.82 
896 0.86 
898 0.58 
899 0.88 
900 0.05 
900 0.09 
900 0.03 
901 1.19 
903 1.49 
905 0.77 
907 0.51 
909 0.69 
911 0.71 
913 1.43 
915 0.67 
916 0.92 
918 0.49 
920 1.07 
922 1.27 
924 1.06 
926 0.97 
928 0.66 
930 0.64 
930 0.03 
930 0.11 
930 0.04 
931 0.98 
933 1.20 
935 0.99 
937 1.06 
939 0.92 
941 0.58 
943 0.60 
945 0.39 
947 0.77 
949 1.02 
950 0.90 
952 1.33 
954 0.89 
956 0.67 
958 0.87 
960 1.05 
960 0.03 
960 0.04 
960 0.03 
962 1.86 
964 1.31 
965 0.61 
967 0.83 
969 0.93 
971 1.70 
973 1.12 
975 0.66 
977 1.09 
979 0.85 
981 1.06 
982 0.99 
984 1.29 
986 0.84 
988 1.49 
990 1.02 
990 0.11 
990 0.05 
990 0.03 
991 1.03 
993 1.35 
995 1.07 
997 0.87 
999 1.79 
1001 1.45 
1003 1.02 
1004 0.89 
1006 0.83 
1008 0.96 
1010 1.31 
1012 1.14 
1014 0.72 
1015 0.67 
1017 0.65 
1019 1.09 
1020 0.07 
1020 0.05 
1020 0.03 
1022 1.12 
1024 1.39 
1026 1.39 
1028 0.99 
1029 1.00 
1031 0.64 
1033 0.82 
1035 0.94 
1037 0.73 
1039 0.97 
1041 0.72 
1042 1.17 
1044 1.32 
1046 1.54 
1048 1.44 
1050 0.69 
1050 0.05 
1050 0.05 
1050 0.03 
1051 0.77 
1053 1.16 
1055 1.24 
1057 1.18 
1059 0.99 
1060 1.10 
1062 1.32 
1064 0.66 
1066 1.36 
1068 1.14 
1070 0.95 
1072 0.61 
1074 1.27 
1076 1.28 
1077 0.91 
1079 0.85 
1080 0.11 
1080 0.02 
1080 0.07 
1082 1.09 
1084 0.47 
1085 0.73 
1087 0.39 
1089 1.39 
1091 1.12 
1093 1.18 
1095 1.31 
1097 1.35 
1099 1.43 
1101 0.85 
1103 0.84 
1104 0.78 
1106 0.76 
1108 0.94 
1110 0.80 
1110 0.03 
1110 0.03 
1110 0.04 
1112 0.64 
1113 1.44 
1115 0.95 
1117 0.75 
1119 1.30 
1121 0.72 
1123 1.00 
1125 1.60 
1126 0.84 
1128 0.98 
1130 1.17 
1132 0.55 
1134 0.89 
1136 0.88 
1137 0.88 
1139 0.98 
1140 0.07 
1140 0.05 
1140 0.05 
1141 0.40 
1143 2.60 
1145 0.59 
1147 0.60 
1149 1.20 
1150 1.16 
1152 1.15 
1154 1.11 
1156 0.88 
1158 0.76 
1160 1.20 
1162 0.89 
1164 1.76 
1165 1.22 
1167 0.53 
1169 0.93 
1170 0.08 
1170 0.03 
1170 0.04 
1171 0.41 
1173 1.29 
1175 1.44 
1177 1.72 
1179 1.52 
1181 1.28 
1183 1.27 
1185 1.10 
1186 0.83 
1188 1.06 
1190 0.66 
1192 1.11 
1194 0.88 
1196 0.95 
1197 0.86 
1199 0.86 
1200 0.03 
1200 0.04 
1200 0.02 
1201 1.84 
1203 1.71 
1205 0.82 
1207 0.99 
1209 0.82 
1211 0.87 
1212 0.70 
1214 0.61 
1216 1.11 
1218 0.82 
1220 0.84 
1222 0.71 
1224 0.74 
1225 0.49 
1227 0.68 
1229 0.72 
1230 0.05 
1230 0.03 
1230 0.07 
1231 0.41 
1233 1.05 
1235 0.65 
1237 0.77 
1239 1.02 
1241 0.72 
1243 0.94 
1244 0.70 
1246 1.32 
1248 1.10 
1250 0.69 
1252 0.88 
1254 0.37 
1256 0.72 
1257 0.80 
1259 1.24 
1260 0.06 
1260 0.04 
1260 0.04 
1261 0.49 
1263 1.53 
1265 1.18 
1267 0.68 
1269 1.01 
1270 1.01 
1272 1.21 
1274 1.31 
1276 1.20 
1278 1.10 
1280 0.93 
1282 1.23 
1284 0.96 
1286 1.55 
1288 0.81 
1290 0.47 
1290 0.10 
1290 0.08 
1290 0.04 
1292 1.16 
1294 1.13 
1295 0.86 
1297 1.02 
1299 0.96 
1301 0.75 
1303 0.85 
1305 0.77 
1307 0.96 
1309 1.09 
1311 1.20 
1313 1.02 
1315 0.98 
1317 0.72 
1318 0.68 
1320 0.47 
1320 0.05 
1320 0.03 
1320 0.04 
1321 0.88 
1323 0.99 
1325 1.08 
1327 1.67 
1329 1.04 
1331 1.15 
1333 1.47 
1335 0.79 
1337 0.59 
1339 0.83 
1340 0.54 
1342 0.51 
1344 0.75 
1346 0.57 
1348 0.64 
1350 0.55 
1350 0.07 
1350 0.05 
1350 0.05 
1352 1.20 
1354 1.14 
1355 0.85 
1357 0.87 
1359 0.66 
1361 0.50 
1363 0.37 
1365 0.64 
1367 1.15 
1368 1.14 
1370 0.88 
1372 0.66 
1374 1.16 
1376 0.82 
1378 1.04 
1380 0.39 
1380 0.03 
1380 0.05 
1380 0.05 
1381 0.66 
1383 0.90 
1385 1.00 
1387 1.08 
1389 0.75 
1391 0.65 
1393 0.52 
1394 1.14 
1396 1.18 
1398 1.09 
1400 1.05 
1402 0.83 
1404 1.09 
1406 0.57 
1408 0.66 
1410 1.24 
1410 0.05 
1410 0.04 
1410 0.06 
1411 0.75 
1413 1.27 
1415 0.73 
1417 1.14 
1419 0.74 
1421 1.45 
1423 0.89 
1424 1.02 
1426 0.53 
1428 1.11 
1430 0.86 
1432 1.10 
1434 0.51 
1436 0.55 
1438 0.59 
1440 0.66 
1440 0.07 
1440 0.03 
1440 0.04 
1441 0.95 
1443 0.53 
1445 0.64 
1447 0.69 
1449 0.48 
1451 0.87 
1453 0.43 
1454 0.27 
1456 1.37 
1458 1.39 
1460 0.68 
1462 0.47 
1464 0.44 
1466 0.56 
1468 1.12 
1470 1.15 
1470 0.05 
1470 0.04 
1470 0.06 
1471 0.82 
1473 0.93 
1475 0.91 
1477 1.01 
1479 0.77 
1481 0.63 
1483 0.89 
1485 1.03 
1487 0.84 
1489 0.63 
1491 0.93 
1493 1.23 
1495 0.60 
1497 0.85 
1499 0.88 
1500 0.25 
1500 0.05 
1500 0.07 
1502 0.76 
1503 0.49 
1505 1.51 
1507 0.80 
1509 0.36 
1511 0.68 
1513 0.45 
1515 0.68 
1517 0.67 
1519 0.60 
1521 0.70 
1523 0.90 
1524 0.81 
1526 0.52 
1528 0.45 
1530 0.63 
1530 0.06 
1530 0.03 
1530 0.04 
1532 1.02 
1534 0.99 
1536 0.65 
1538 0.65 
1540 0.64 
1542 0.81 
1544 0.58 
1545 0.58 
1547 1.10 
1549 0.64 
1551 0.73 
1553 0.65 
1555 0.96 
1557 0.96 
1559 0.86 
1560 0.04 
1560 0.03 
1560 0.04 
1561 0.67 
1563 0.64 
1565 0.44 
1567 0.91 
1569 0.79 
1571 0.74 
1573 0.64 
1575 1.05 
1577 0.86 
1579 0.61 
1581 1.30 
1582 0.33 
1584 0.64 
1586 0.31 
1588 0.46 
1590 0.26 
1590 0.02 
1590 0.05 
1590 0.05 
1592 1.43 
1594 0.91 
1596 1.23 
1598 0.88 
1600 0.71 
1602 0.66 
1604 0.73 
1606 1.15 
1608 0.94 
1610 0.57 
1611 0.58 
1613 0.64 
1615 0.49 
1617 0.98 
1619 0.47 
1620 0.03 
1620 0.04 
1620 0.02 
1622 1.21 
1624 0.79 
1626 0.97 
1628 1.17 
1630 0.68 
1632 0.73 
1634 0.32 
1636 0.76 
1638 0.85 
1640 0.85 
1641 0.59 
1643 0.44 
1645 0.25 
1647 1.00 
1649 0.94 
1650 0.07 
1650 0.11 
1650 0.06 
1652 0.81 
1653 0.93 
1655 0.91 
1657 0.76 
1659 0.73 
1661 0.72 
1663 0.82 
1665 0.71 
1667 0.51 
1669 0.35 
1671 0.98 
1673 0.62 
1675 0.57 
1677 0.44 
1679 0.84 
1680 0.26 
1680 0.08 
1680 0.05 
1680 0.04 
1681 0.51 
1683 0.76 
1685 0.63 
1687 0.85 
1689 0.60 
1691 0.81 
1693 0.74 
1695 0.54 
1697 0.47 
1699 0.45 
1701 0.47 
1703 0.58 
1705 0.58 
1707 0.54 
1709 0.69 
1710 0.07 
1710 0.06 
1710 0.07 
1712 0.51 
1714 0.44 
1716 0.95 
1718 0.72 
1720 0.69 
1722 0.54 
1724 0.43 
1726 0.53 
1728 0.54 
1730 0.55 
1732 0.68 
1734 0.69 
1736 0.42 
1738 0.53 
1740 0.68 
1740 0.03 
1740 0.04 
1740 0.04 
1742 0.73 
1744 0.25 
1746 0.69 
1748 0.53 
1750 0.56 
1751 0.84 
1753 0.39 
1755 0.71 
1757 0.40 
1759 0.42 
1761 0.32 
1763 0.30 
1765 0.22 
1766 0.17 
1768 0.37 
1770 0.24 
1770 0.14 
1770 0.02 
1770 0.04 
1771 0.56 
1773 0.58 
1775 0.75 
1777 0.68 
1779 0.64 
1781 0.44 
1783 0.36 
1785 0.89 
1787 0.67 
1789 0.41 
1791 0.35 
1793 0.26 
1795 0.39 
1797 0.59 
1799 0.50 
1800 0.08 
1800 0.07 
1800 0.02 
1802 0.71 
1804 0.52 
1806 1.36 
1808 0.64 
1810 0.70 
1812 0.54 
1814 0.59 
1816 0.75 
1818 0.75 
1820 0.75 
1822 0.25 
1823 1.44 
1825 0.70 
1827 0.72 
1829 0.70 
1830 0.03 
1830 0.04 
1830 0.03 
1831 0.48 
1833 0.74 
1835 0.61 
1837 0.85 
1839 0.75 
1841 0.63 
1843 0.51 
1845 0.65 
1847 0.63 
1849 0.54 
1851 0.32 
1853 0.48 
1855 0.59 
1857 0.88 
1859 0.25 
1860 0.17 
1860 0.03 
1860 0.03 
1860 0.04 
1861 0.65 
1863 0.42 
1865 0.57 
1867 0.47 
1869 0.48 
1871 1.04 
1873 0.56 
1875 0.51 
1877 0.43 
1879 0.46 
1881 0.63 
1883 0.58 
1885 0.60 
1887 0.63 
1889 0.42 
1890 0.07 
1890 0.05 
1890 0.08 
1892 1.47 
1894 0.53 
1896 0.47 
1898 0.55 
1900 0.65 
1902 0.67 
1904 0.63 
1906 0.70 
1908 0.71 
1910 0.37 
1912 0.33 
1914 0.47 
1916 0.65 
1918 0.25 
1920 0.63 
1920 0.04 
1920 0.07 
1920 0.04 
1922 0.70 
1924 0.31 
1925 0.16 
1927 0.21 
1929 0.28 
1931 0.32 
1933 0.42 
1935 0.34 
1937 0.46 
1939 0.54 
1941 0.30 
1943 0.41 
1945 0.28 
1947 0.36 
1949 0.57 
1950 0.05 
1950 0.04 
1950 0.02 
1952 0.37 
1954 0.24 
1956 0.37 
1958 0.19 
1960 0.26 
1962 0.67 
1964 0.27 
1966 0.84 
1968 0.43 
1970 0.32 
1972 0.19 
1974 0.45 
1976 0.41 
1978 0.35 
1980 0.63 
1980 0.05 
1980 0.05 
1980 0.03 
1982 0.51 
1984 0.28 
1986 0.24 
1988 0.30 
1990 0.34 
1992 0.37 
1994 0.45 
1996 0.23 
1998 0.51 
2000 0.17 
2002 0.46 
2004 0.42 
2005 0.46 
2007 0.13 
2009 0.25 
2010 0.03 
2010 0.13 
2010 0.05 
2011 0.26 
2013 0.46 
2015 0.34 
2017 0.53 
2019 0.33 
2021 0.40 
2023 0.24 
2025 0.36 
2027 0.38 
2029 0.30 
2031 0.23 
2033 0.40 
2035 0.47 
2037 0.51 
2039 0.50 
2040 0.02 
2040 0.04 
2040 0.04 
2041 0.41 
2043 0.15 
2045 0.40 
2047 0.24 
2049 0.47 
2051 0.54 
2053 0.25 
2055 0.38 
2057 0.48 
2059 0.40 
2061 0.33 
2063 0.24 
2065 0.26 
2067 0.37 
2069 0.32 
2070 0.09 
2070 0.02 
2070 0.05 
2072 0.40 
2074 0.44 
2076 0.26 
2078 0.26 
2080 0.99 
2082 0.51 
2084 0.47 
2086 0.57 
2088 0.26 
2090 0.29 
2092 0.29 
2094 0.41 
2096 0.22 
2098 0.27 
2100 0.30 
2100 0.03 
2100 0.07 
2100 0.05 
2102 1.02 
2104 0.28 
2106 0.39 
2108 0.60 
2110 0.25 
2111 0.18 
2113 0.89 
2115 0.36 
2117 0.29 
2119 0.40 
2121 0.46 
2123 0.40 
2125 0.27 
2127 0.24 
2129 0.58 
2130 0.06 
2130 0.03 
2130 0.03 
2132 0.37 
2134 0.34 
2136 0.25 
2138 0.34 
2140 0.63 
2142 0.41 
2144 0.24 
2146 0.24 
2148 0.37 
2150 0.31 
2152 0.30 
2154 0.82 
2156 0.40 
2158 0.32 
2160 0.75 
2160 0.08 
2160 0.03 
2160 0.04 
2162 0.66 
2163 0.56 
2165 0.98 
2167 0.58 
2169 0.56 
2171 0.19 
2173 0.36 
2175 0.36 
2177 0.27 
2179 0.49 
2181 0.54 
2183 0.36 
2185 0.44 
2187 0.78 
2189 0.68 
2190 0.54 
2190 0.07 
2190 0.09 
2190 0.04 
2192 0.46 
2194 0.35 
2196 0.37 
2198 0.50 
2200 0.69 
2202 0.65 
2204 0.44 
2205 0.22 
2207 0.60 
2209 0.48 
2211 0.27 
2213 0.51 
2215 0.22 
2217 0.46 
2219 0.41 
2220 0.11 
2220 0.07 
2220 0.04 
2222 0.51 
2223 0.57 
2225 0.84 
2227 0.39 
2229 0.75 
2231 0.46 
2233 0.78 
2235 0.54 
2237 0.43 
2239 0.90 
2241 0.38 
2243 0.34 
2245 0.44 
2247 0.62 
2249 0.33 
2250 0.12 
2250 0.04 
2250 0.08 
2252 0.67 
2254 0.69 
2256 0.50 
2258 0.36 
2260 0.59 
2261 0.60 
2263 0.31 
2265 0.34 
2267 0.38 
2269 0.50 
2271 0.46 
2273 0.53 
2275 0.39 
2277 0.66 
2279 0.35 
2280 0.13 
2280 0.05 
2280 0.10 
2280 0.03 
2282 0.73 
2284 0.94 
2286 0.44 
2288 0.85 
2290 0.69 
2292 0.70 
2294 0.71 
2295 0.47 
2297 1.02 
2299 0.31 
2301 0.48 
2303 0.33 
2305 0.61 
2307 0.82 
2309 0.37 
2310 0.05 
2310 0.04 
2310 0.04 
2311 0.49 
2313 0.98 
2315 0.67 
2317 0.53 
2319 0.56 
2321 1.03 
2323 0.52 
2325 0.54 
2327 0.39 
2329 0.61 
2331 0.61 
2333 0.58 
2335 0.65 
2337 0.39 
2339 0.80 
2340 0.18 
2340 0.03 
2340 0.04 
2340 0.04 
2342 0.88 
2344 0.47 
2346 0.38 
2347 0.27 
2349 0.64 
2351 0.79 
2353 0.24 
2355 0.57 
2357 0.97 
2359 0.45 
2361 0.89 
2363 0.57 
2365 0.52 
2367 0.54 
2369 0.29 
2370 0.07 
2370 0.06 
2370 0.08 
2372 0.90 
2374 0.59 
2376 0.57 
2378 0.64 
2380 0.55 
2382 0.57 
2384 0.76 
2386 0.48 
2388 0.47 
2389 0.64 
2391 0.61 
2393 0.33 
2395 0.34 
2397 0.44 
2399 0.31 
2400 0.04 
2400 0.06 
2400 0.05 
2401 0.31 
2403 1.24 
2405 0.95 
2407 1.03 
2409 0.75 
2411 1.01 
2413 0.69 
2415 1.14 
2417 0.84 
2419 0.86 
2421 1.18 
2423 0.44 
2425 0.96 
2427 1.34 
2429 0.73 
2430 0.03 
2430 0.09 
2430 0.06 
2432 1.17 
2434 1.08 
2436 0.50 
2437 0.44 
2439 0.35 
2441 0.61 
2443 0.78 
2445 0.73 
2447 0.46 
2449 0.48 
2450 1.00 
2452 0.25 
2454 0.53 
2456 0.59 
2458 0.91 
2460 0.93 
2460 0.03 
2460 0.05 
2460 0.05 
2462 0.76 
2464 0.46 
2466 0.89 
2468 0.85 
2469 0.73 
2471 0.52 
2473 0.83 
2475 0.61 
2477 0.49 
2479 0.80 
2481 0.75 
2483 0.65 
2485 0.53 
2487 0.61 
2489 0.53 
2490 0.47 
2490 0.06 
2490 0.04 
2490 0.04 
2491 0.84 
2493 0.82 
2495 1.35 
2497 1.00 
2499 0.65 
2501 0.49 
2503 0.96 
2505 0.72 
2507 0.78 
2509 0.67 
2510 0.55 
2512 0.59 
2514 0.28 
2516 0.56 
2518 0.72 
2520 0.33 
2520 0.05 
2520 0.05 
2520 0.03 
2521 1.36 
2523 0.45 
2525 0.84 
2527 0.58 
2529 0.90 
2531 0.63 
2533 0.66 
2535 0.65 
2537 0.35 
2539 1.23 
2541 0.70 
2543 0.54 
2544 0.77 
2546 1.05 
2548 0.64 
2550 0.74 
2550 0.04 
2550 0.05 
2550 0.06 
2552 1.23 
2554 0.93 
2556 0.70 
2558 1.21 
2560 0.70 
2562 0.69 
2563 0.45 
2565 1.05 
2567 0.73 
2569 0.75 
2571 0.44 
2573 0.68 
2575 0.87 
2577 0.54 
2579 0.76 
2580 0.07 
2580 0.03 
2580 0.04 
2582 1.03 
2584 0.86 
2586 0.84 
2588 0.93 
2590 0.84 
2592 0.89 
2593 1.07 
2595 0.35 
2597 0.75 
2599 0.54 
2601 1.15 
2603 0.64 
2605 0.59 
2607 0.42 
2609 0.75 
2610 0.22 
2610 0.03 
2610 0.03 
2610 0.05 
2611 0.88 
2613 1.22 
2615 0.42 
2617 0.75 
2619 0.90 
2621 0.83 
2623 0.45 
2625 1.22 
2627 0.99 
2628 0.77 
2630 0.55 
2633 0.78 
2635 0.52 
2637 0.82 
2639 1.60 
2640 0.19 
2640 0.03 
2640 0.10 
2642 1.43 
2644 0.75 
2645 0.95 
2647 1.15 
2649 0.80 
2651 0.81 
2653 0.58 
2655 0.80 
2657 0.68 
2659 0.63 
2661 0.92 
2662 0.74 
2664 1.19 
2666 0.61 
2668 0.98 
2670 0.62 
2670 0.03 
2670 0.06 
2670 0.05 
2672 1.35 
2674 0.87 
2676 1.25 
2678 1.59 
2680 1.17 
2682 0.94 
2684 0.84 
2686 0.90 
2688 1.16 
2689 1.06 
2691 0.62 
2693 0.49 
2695 0.78 
2697 0.91 
2699 0.56 
2700 0.42 
2700 0.08 
2700 0.03 
2700 0.06 
2701 0.76 
2703 0.60 
2705 0.66 
2707 1.25 
2709 0.83 
2711 1.04 
2713 0.77 
2714 0.53 
2716 0.99 
2718 0.74 
2720 0.92 
2722 1.73 
2724 0.71 
2726 0.49 
2728 0.65 
2730 0.57 
2730 0.04 
2730 0.02 
2730 0.07 
2731 1.09 
2733 1.96 
2735 1.09 
2737 0.88 
2739 0.53 
2741 0.83 
2743 1.19 
2745 1.35 
2747 0.82 
2749 0.57 
2751 0.57 
2753 1.11 
2755 1.12 
2757 1.23 
2758 1.17 
2760 0.37 
2760 0.11 
2760 0.06 
2760 0.05 
2761 0.88 
2763 0.78 
2765 1.48 
2767 1.38 
2769 0.97 
2771 0.94 
2773 0.65 
2774 0.84 
2776 0.58 
2778 0.89 
2780 0.58 
2782 0.53 
2783 0.59 
2785 0.48 
2787 1.11 
2789 1.05 
2790 0.03 
2790 0.05 
2790 0.08 
2791 0.57 
2793 1.04 
2795 1.53 
2797 0.74 
2799 0.47 
2801 0.50 
2803 0.91 
2805 1.14 
2806 1.37 
2808 0.85 
2810 0.90 
2812 1.31 
2814 0.85 
2816 0.66 
2818 0.71 
2820 0.45 
2820 0.03 
2820 0.05 
2820 0.08 
2821 1.04 
2823 1.13 
2825 1.32 
2827 0.98 
2829 0.68 
2831 1.04 
2833 0.55 
2835 1.22 
2837 0.87 
2839 1.14 
2840 0.91 
2842 0.74 
2844 1.61 
2846 1.19 
2848 0.58 
2850 0.36 
2850 0.03 
2850 0.06 
2850 0.04 
2851 0.33 
2853 1.41 
2855 1.46 
2857 1.24 
2859 0.67 
2861 0.59 
2862 0.65 
2864 0.46 
2866 0.59 
2868 0.71 
2870 1.05 
2872 1.11 
2874 0.77 
2876 0.83 
2878 1.17 
2880 1.07 
2880 0.04 
2880 0.03 
2880 0.12 
2882 0.94 
2883 1.19 
2885 1.02 
2887 0.89 
2889 0.53 
2891 1.45 
2893 1.50 
2895 1.17 
2897 1.62 
2899 1.48 
2900 0.84 
2902 1.34 
2904 0.88 
2906 1.21 
2908 1.32 
2910 0.87 
2910 0.03 
2910 0.04 
2910 0.05 
2911 1.16 
2913 0.83 
2915 1.10 
2917 1.50 
2918 0.91 
2920 0.89 
2922 0.96 
2924 1.55 
2926 0.87 
2927 0.40 
2929 0.63 
2931 0.87 
2933 1.40 
2935 0.57 
2937 0.40 
2939 0.79 
2940 0.30 
2940 0.09 
2940 0.03 
2940 0.04 
2941 0.64 
2943 1.33 
2945 0.93 
2947 1.06 
2949 1.33 
2951 1.20 
2953 1.26 
2954 0.95 
2956 1.11 
2958 0.88 
2960 0.93 
2962 0.73 
2964 1.47 
2966 1.18 
2967 0.90 
2969 0.85 
2970 0.03 
2970 0.03 
2970 0.04 
2971 0.11 
2973 1.61 
2975 0.81 
2977 0.90 
2979 0.89 
2981 1.05 
2982 0.71 
2984 1.25 
2986 1.12 
2988 0.98 
2990 1.40 
2992 1.81 
2994 0.82 
2996 0.58 
2998 0.77 
3000 1.02 
3000 0.04 
3000 0.02 
3000 0.06 
3001 0.83 
3003 2.04 
3005 1.55 
3007 1.25 
3009 0.70 
3011 1.27 
3013 1.37 
3015 1.13 
3017 0.65 
3018 0.79 
3020 0.88 
3022 1.12 
3024 1.43 
3026 0.47 
3028 0.63 
3030 0.74 
3030 0.04 
3030 0.04 
3030 0.03 
3031 0.76 
3033 1.91 
3035 1.63 
3037 1.54 
3039 1.33 
3041 1.13 
3043 1.00 
3045 0.92 
3047 0.58 
3048 0.93 
3050 0.84 
3052 1.32 
3054 0.89 
3056 0.66 
3058 0.58 
3060 1.22 
3060 0.03 
3060 0.03 
3060 0.06 
3061 1.16 
3063 0.83 
3065 1.10 
3067 0.78 
3068 1.02 
3070 0.90 
3072 0.69 
3074 0.98 
3076 1.07 
3078 0.98 
3079 0.82 
3081 0.77 
3083 1.39 
3085 1.62 
3087 1.09 
3089 1.00 
3090 0.04 
3090 0.03 
3090 0.06 
3091 0.89 
3093 1.03 
3095 1.01 
3097 1.08 
3099 1.89 
3101 0.95 
3102 0.83 
3104 0.88 
3106 1.19 
3108 1.20 
3110 1.06 
3112 1.65 
3114 1.20 
3116 1.59 
3118 0.61 
3119 0.98 
3120 0.03 
3120 0.05 
3120 0.05 
3122 1.19 
3124 1.39 
3126 1.80 
3128 0.63 
3130 0.58 
3132 0.72 
3133 1.34 
3135 0.49 
3137 1.24 
3139 0.97 
3141 0.63 
3143 1.08 
3145 0.56 
3147 0.42 
3148 0.33 
3150 0.79 
3150 0.02 
3150 0.04 
3150 0.04 
3152 0.76 
3154 0.81 
3156 1.20 
3158 1.14 
3159 1.00 
3161 0.78 
3163 1.34 
3165 1.06 
3167 1.24 
3169 1.77 
3171 0.79 
3173 1.58 
3175 1.57 
3177 0.54 
3179 0.99 
3180 0.06 
3180 0.20 
3180 0.03 
3181 0.66 
3183 0.52 
3185 1.15 
3187 1.59 
3189 0.82 
3191 1.20 
3193 1.05 
3195 0.57 
3197 1.21 
3198 0.81 
3200 1.26 
3202 1.29 
3204 0.70 
3206 1.07 
3208 0.59 
3210 0.99 
3210 0.04 
3210 0.07 
3210 0.03 
3211 1.11 
3213 1.54 
3215 0.60 
3217 0.63 
3219 1.11 
3221 0.90 
3223 1.49 
3224 1.06 
3226 0.96 
3228 1.23 
3230 0.81 
3232 1.19 
3234 1.65 
3236 1.89 
3238 0.74 
3240 0.47 
3240 0.06 
3240 0.04 
3240 0.06 
3241 1.13 
3243 1.26 
3245 0.86 
3247 1.16 
3249 0.78 
3251 1.40 
3252 0.55 
3254 0.92 
3256 1.23 
3258 0.52 
3260 0.75 
3262 1.58 
3264 1.01 
3266 1.58 
3268 1.26 
3269 1.23 
3270 0.03 
3270 0.05 
3270 0.05 
3271 1.06 
3273 1.24 
3275 1.10 
3277 0.94 
3279 0.94 
3281 0.80 
3282 0.93 
3284 0.75 
3286 0.68 
3288 0.92 
3290 0.88 
3292 1.19 
3294 0.90 
3296 0.96 
3298 1.24 
3300 1.89 
3300 0.04 
3300 0.07 
3300 0.05 
3301 1.06 
3303 1.48 
3305 0.72 
3307 0.50 
3309 1.01 
3311 1.00 
3313 0.68 
3315 0.48 
3316 0.64 
3318 1.10 
3320 0.70 
3322 0.75 
3324 0.66 
3326 0.96 
3327 0.63 
3329 0.91 
3330 0.07 
3330 0.04 
3330 0.05 
3332 1.74 
3334 0.92 
3335 1.43 
3337 1.65 
3339 1.18 
3341 1.04 
3343 1.50 
3345 1.16 
3347 0.95 
3349 1.16 
3351 0.75 
3353 0.98 
3355 1.19 
3357 1.05 
3359 0.65 
3360 0.46 
3360 0.09 
3360 0.04 
3360 0.05 
3361 0.95 
3363 1.17 
3365 0.90 
3367 0.76 
3369 0.64 
3371 0.85 
3372 0.50 
3374 0.44 
3376 0.87 
3378 0.60 
3380 1.02 
3382 0.88 
3384 0.46 
3386 0.74 
3388 0.50 
3390 0.55 
3390 0.05 
3390 0.03 
3390 0.05 
3391 1.42 
3393 0.74 
3395 1.00 
3397 0.60 
3399 0.79 
3401 0.80 
3403 0.78 
3405 0.74 
3407 0.70 
3409 1.22 
3411 1.04 
3413 1.52 
3415 0.34 
3417 0.73 
3418 0.47 
3420 0.33 
3420 0.07 
3420 0.03 
3420 0.06 
3422 0.54 
3424 0.91 
3426 0.73 
3428 0.84 
3429 0.76 
3431 0.56 
3433 0.68 
3435 0.76 
3437 0.87 
3439 0.83 
3441 1.35 
3443 0.60 
3445 0.69 
3447 0.62 
3449 0.81 
3450 0.16 
3450 0.04 
3450 0.04 
3450 0.04 
3452 0.83 
3454 0.63 
3456 1.27 
3458 0.76 
3460 0.79 
3461 0.47 
3463 0.58 
3465 0.69 
3467 0.41 
3469 0.81 
3471 1.12 
3473 0.72 
3475 1.17 
3477 0.67 
3479 0.67 
3480 0.14 
3480 0.04 
3480 0.05 
3481 1.46 
3483 0.92 
3485 0.98 
3487 0.89 
3489 0.46 
3491 0.35 
3493 0.54 
3495 0.59 
3497 1.38 
3499 1.01 
3501 0.91 
3503 0.85 
3505 0.83 
3507 0.83 
3508 0.51 
3510 0.27 
3510 0.07 
3510 0.03 
3510 0.04 
3512 0.88 
3514 0.95 
3516 1.05 
3518 1.01 
3520 0.43 
3522 0.80 
3524 1.14 
3526 0.48 
3528 1.10 
3530 1.15 
3532 0.63 
3533 0.32 
3535 0.56 
3537 0.44 
3539 0.79 
3540 0.05 
3540 0.04 
3540 0.11 
3542 1.19 
3544 0.69 
3546 0.75 
3548 0.61 
3549 0.44 
3551 0.99 
3553 0.54 
3555 1.45 
3557 0.60 
3559 0.46 
3561 0.74 
3563 0.59 
3565 0.60 
3567 0.57 
3569 1.22 
3570 0.25 
3570 0.05 
3570 0.03 
3570 0.04 
3571 0.56 
3573 1.44 
3575 1.52 
3577 1.09 
3579 1.05 
3581 1.10 
3583 0.74 
3585 1.61 
3587 1.26 
3589 1.04 
3591 0.84 
3593 0.36 
3595 0.38 
3597 0.33 
3598 0.27 
3600 0.34 
3600 0.05 
3600 0.05 
3600 0.03 
3601 0.41 
3603 0.71 
3605 0.76 
3607 0.61 
3609 0.58 
3611 0.66 
3613 0.69 
3615 0.53 
3617 0.64 
3619 0.94 
3621 0.42 
3623 0.52 
3624 0.40 
3626 0.59 
3628 0.47 
3630 0.41 
