2 98.42 
3 97.41 
5 104.01 
7 65.63 
9 60.02 
11 34.30 
13 42.29 
15 31.17 
17 32.88 
19 50.36 
21 67.11 
23 40.48 
25 32.87 
27 69.01 
29 61.30 
30 0.22 
30 0.25 
30 0.09 
32 101.60 
34 102.26 
36 102.04 
38 101.38 
40 77.10 
42 52.60 
43 30.87 
45 20.18 
47 14.46 
49 16.43 
51 26.91 
53 32.27 
55 12.89 
57 16.57 
59 35.79 
60 10.93 
60 0.12 
60 0.17 
60 0.11 
60 100.82 
62 102.67 
64 101.48 
66 93.12 
68 90.01 
70 80.74 
72 65.72 
74 54.34 
76 54.78 
78 36.48 
80 61.30 
82 35.15 
84 43.04 
86 22.36 
88 27.34 
90 73.66 
90 0.12 
90 0.14 
90 0.15 
92 93.70 
94 87.85 
95 84.91 
97 66.86 
99 66.24 
101 74.08 
103 39.54 
105 28.04 
107 22.26 
109 44.47 
111 50.67 
113 27.26 
115 49.59 
117 20.80 
119 28.65 
120 0.62 
120 0.12 
120 1.27 
121 102.59 
123 101.34 
125 102.03 
127 87.26 
129 77.05 
131 57.46 
133 45.68 
135 35.19 
137 26.27 
139 30.87 
141 63.15 
143 39.95 
145 39.81 
147 22.86 
149 54.51 
150 2.30 
150 0.12 
150 1.24 
152 101.52 
154 103.13 
156 99.91 
158 76.15 
160 46.27 
162 52.78 
164 43.76 
166 32.92 
168 27.62 
170 55.29 
172 35.56 
174 35.83 
176 26.08 
178 29.57 
180 53.33 
180 0.11 
180 0.15 
180 0.10 
180 102.47 
182 101.56 
184 92.60 
186 62.80 
188 57.79 
190 53.43 
192 82.17 
194 35.22 
196 49.02 
198 40.65 
200 22.80 
202 69.46 
204 49.50 
206 41.82 
208 26.54 
210 19.39 
210 0.13 
210 0.11 
210 0.15 
212 98.64 
214 99.05 
216 99.72 
217 85.28 
219 60.31 
221 31.25 
223 68.87 
225 53.32 
227 32.17 
229 24.79 
231 69.83 
233 54.48 
235 39.04 
237 22.50 
239 30.74 
240 0.20 
240 0.21 
240 0.67 
241 101.48 
243 100.78 
245 101.23 
247 101.83 
249 101.76 
251 102.68 
253 101.55 
255 101.18 
257 102.67 
259 102.25 
261 103.15 
263 90.80 
265 49.72 
267 30.94 
269 80.58 
270 37.09 
270 0.18 
270 2.01 
270 0.12 
270 99.98 
270 99.63 
272 104.01 
272 102.64 
274 101.28 
274 99.16 
275 74.62 
275 93.36 
277 63.64 
277 80.27 
279 71.71 
279 68.16 
281 73.05 
281 63.83 
283 48.82 
283 69.52 
285 46.64 
285 67.84 
287 27.28 
287 31.76 
289 50.93 
289 32.95 
291 27.81 
291 28.58 
293 73.47 
293 39.01 
295 39.12 
295 83.41 
297 21.42 
297 21.58 
299 21.01 
299 23.60 
300 0.21 
300 0.19 
300 0.16 
300 0.17 
300 0.18 
300 0.16 
301 96.55 
301 100.50 
303 86.73 
303 102.40 
305 86.63 
305 92.16 
307 64.84 
307 94.37 
309 66.53 
309 56.34 
311 70.48 
311 52.95 
313 65.29 
313 28.07 
315 13.28 
315 18.08 
317 26.07 
317 24.25 
319 15.90 
319 20.34 
321 20.60 
321 40.07 
322 16.51 
322 36.16 
324 24.74 
324 23.41 
326 12.99 
326 12.65 
328 20.50 
328 12.89 
330 18.94 
330 30.46 
330 0.14 
330 0.16 
330 0.10 
330 0.10 
330 0.13 
330 0.14 
330 99.16 
332 101.28 
334 101.66 
336 101.37 
338 101.14 
339 101.78 
341 102.66 
343 102.99 
345 103.17 
347 102.72 
349 102.76 
351 104.35 
353 103.51 
355 100.87 
357 101.53 
359 102.73 
360 100.08 
360 0.12 
360 0.06 
362 97.49 
362 101.81 
364 100.31 
364 101.38 
366 82.51 
366 102.59 
368 70.74 
368 102.45 
370 59.74 
370 102.62 
372 38.71 
372 103.99 
374 62.50 
374 102.18 
376 76.42 
376 102.80 
378 44.86 
378 102.62 
380 33.81 
380 87.63 
382 38.46 
382 62.91 
384 16.66 
384 101.38 
386 61.83 
386 102.42 
388 27.55 
388 100.94 
390 39.30 
390 102.76 
390 0.13 
390 15.19 
390 0.08 
390 0.11 
390 0.09 
390 0.12 
391 98.30 
391 80.37 
391 92.54 
393 56.72 
393 56.20 
393 72.69 
395 102.05 
395 78.37 
395 70.58 
397 102.24 
397 60.60 
397 55.04 
399 102.27 
399 86.42 
399 48.14 
401 104.79 
401 73.43 
401 53.34 
403 101.19 
403 58.85 
403 36.69 
405 102.51 
405 22.00 
405 18.01 
407 95.71 
407 25.54 
407 32.29 
409 101.14 
409 14.58 
409 28.52 
411 61.04 
411 49.42 
411 14.98 
413 67.93 
413 37.89 
413 28.28 
415 50.73 
415 34.77 
415 43.28 
417 78.91 
417 17.67 
417 23.90 
418 19.10 
418 22.32 
418 23.91 
420 9.32 
420 8.20 
420 6.10 
420 0.30 
420 0.20 
420 0.22 
420 2.26 
420 0.11 
420 1.20 
420 0.13 
420 0.13 
420 0.14 
420 99.74 
420 100.97 
420 102.72 
421 92.37 
421 92.08 
421 89.30 
423 102.57 
423 100.30 
423 103.78 
425 66.60 
425 92.91 
425 86.38 
427 83.66 
427 69.03 
427 80.72 
429 45.15 
429 47.66 
429 56.26 
431 37.28 
431 41.62 
431 48.97 
433 31.56 
433 31.96 
433 25.63 
435 22.31 
435 23.01 
435 31.70 
437 36.60 
437 46.38 
437 16.09 
439 31.39 
439 21.95 
439 20.58 
441 27.58 
441 23.08 
441 36.17 
443 33.90 
443 29.72 
443 21.46 
444 12.88 
444 18.34 
444 11.85 
446 19.01 
446 27.18 
446 25.18 
448 14.09 
448 15.41 
448 23.05 
450 48.87 
450 41.68 
450 8.49 
450 0.11 
450 0.09 
450 0.10 
450 1.62 
450 1.66 
450 2.60 
450 0.12 
450 0.13 
450 0.08 
450 103.57 
450 99.27 
450 99.35 
452 87.46 
452 102.42 
452 90.16 
454 103.04 
454 96.72 
454 101.44 
456 68.48 
456 81.16 
456 102.65 
458 50.60 
458 50.66 
458 103.01 
460 54.94 
460 46.22 
460 102.55 
462 37.41 
462 29.53 
462 101.78 
464 34.43 
464 30.00 
464 104.49 
466 32.77 
466 25.56 
466 101.73 
468 21.48 
468 24.29 
468 102.32 
470 31.88 
470 29.28 
470 98.31 
472 21.78 
472 20.01 
472 102.99 
474 19.13 
474 19.57 
474 93.53 
476 11.89 
476 15.61 
476 54.31 
478 21.43 
478 31.67 
478 48.93 
480 14.01 
480 19.02 
480 35.58 
480 0.09 
480 0.09 
480 0.16 
480 0.09 
480 0.10 
480 0.12 
480 0.10 
480 0.13 
480 0.12 
481 103.15 
481 103.47 
481 102.75 
483 101.57 
483 96.66 
483 100.79 
485 100.20 
485 60.91 
485 77.17 
487 75.38 
487 64.55 
487 104.79 
489 65.09 
489 56.00 
489 86.30 
491 62.21 
491 46.04 
491 56.89 
493 16.25 
493 17.34 
493 20.08 
495 35.90 
495 53.81 
495 31.63 
497 61.25 
497 38.48 
497 37.62 
499 19.45 
499 23.04 
499 31.75 
501 47.67 
501 23.25 
501 13.65 
503 28.95 
503 32.93 
503 26.39 
504 27.01 
504 31.16 
504 26.97 
506 36.72 
506 22.32 
506 35.67 
508 24.59 
508 31.68 
508 49.30 
510 11.11 
510 20.45 
510 9.21 
510 0.10 
510 0.11 
510 0.13 
510 0.23 
510 0.25 
510 0.25 
510 0.12 
510 0.41 
510 0.13 
510 102.11 
510 101.29 
510 101.34 
511 102.25 
511 104.83 
511 101.57 
513 104.27 
513 101.57 
513 89.53 
515 104.31 
515 66.51 
515 81.47 
517 101.07 
517 104.29 
517 83.37 
519 102.54 
519 79.11 
519 52.62 
521 103.55 
521 99.35 
521 52.57 
523 104.86 
523 54.79 
523 37.03 
525 99.33 
525 39.49 
525 26.02 
527 80.02 
527 19.78 
527 23.32 
529 53.98 
529 44.60 
529 24.72 
531 68.16 
531 35.26 
531 24.44 
533 29.37 
533 37.11 
533 41.28 
535 31.80 
535 26.85 
535 34.74 
537 33.02 
537 65.45 
537 42.50 
538 18.11 
538 27.39 
538 54.59 
540 5.73 
540 5.58 
540 6.11 
540 0.24 
540 0.25 
540 0.18 
540 0.98 
540 1.07 
540 0.15 
540 0.12 
540 0.14 
540 0.12 
540 101.06 
540 100.48 
540 102.25 
542 102.16 
542 98.74 
542 101.02 
544 101.97 
544 102.23 
544 80.37 
546 63.48 
546 91.75 
546 47.74 
548 60.96 
548 102.75 
548 51.45 
550 40.99 
550 95.62 
550 33.80 
551 38.79 
551 60.78 
551 64.34 
553 46.48 
553 47.82 
553 32.84 
555 29.49 
555 27.29 
555 51.62 
557 37.98 
557 40.08 
557 42.39 
559 19.06 
559 29.42 
559 45.16 
561 54.10 
561 35.33 
561 31.80 
563 59.99 
563 30.06 
563 34.76 
565 16.63 
565 19.66 
565 28.01 
567 26.89 
567 31.09 
567 37.05 
569 17.01 
569 19.59 
569 23.51 
570 5.52 
570 12.46 
570 7.28 
570 0.17 
570 0.15 
570 0.19 
570 0.96 
570 1.07 
570 1.07 
570 0.11 
570 0.10 
570 0.10 
570 101.28 
570 101.66 
570 100.85 
571 76.00 
571 89.00 
571 70.84 
573 91.41 
573 101.20 
573 69.76 
575 78.92 
575 104.20 
575 43.37 
577 64.68 
577 76.34 
577 58.39 
579 46.98 
579 53.97 
579 42.02 
581 73.53 
581 65.62 
581 55.13 
583 53.71 
583 43.63 
583 47.54 
584 55.24 
584 42.85 
584 44.40 
586 62.94 
586 58.34 
586 90.45 
588 27.66 
588 29.45 
588 36.12 
590 39.67 
590 22.91 
590 29.01 
592 23.40 
592 18.80 
592 21.37 
594 45.78 
594 18.13 
594 25.15 
596 28.20 
596 25.81 
596 29.23 
598 26.86 
598 31.40 
598 27.19 
600 71.07 
600 94.35 
600 42.17 
600 0.09 
600 0.11 
600 0.11 
600 1.05 
600 1.29 
600 1.60 
600 0.12 
600 0.09 
600 0.12 
600 102.62 
600 103.48 
600 99.66 
602 98.55 
602 96.83 
602 103.48 
604 99.35 
604 81.08 
604 95.84 
606 81.92 
606 87.83 
606 66.96 
608 66.39 
608 73.25 
608 52.40 
610 46.66 
610 59.97 
610 54.66 
612 48.99 
612 61.18 
612 49.53 
614 64.57 
614 57.05 
614 56.63 
616 49.89 
616 32.40 
616 38.84 
618 56.49 
618 63.27 
618 25.91 
620 38.55 
620 31.57 
620 28.38 
622 15.73 
622 22.04 
622 13.33 
624 35.18 
624 27.24 
624 38.13 
626 55.59 
626 70.89 
626 66.85 
627 35.83 
627 12.69 
627 23.64 
629 9.94 
629 9.95 
629 10.20 
630 0.21 
630 0.99 
630 0.19 
630 0.15 
630 0.15 
630 0.17 
630 0.11 
630 0.10 
630 0.14 
631 101.80 
631 102.23 
631 102.57 
633 92.32 
633 74.34 
633 96.22 
635 75.27 
635 38.45 
635 60.14 
637 35.23 
637 50.11 
637 37.65 
639 18.81 
639 43.65 
639 26.36 
641 25.49 
641 23.89 
641 37.40 
642 21.31 
642 23.52 
642 19.57 
644 24.38 
644 36.65 
644 26.61 
646 47.27 
646 32.71 
646 61.75 
648 25.76 
648 33.26 
648 22.88 
650 62.77 
650 31.39 
650 64.45 
652 72.31 
652 38.30 
652 35.29 
654 27.61 
654 23.03 
654 29.28 
656 23.02 
656 38.12 
656 26.22 
658 30.48 
658 48.60 
658 52.46 
660 27.22 
660 40.17 
660 34.89 
660 0.11 
660 0.10 
660 0.11 
660 1.01 
660 1.09 
660 1.02 
660 0.11 
660 0.11 
660 0.12 
660 101.54 
660 102.51 
660 101.41 
662 101.88 
662 101.47 
662 98.54 
664 103.59 
664 102.87 
664 98.67 
666 100.43 
666 104.06 
666 60.60 
668 70.23 
668 102.37 
668 56.62 
670 43.55 
670 103.34 
670 59.44 
671 55.15 
671 104.46 
671 44.52 
673 32.74 
673 98.18 
673 35.14 
675 65.51 
675 88.11 
675 38.57 
677 33.18 
677 98.74 
677 28.77 
679 29.08 
679 102.48 
679 43.69 
681 34.26 
681 98.87 
681 25.81 
683 23.13 
683 53.62 
683 40.00 
685 29.39 
685 33.07 
685 23.44 
687 29.69 
687 39.07 
687 32.89 
689 22.82 
689 47.86 
689 20.68 
690 5.22 
690 9.14 
690 5.71 
690 0.17 
690 0.17 
690 0.21 
690 1.67 
690 0.14 
690 0.20 
691 96.22 
691 84.76 
691 99.13 
693 93.61 
693 76.65 
693 60.39 
695 86.25 
695 72.75 
695 58.21 
697 50.94 
697 50.51 
697 53.09 
699 35.95 
699 40.13 
699 51.80 
701 46.29 
701 43.40 
701 57.42 
703 58.77 
703 36.98 
703 58.20 
705 26.77 
705 29.58 
705 46.22 
707 25.67 
707 25.48 
707 24.00 
708 15.82 
708 16.79 
708 22.87 
710 17.15 
710 16.27 
710 44.25 
712 12.72 
712 23.62 
712 14.01 
714 21.48 
714 36.21 
714 18.67 
716 21.24 
716 13.98 
716 10.82 
718 10.99 
718 24.63 
718 22.07 
720 31.36 
720 23.92 
720 21.93 
720 0.15 
720 0.11 
720 0.15 
720 0.15 
720 0.14 
720 0.20 
720 0.09 
720 0.10 
720 0.10 
721 102.81 
721 106.12 
723 101.06 
723 101.32 
725 102.39 
725 103.09 
727 101.76 
727 101.88 
729 69.26 
729 66.22 
731 59.20 
731 38.51 
733 45.24 
733 41.38 
735 47.48 
735 39.49 
737 90.95 
737 82.81 
739 44.14 
739 46.41 
740 47.42 
740 35.73 
742 44.41 
742 24.60 
744 27.01 
744 30.24 
746 82.84 
746 51.16 
748 30.19 
748 34.05 
750 30.54 
750 39.40 
750 0.11 
750 0.10 
750 1.28 
750 0.12 
750 0.10 
750 0.10 
750 101.95 
750 102.38 
752 102.14 
752 101.81 
754 102.29 
754 102.60 
756 101.70 
756 102.63 
758 102.56 
758 102.96 
759 104.59 
759 104.50 
761 95.85 
761 103.57 
763 68.59 
763 103.35 
765 28.97 
765 102.88 
767 64.60 
767 102.69 
769 49.45 
769 101.94 
771 45.84 
771 103.91 
773 39.30 
773 103.38 
774 45.71 
774 102.19 
776 9.75 
776 102.13 
778 18.91 
778 102.69 
780 28.13 
780 101.43 
780 0.13 
780 100.92 
780 0.18 
780 0.17 
780 0.13 
780 0.11 
781 99.57 
781 102.72 
781 98.77 
783 103.99 
783 103.10 
783 91.24 
785 102.64 
785 91.99 
785 79.75 
787 102.68 
787 81.44 
787 71.02 
789 103.33 
789 39.08 
789 52.14 
791 100.83 
791 59.53 
791 73.76 
793 102.90 
793 40.12 
793 73.06 
795 102.86 
795 48.49 
795 29.35 
797 103.75 
797 18.32 
797 32.69 
798 102.25 
798 27.72 
798 25.92 
800 103.23 
800 28.86 
800 20.24 
802 90.71 
802 16.64 
802 27.07 
804 80.82 
804 22.36 
804 49.41 
806 64.88 
806 19.98 
806 23.15 
808 99.96 
808 25.20 
808 22.29 
810 59.01 
810 41.23 
810 49.19 
810 0.12 
810 0.15 
810 0.44 
810 0.13 
810 0.09 
810 0.12 
810 0.11 
810 0.13 
810 0.13 
811 100.37 
811 100.04 
811 100.18 
813 101.49 
813 90.09 
813 90.79 
815 67.15 
815 54.37 
815 62.23 
817 79.24 
817 61.16 
817 55.41 
819 59.11 
819 52.09 
819 45.64 
821 77.24 
821 80.93 
821 59.41 
823 56.66 
823 68.44 
823 84.08 
825 37.13 
825 50.29 
825 53.49 
827 30.98 
827 30.73 
827 43.15 
828 28.78 
828 22.98 
828 32.57 
830 17.65 
830 11.79 
830 19.16 
832 13.75 
832 15.87 
832 13.01 
834 13.72 
834 14.71 
834 24.05 
836 67.92 
836 73.14 
836 47.18 
838 19.56 
838 19.60 
838 11.96 
839 18.73 
839 17.18 
839 21.65 
840 0.09 
840 0.10 
840 0.09 
840 0.20 
840 0.28 
840 0.30 
840 0.13 
840 0.37 
840 0.13 
841 101.03 
841 104.76 
843 94.31 
843 101.27 
845 104.35 
845 104.61 
847 88.15 
847 106.05 
849 66.23 
849 104.36 
851 54.33 
851 102.78 
853 35.17 
853 101.90 
854 66.96 
854 97.56 
856 75.11 
856 102.88 
858 29.01 
858 49.27 
860 39.46 
860 96.14 
862 45.68 
862 95.73 
864 46.47 
864 63.92 
866 59.63 
866 52.46 
867 91.93 
867 52.74 
869 15.27 
869 12.80 
870 0.18 
870 0.24 
870 0.11 
870 0.11 
870 0.13 
870 0.15 
872 102.52 
872 102.27 
874 101.43 
874 102.29 
876 102.60 
876 88.87 
878 105.85 
878 88.46 
879 101.76 
879 71.57 
881 103.05 
881 53.67 
883 104.23 
883 40.26 
885 102.72 
885 51.29 
887 104.23 
887 54.37 
889 103.46 
889 58.64 
891 95.55 
891 37.60 
893 51.38 
893 38.86 
895 35.65 
895 40.76 
897 56.91 
897 28.02 
898 40.93 
898 36.75 
900 37.24 
900 19.87 
900 0.09 
900 0.09 
900 0.10 
900 0.10 
900 0.13 
900 0.14 
900 101.85 
900 102.42 
901 101.25 
901 102.63 
903 101.90 
903 103.96 
905 102.23 
905 101.31 
907 90.08 
907 102.03 
909 87.57 
909 102.46 
911 62.59 
911 102.76 
913 54.49 
913 101.96 
915 49.16 
915 102.46 
916 68.16 
916 97.50 
918 40.14 
918 102.25 
920 45.59 
920 100.67 
922 81.23 
922 102.57 
924 52.10 
924 78.50 
926 45.50 
926 81.19 
928 43.72 
928 40.60 
930 43.62 
930 33.55 
930 0.10 
930 0.20 
930 0.18 
930 0.13 
930 0.11 
930 0.12 
931 101.14 
931 101.14 
933 101.83 
933 101.42 
935 102.78 
935 102.86 
937 101.90 
937 102.31 
939 102.80 
939 102.95 
941 103.54 
941 101.67 
943 101.83 
943 103.94 
945 104.18 
945 102.87 
947 104.80 
947 104.09 
949 100.29 
949 103.72 
950 63.15 
950 89.58 
952 61.18 
952 88.98 
954 50.25 
954 49.09 
956 20.00 
956 38.06 
958 28.19 
958 62.28 
960 46.97 
960 52.08 
960 0.11 
960 0.12 
960 1.02 
960 0.69 
960 0.12 
960 0.12 
960 101.03 
960 103.16 
961 103.49 
961 104.40 
963 101.68 
963 101.20 
965 101.76 
965 102.21 
967 103.79 
967 97.68 
968 78.28 
968 74.79 
970 83.06 
970 80.92 
972 54.99 
972 82.98 
974 58.76 
974 48.60 
976 74.64 
976 43.56 
978 61.42 
978 55.53 
980 65.11 
980 53.95 
982 63.32 
982 62.16 
983 41.49 
983 34.54 
985 75.95 
985 41.97 
987 55.12 
987 40.26 
989 39.63 
989 49.23 
990 0.13 
990 1.95 
990 0.20 
990 0.21 
990 1.19 
990 0.59 
992 101.36 
992 101.08 
993 102.24 
993 102.59 
995 101.67 
995 103.27 
997 80.61 
997 104.54 
999 81.86 
999 103.30 
1001 60.22 
1001 103.69 
1003 58.30 
1003 103.43 
1005 73.65 
1005 102.38 
1006 50.51 
1006 100.86 
1008 36.45 
1008 102.88 
1010 104.25 
1010 99.60 
1012 46.20 
1012 101.64 
1014 33.15 
1014 56.26 
1016 63.15 
1016 33.63 
1017 42.83 
1017 37.81 
1019 64.35 
1019 33.17 
1020 0.28 
1020 0.28 
1020 0.13 
1020 0.15 
1020 0.09 
1020 0.09 
1021 104.76 
1021 104.62 
1023 102.87 
1023 103.02 
1025 103.78 
1025 104.03 
1027 102.54 
1027 102.67 
1029 102.19 
1029 102.46 
1031 101.18 
1031 98.73 
1033 104.24 
1033 102.74 
1034 103.30 
1034 100.36 
1036 88.28 
1036 100.48 
1038 59.34 
1038 68.06 
1040 60.04 
1040 51.04 
1042 51.47 
1042 48.97 
1044 76.48 
1044 52.14 
1046 51.94 
1046 49.48 
1048 47.34 
1048 34.25 
1050 60.83 
1050 73.72 
1050 0.20 
1050 0.21 
1050 0.16 
1050 0.13 
1050 0.15 
1050 0.11 
1051 100.06 
1051 102.12 
1053 102.12 
1053 102.18 
1055 103.36 
1055 102.80 
1057 91.16 
1057 103.45 
1059 71.27 
1059 103.55 
1061 66.01 
1061 104.05 
1063 81.55 
1063 81.22 
1064 81.52 
1064 69.08 
1066 66.27 
1066 82.89 
1068 62.96 
1068 46.76 
1070 51.91 
1070 65.63 
1072 46.48 
1072 45.37 
1074 58.31 
1074 56.62 
1076 49.78 
1076 58.30 
1078 75.31 
1078 77.04 
1080 57.71 
1080 31.75 
1080 0.19 
1080 0.21 
1080 0.10 
1080 0.08 
1080 0.23 
1080 0.24 
1081 102.46 
1081 102.31 
1083 96.01 
1083 102.66 
1085 102.11 
1085 102.91 
1087 93.73 
1087 102.66 
1088 97.96 
1088 102.86 
1090 93.58 
1090 104.47 
1092 93.91 
1092 104.41 
1094 72.93 
1094 101.36 
1096 87.51 
1096 104.56 
1098 80.48 
1098 89.58 
1100 35.01 
1100 50.37 
1102 100.12 
1102 44.06 
1104 44.51 
1104 41.75 
1106 22.88 
1106 25.86 
1107 24.94 
1107 67.82 
1109 30.96 
1109 35.08 
1110 0.92 
1110 1.60 
1110 0.11 
1110 0.13 
1110 0.10 
1110 0.11 
1112 100.23 
1112 104.95 
1114 101.38 
1114 102.46 
1116 103.76 
1116 103.70 
1118 93.95 
1118 79.15 
1119 60.73 
1119 64.46 
1121 51.10 
1121 58.25 
1123 60.74 
1123 69.55 
1125 90.53 
1125 64.65 
1127 56.19 
1127 34.75 
1129 42.85 
1129 84.22 
1130 80.69 
1130 62.94 
1132 44.44 
1132 69.88 
1134 31.85 
1134 29.45 
1136 27.47 
1136 41.17 
1138 55.97 
1138 54.32 
1140 83.14 
1140 60.98 
1140 0.13 
1140 0.13 
1140 0.19 
1140 0.17 
1140 0.15 
1140 0.13 
1142 104.68 
1142 102.27 
1143 101.66 
1143 101.79 
1145 100.85 
1145 94.82 
1147 104.08 
1147 103.86 
1149 104.92 
1149 103.93 
1151 89.15 
1151 94.63 
1153 62.22 
1153 63.89 
1155 67.26 
1155 78.21 
1157 78.90 
1157 59.71 
1158 37.33 
1158 38.19 
1160 32.09 
1160 33.14 
1162 34.82 
1162 24.26 
1164 52.84 
1164 39.36 
1166 47.73 
1166 36.92 
1168 75.31 
1168 57.57 
1170 26.45 
1170 22.19 
1170 0.14 
1170 0.13 
1170 0.22 
1170 0.15 
1170 0.16 
1170 0.18 
1172 100.59 
1172 101.58 
1174 101.27 
1174 101.52 
1175 102.54 
1175 102.79 
1177 101.69 
1177 101.07 
1179 103.49 
1179 82.93 
1181 102.07 
1181 93.13 
1183 101.98 
1183 102.80 
1185 103.19 
1185 82.56 
1187 103.98 
1187 82.05 
1189 102.85 
1189 54.22 
1191 101.80 
1191 44.24 
1192 100.81 
1192 22.95 
1194 102.84 
1194 23.44 
1196 103.50 
1196 41.09 
1198 96.79 
1198 52.64 
1200 82.35 
1200 27.04 
1200 0.21 
1200 0.17 
1200 0.16 
1200 0.14 
1200 0.20 
1200 0.11 
1200 103.71 
1200 102.72 
1202 101.31 
1202 100.66 
1204 101.50 
1204 102.47 
1206 103.44 
1206 103.54 
1207 58.04 
1207 75.69 
1209 34.06 
1209 57.80 
1211 57.85 
1211 46.65 
1213 48.95 
1213 47.88 
1215 50.97 
1215 38.19 
1217 64.96 
1217 62.56 
1219 63.11 
1219 76.95 
1220 48.03 
1220 41.98 
1222 39.20 
1222 37.55 
1224 58.91 
1224 61.42 
1226 45.49 
1226 34.71 
1228 38.07 
1228 42.59 
1230 31.07 
1230 37.33 
1230 0.17 
1230 0.15 
1230 0.10 
1230 0.10 
1230 0.11 
1230 0.11 
1232 100.40 
1232 102.42 
1234 101.45 
1234 102.66 
1236 96.41 
1236 101.92 
1237 60.65 
1237 104.62 
1239 55.39 
1239 102.64 
1241 44.60 
1241 101.02 
1243 45.86 
1243 103.54 
1245 38.96 
1245 101.70 
1247 50.40 
1247 105.00 
1249 84.84 
1249 102.17 
1251 46.56 
1251 101.57 
1252 33.33 
1252 74.66 
1254 100.50 
1254 49.11 
1256 30.28 
1256 56.10 
1258 40.16 
1258 44.47 
1260 54.38 
1260 34.70 
1260 0.12 
1260 0.14 
1260 0.23 
1260 0.26 
1260 0.09 
1260 0.11 
1260 102.82 
1260 102.16 
1262 101.57 
1262 98.97 
1264 102.26 
1264 102.98 
1265 104.29 
1265 90.86 
1267 103.50 
1267 74.65 
1269 103.18 
1269 45.42 
1271 101.72 
1271 56.74 
1273 104.10 
1273 64.59 
1275 93.74 
1275 85.05 
1277 74.30 
1277 46.89 
1279 98.34 
1279 71.93 
1281 102.54 
1281 38.62 
1283 65.79 
1283 86.56 
1285 40.95 
1285 28.62 
1287 36.61 
1287 29.98 
1289 27.08 
1289 33.29 
1290 4.30 
1290 4.13 
1290 0.16 
1290 0.21 
1290 0.62 
1290 2.16 
1291 101.38 
1291 102.82 
1293 101.81 
1293 105.78 
1295 89.80 
1295 99.18 
1297 70.14 
1297 79.94 
1299 84.31 
1299 90.25 
1301 69.29 
1301 40.56 
1303 37.32 
1303 51.66 
1305 45.57 
1305 33.26 
1307 31.40 
1307 51.94 
1309 45.47 
1309 39.67 
1311 44.86 
1311 42.26 
1313 78.15 
1313 43.39 
1314 71.61 
1314 73.48 
1316 35.80 
1316 42.05 
1318 42.80 
1318 19.47 
1320 24.98 
1320 21.03 
1320 0.19 
1320 0.23 
1320 0.37 
1320 0.10 
1320 0.12 
1320 0.11 
1320 103.32 
1320 100.74 
1322 102.01 
1322 101.35 
1324 101.20 
1324 100.94 
1326 102.73 
1326 104.63 
1328 103.12 
1328 97.53 
1330 70.54 
1330 60.58 
1332 61.38 
1332 60.37 
1334 68.62 
1334 61.99 
1336 66.46 
1336 63.62 
1337 73.28 
1337 39.97 
1339 29.44 
1339 34.32 
1341 25.72 
1341 68.36 
1343 40.46 
1343 62.19 
1345 39.25 
1345 87.22 
1347 31.78 
1347 36.08 
1349 42.76 
1349 39.19 
1350 7.14 
1350 8.97 
1350 0.13 
1350 0.33 
1350 1.68 
1350 0.17 
1350 0.13 
1350 0.15 
1350 103.22 
1350 102.39 
1351 101.59 
1351 101.83 
1353 101.51 
1353 101.78 
1355 101.09 
1355 102.50 
1357 84.54 
1357 104.22 
1359 73.19 
1359 101.63 
1361 37.27 
1361 102.50 
1363 50.84 
1363 101.87 
1364 28.89 
1364 95.73 
1366 92.70 
1366 101.43 
1368 75.08 
1368 68.84 
1370 64.19 
1370 78.09 
1372 41.59 
1372 102.12 
1374 45.21 
1374 103.22 
1376 43.44 
1376 78.04 
1378 35.23 
1378 40.41 
1379 41.99 
1379 36.42 
1380 0.11 
1380 0.13 
1380 0.17 
1380 0.20 
1380 0.17 
1380 0.13 
1381 101.16 
1381 101.17 
1383 102.62 
1383 102.69 
1385 101.82 
1385 99.84 
1387 103.37 
1387 101.71 
1389 102.94 
1389 84.69 
1391 97.67 
1391 49.29 
1392 85.90 
1392 50.04 
1394 65.15 
1394 72.98 
1396 48.00 
1396 46.69 
1398 34.32 
1398 50.44 
1400 62.49 
1400 44.87 
1402 32.09 
1402 49.48 
1404 54.51 
1404 90.15 
1406 33.39 
1406 49.74 
1408 27.57 
1408 33.59 
1410 25.12 
1410 39.82 
1410 0.13 
1410 0.12 
1410 0.13 
1410 0.11 
1410 0.15 
1410 0.12 
1411 101.46 
1411 101.14 
1413 101.53 
1413 94.87 
1415 102.65 
1415 92.65 
1417 101.52 
1417 73.53 
1418 103.95 
1418 79.42 
1420 104.21 
1420 99.22 
1422 105.23 
1422 73.92 
1424 103.19 
1424 84.68 
1426 100.78 
1426 46.50 
1428 90.57 
1428 57.08 
1430 42.42 
1430 40.07 
1432 103.05 
1432 56.98 
1434 92.33 
1434 35.73 
1436 37.59 
1436 58.81 
1438 41.57 
1438 64.97 
1439 26.90 
1439 35.00 
1440 0.26 
1440 0.23 
1440 0.09 
1440 0.09 
1440 0.09 
1440 0.10 
1441 100.75 
1441 100.79 
1443 103.14 
1443 80.68 
1445 92.28 
1445 80.33 
1447 74.52 
1447 67.99 
1449 62.30 
1449 56.36 
1451 49.71 
1451 58.39 
1453 33.80 
1453 62.67 
1454 22.86 
1454 41.05 
1456 44.63 
1456 39.60 
1458 59.10 
1458 42.08 
1460 77.59 
1460 38.17 
1462 36.33 
1462 97.09 
1464 28.20 
1464 14.13 
1466 41.01 
1466 50.30 
1468 37.31 
1468 31.07 
1470 34.10 
1470 28.72 
1470 0.21 
1470 0.21 
1470 0.16 
1470 0.22 
1470 0.13 
1470 0.14 
1472 101.93 
1472 100.63 
1473 103.52 
1473 87.46 
1475 103.15 
1475 102.13 
1477 102.10 
1477 95.65 
1479 70.00 
1479 69.94 
1481 52.78 
1481 82.07 
1483 36.17 
1483 76.15 
1485 38.44 
1485 49.55 
1487 33.74 
1487 39.10 
1489 25.00 
1489 58.98 
1491 34.13 
1491 33.81 
1493 48.14 
1493 40.50 
1495 37.33 
1495 33.13 
1497 83.88 
1497 38.26 
1499 50.58 
1499 80.53 
1500 18.83 
1500 11.14 
1500 0.13 
1500 0.13 
1500 0.24 
1500 3.40 
1502 99.67 
1502 97.96 
1504 103.04 
1504 91.49 
1506 103.19 
1506 101.55 
1508 95.37 
1508 77.88 
1509 100.69 
1509 62.42 
1511 42.67 
1511 55.63 
1513 55.82 
1513 31.26 
1515 43.25 
1515 35.55 
1517 26.90 
1517 47.52 
1519 37.55 
1519 25.35 
1521 70.53 
1521 97.81 
1523 51.02 
1523 79.66 
1525 41.16 
1525 39.29 
1527 52.95 
1527 21.31 
1528 26.39 
1528 25.11 
1530 20.48 
1530 23.58 
1530 0.13 
1530 0.21 
1530 0.10 
1530 1.16 
1530 0.13 
1530 0.13 
1530 103.10 
1530 101.63 
1531 102.27 
1531 102.41 
1533 103.59 
1533 102.61 
1535 101.77 
1535 101.78 
1537 102.05 
1537 101.44 
1539 103.30 
1539 69.90 
1541 80.85 
1541 65.32 
1543 47.04 
1543 38.61 
1545 39.83 
1545 28.43 
1547 33.25 
1547 39.65 
1549 50.81 
1549 50.03 
1551 42.97 
1551 43.82 
1553 76.92 
1553 44.04 
1555 41.54 
1555 63.12 
1557 25.85 
1557 74.13 
1559 32.79 
1559 82.54 
1560 2.50 
1560 4.84 
1560 0.17 
1560 0.13 
1560 1.25 
1560 0.08 
1562 88.40 
1562 104.46 
1563 98.84 
1563 102.70 
1565 61.87 
1565 95.36 
1567 74.70 
1567 76.78 
1569 73.33 
1569 74.07 
1571 91.60 
1571 61.66 
1573 54.90 
1573 53.98 
1575 64.46 
1575 43.48 
1577 65.86 
1577 33.78 
1579 55.84 
1579 27.53 
1581 68.73 
1581 37.56 
1583 25.33 
1583 35.43 
1585 49.16 
1585 51.17 
1587 26.00 
1587 21.10 
1589 28.03 
1589 13.88 
1590 4.04 
1590 11.44 
1590 0.10 
1590 0.12 
1590 0.24 
1590 0.28 
1590 0.12 
1590 0.13 
1590 101.57 
1590 103.18 
1591 101.80 
1591 101.32 
1593 103.07 
1593 102.40 
1595 103.96 
1595 104.10 
1597 103.09 
1597 101.16 
1599 101.68 
1599 103.40 
1601 104.52 
1601 61.20 
1603 102.67 
1603 40.85 
1605 102.02 
1605 38.06 
1607 104.32 
1607 48.42 
1609 102.27 
1609 57.35 
1611 101.93 
1611 37.23 
1613 101.88 
1613 40.62 
1615 101.95 
1615 27.59 
1617 101.98 
1617 31.92 
1619 103.20 
1619 74.98 
1620 101.62 
1620 5.36 
1620 100.70 
1620 0.09 
1620 101.28 
1620 0.88 
1620 102.02 
1620 0.12 
1620 101.38 
1620 102.50 
1622 102.21 
1622 102.23 
1624 102.91 
1624 102.13 
1626 100.10 
1626 98.63 
1628 95.36 
1628 96.24 
1630 66.85 
1630 63.53 
1631 32.55 
1631 42.36 
1633 25.48 
1633 34.61 
1635 28.59 
1635 23.79 
1637 34.30 
1637 34.46 
1639 75.45 
1639 72.18 
1641 63.88 
1641 45.03 
1643 17.92 
1643 26.30 
1645 32.48 
1645 25.38 
1647 35.16 
1647 34.15 
1649 85.36 
1649 83.61 
1650 17.04 
1650 25.38 
1650 0.08 
1650 0.09 
1650 0.20 
1650 0.19 
1651 102.89 
1651 104.96 
1653 103.07 
1653 101.70 
1655 102.34 
1655 95.34 
1657 103.38 
1657 93.89 
1659 102.91 
1659 68.11 
1661 103.37 
1661 80.04 
1663 102.59 
1663 55.32 
1665 97.91 
1665 58.78 
1667 88.05 
1667 29.04 
1669 41.01 
1669 29.55 
1671 48.91 
1671 85.32 
1672 70.78 
1672 53.51 
1674 102.59 
1674 26.69 
1676 104.01 
1676 48.54 
1678 54.98 
1678 36.95 
1680 20.13 
1680 25.43 
1680 0.13 
1680 0.10 
1680 2.93 
1680 0.16 
1680 0.13 
1680 0.12 
1680 103.01 
1680 102.40 
1682 106.33 
1682 102.31 
1684 104.01 
1684 102.65 
1686 93.20 
1686 94.70 
1688 68.16 
1688 102.16 
1690 77.15 
1690 97.67 
1692 43.55 
1692 49.49 
1694 39.33 
1694 21.28 
1696 22.59 
1696 32.99 
1698 26.45 
1698 25.47 
1700 27.63 
1700 39.30 
1702 29.36 
1702 22.57 
1704 35.65 
1704 45.13 
1706 46.74 
1706 24.32 
1708 35.95 
1708 31.26 
1710 24.15 
1710 28.50 
1710 0.17 
1710 0.12 
1710 0.19 
1710 0.19 
1710 0.24 
1710 0.17 
1712 102.00 
1712 102.46 
1714 102.53 
1714 102.81 
1716 93.14 
1716 97.16 
1718 83.27 
1718 89.95 
1720 70.97 
1720 63.78 
1722 53.63 
1722 50.27 
1724 47.37 
1724 45.71 
1726 32.50 
1726 40.11 
1728 59.34 
1728 54.82 
1730 29.45 
1730 17.89 
1732 31.27 
1732 24.62 
1734 22.98 
1734 23.10 
1736 26.74 
1736 21.77 
1738 33.98 
1738 21.20 
1740 25.32 
1740 33.02 
1740 0.18 
1740 0.18 
1740 0.15 
1740 0.16 
1740 0.16 
1740 0.12 
1742 83.46 
1742 103.61 
1743 64.15 
1743 96.68 
1745 65.44 
1745 97.61 
1747 82.24 
1747 77.54 
1749 90.02 
1749 56.39 
1751 73.62 
1751 63.89 
1753 44.11 
1753 34.36 
1755 38.08 
1755 19.58 
1757 32.17 
1757 30.94 
1759 37.95 
1759 18.76 
1761 14.20 
1761 15.04 
1763 7.02 
1763 12.22 
1765 30.11 
1765 26.38 
1766 8.28 
1766 32.42 
1768 21.69 
1768 26.53 
1770 15.66 
1770 23.30 
1770 0.19 
1770 0.17 
1770 0.08 
1770 0.10 
1770 0.10 
1770 0.12 
1770 101.10 
1770 101.75 
1771 99.95 
1771 103.00 
1773 102.48 
1773 103.18 
1775 100.98 
1775 101.87 
1777 103.33 
1777 97.72 
1779 92.22 
1779 94.60 
1781 91.39 
1781 46.14 
1783 46.81 
1783 32.24 
1785 32.47 
1785 32.53 
1787 37.47 
1787 30.01 
1789 24.43 
1789 23.11 
1791 34.19 
1791 25.03 
1793 21.02 
1793 22.46 
1795 24.53 
1795 19.49 
1797 18.70 
1797 60.70 
1799 43.14 
1799 33.72 
1800 0.14 
1800 4.47 
1800 0.20 
1800 0.19 
1800 0.09 
1800 0.56 
1802 100.15 
1802 99.86 
1804 103.94 
1804 85.10 
1806 96.54 
1806 103.32 
1808 88.90 
1808 79.92 
1810 65.61 
1810 82.20 
1812 62.42 
1812 53.04 
1814 64.81 
1814 41.32 
1816 49.23 
1816 34.09 
1818 64.85 
1818 29.34 
1820 22.92 
1820 15.58 
1822 15.65 
1822 15.68 
1824 37.75 
1824 76.67 
1826 26.67 
1826 40.06 
1828 42.71 
1828 42.28 
1829 18.32 
1829 29.61 
1830 0.08 
1830 0.08 
1830 0.10 
1830 0.09 
1830 0.10 
1830 0.10 
1831 101.56 
1831 101.66 
1833 102.58 
1833 102.35 
1835 102.37 
1835 102.53 
1837 88.61 
1837 93.30 
1839 101.98 
1839 84.55 
1841 101.95 
1841 39.95 
1843 102.41 
1843 36.74 
1845 86.30 
1845 38.94 
1847 62.11 
1847 61.78 
1849 34.94 
1849 28.34 
1851 21.48 
1851 46.80 
1853 21.24 
1853 25.66 
1855 15.48 
1855 16.54 
1857 40.05 
1857 15.73 
1859 26.33 
1859 24.43 
1860 5.83 
1860 3.76 
1860 0.12 
1860 0.10 
1860 0.11 
1860 0.18 
1862 102.43 
1864 102.58 
1866 102.46 
1868 100.00 
1870 79.99 
1872 75.90 
1874 74.39 
1875 55.87 
1877 28.82 
1879 32.08 
1881 57.42 
1883 35.14 
1885 54.72 
1887 80.38 
1889 20.86 
1890 0.23 
1890 0.12 
1890 0.75 
1892 102.32 
1894 102.42 
1896 101.73 
1898 102.41 
1900 102.73 
1902 103.48 
1904 101.87 
1906 102.39 
1908 95.13 
1910 84.72 
1912 54.04 
1914 43.43 
1916 95.38 
1918 67.64 
1920 63.61 
1920 0.12 
1920 0.11 
1920 0.17 
1920 103.59 
1922 88.52 
1924 99.95 
1926 59.98 
1928 73.45 
1930 60.63 
1931 49.80 
1933 69.78 
1935 42.76 
1937 44.13 
1939 38.42 
1941 39.91 
1943 35.07 
1945 25.41 
1947 48.86 
1949 70.84 
1950 0.35 
1950 0.20 
1950 0.10 
1951 101.44 
1953 102.58 
1955 96.93 
1957 85.81 
1959 63.29 
1961 51.59 
1963 37.84 
1965 42.08 
1967 31.20 
1969 31.13 
1971 43.30 
1973 49.55 
1975 33.33 
1977 33.36 
1979 53.25 
1980 0.41 
1980 0.11 
1980 0.44 
1982 101.31 
1984 101.40 
1986 81.15 
1988 94.14 
1990 62.24 
1992 42.12 
1994 41.93 
1996 29.59 
1998 27.30 
2000 23.55 
2002 50.05 
2004 48.63 
2006 21.54 
2007 36.39 
2009 29.05 
2010 0.14 
2010 0.25 
2010 0.16 
2012 103.05 
2014 101.56 
2016 65.57 
2018 73.59 
2020 56.30 
2021 53.12 
2023 28.78 
2025 22.08 
2027 30.55 
2029 28.67 
2031 91.44 
2033 45.85 
2035 41.61 
2037 34.89 
2039 29.44 
2040 0.15 
2040 0.17 
2040 1.08 
2041 99.43 
2043 101.50 
2045 90.89 
2047 65.46 
2049 65.32 
2051 69.89 
2053 32.25 
2055 53.07 
2057 41.12 
2059 32.31 
2061 23.04 
2063 35.31 
2065 50.70 
2067 46.70 
2069 24.10 
2070 33.10 
2070 0.11 
2070 1.03 
2072 100.69 
2074 100.97 
2076 74.40 
2078 61.99 
2080 55.67 
2082 58.02 
2084 42.48 
2086 46.48 
2088 46.78 
2090 21.30 
2092 31.12 
2094 21.69 
2096 27.21 
2098 30.33 
2100 59.29 
2100 0.13 
2100 0.18 
2100 0.21 
2100 105.33 
2102 102.08 
2104 89.14 
2106 99.03 
2108 77.54 
2110 46.98 
2112 52.15 
2114 60.86 
2116 47.65 
2118 25.06 
2120 28.70 
2122 53.08 
2124 66.36 
2126 34.00 
2128 56.09 
2130 73.33 
2130 0.14 
2130 0.08 
2130 0.11 
2132 101.87 
2134 101.96 
2136 92.29 
2138 77.52 
2140 66.62 
2142 64.08 
2144 55.67 
2146 53.34 
2148 37.93 
2150 59.85 
2152 33.30 
2154 42.97 
2156 46.21 
2158 30.35 
2160 61.55 
2160 0.22 
2160 0.11 
2160 0.23 
2162 103.55 
2163 102.40 
2165 98.89 
2167 101.86 
2169 80.27 
2171 41.16 
2173 40.57 
2175 79.64 
2177 31.22 
2179 42.04 
2181 73.30 
2183 58.93 
2185 31.03 
2187 84.65 
2189 66.99 
2190 5.41 
2190 0.21 
2190 0.37 
2192 102.15 
2194 99.84 
2196 102.56 
2198 103.05 
2200 100.84 
2202 103.55 
2204 102.87 
2206 102.53 
2207 102.11 
2209 76.80 
2211 49.72 
2213 46.83 
2215 28.44 
2217 28.78 
2219 55.96 
2220 1.82 
2220 0.16 
2220 0.11 
2222 102.93 
2224 89.41 
2226 101.76 
2228 103.51 
2230 99.91 
2232 90.77 
2234 62.11 
2236 86.50 
2238 62.45 
2239 69.99 
2241 38.18 
2243 34.76 
2245 36.71 
2247 50.70 
2249 30.78 
2250 3.75 
2250 0.11 
2250 1.29 
2252 101.64 
2254 102.37 
2256 102.32 
2258 101.77 
2260 100.87 
2262 78.14 
2264 51.55 
2265 60.54 
2267 45.50 
2269 52.79 
2271 60.95 
2273 56.21 
2275 36.63 
2277 44.99 
2279 41.48 
2280 5.37 
2280 0.10 
2280 1.99 
2282 101.16 
2284 102.12 
2286 101.48 
2288 100.05 
2290 69.06 
2292 55.68 
2294 60.60 
2296 47.26 
2298 85.70 
2300 53.58 
2302 38.84 
2304 43.90 
2305 48.74 
2307 37.04 
2309 29.93 
2310 0.25 
2310 0.14 
2310 0.71 
2311 103.12 
2313 101.78 
2315 101.51 
2317 94.37 
2319 63.59 
2321 79.01 
2323 60.90 
2325 103.88 
2327 61.63 
2329 38.18 
2331 23.56 
2333 28.28 
2335 72.48 
2337 101.84 
2339 55.29 
2340 29.65 
2340 0.08 
2340 0.13 
2340 0.12 
2340 101.54 
2342 101.65 
2344 102.67 
2346 102.06 
2347 99.64 
2349 80.12 
2351 71.70 
2353 64.71 
2355 44.93 
2357 103.39 
2359 85.50 
2361 61.28 
2363 31.28 
2365 62.77 
2367 88.82 
2369 17.54 
2370 4.50 
2370 0.18 
2370 2.05 
2372 101.93 
2374 101.83 
2376 103.01 
2378 92.71 
2380 74.57 
2382 69.67 
2384 74.43 
2386 61.03 
2388 41.84 
2389 43.20 
2391 32.05 
2393 19.06 
2395 55.47 
2397 85.07 
2399 48.46 
2400 14.92 
2400 0.16 
2400 0.12 
2401 102.93 
2403 102.30 
2405 102.80 
2407 102.18 
2409 102.00 
2411 103.02 
2413 97.49 
2415 90.11 
2417 88.52 
2419 99.70 
2421 67.41 
2423 97.30 
2425 55.53 
2427 88.37 
2429 55.56 
2430 4.19 
2430 0.19 
2430 2.08 
2432 103.59 
2432 102.38 
2434 101.76 
2434 102.49 
2436 76.80 
2436 83.34 
2437 32.46 
2437 45.38 
2439 22.84 
2439 42.62 
2441 42.00 
2441 41.24 
2443 68.77 
2443 76.29 
2445 36.84 
2445 34.41 
2447 30.19 
2447 26.35 
2449 70.14 
2449 28.65 
2450 34.98 
2450 29.50 
2452 23.48 
2452 29.12 
2454 33.07 
2454 35.02 
2456 69.85 
2456 54.81 
2458 44.52 
2458 37.10 
2460 55.53 
2460 47.41 
2460 0.10 
2460 0.10 
2460 0.22 
2460 0.17 
2460 0.13 
2460 0.09 
2462 101.12 
2462 100.79 
2464 76.27 
2464 102.54 
2466 97.23 
2466 101.76 
2468 100.35 
2468 103.96 
2470 73.24 
2470 54.38 
2471 39.23 
2471 46.87 
2473 64.25 
2473 58.42 
2475 46.91 
2475 37.91 
2477 38.50 
2477 54.84 
2479 63.41 
2479 58.29 
2481 41.46 
2481 58.93 
2483 83.30 
2483 35.80 
2485 22.19 
2485 43.34 
2487 48.07 
2487 49.15 
2489 30.67 
2489 27.20 
2490 8.08 
2490 7.23 
2490 0.14 
2490 0.11 
2490 1.36 
2490 0.11 
2490 0.11 
2490 0.12 
2490 101.91 
2490 101.66 
2491 103.02 
2491 102.44 
2493 102.16 
2493 100.34 
2495 101.62 
2495 101.44 
2497 102.65 
2497 97.47 
2499 102.02 
2499 95.53 
2501 94.61 
2501 60.96 
2503 99.03 
2503 56.39 
2505 57.65 
2505 42.78 
2507 32.90 
2507 27.08 
2509 39.14 
2509 70.95 
2510 30.50 
2510 12.98 
2512 28.30 
2512 13.04 
2514 51.68 
2514 28.80 
2516 34.24 
2516 25.75 
2518 32.73 
2518 29.46 
2520 28.52 
2520 14.14 
2520 0.19 
2520 0.26 
2520 0.19 
2520 0.21 
2520 0.09 
2520 0.11 
2522 99.31 
2522 101.78 
2524 102.20 
2524 101.91 
2526 102.06 
2526 101.76 
2528 102.38 
2528 103.00 
2530 102.95 
2530 102.43 
2532 103.23 
2532 103.21 
2533 102.12 
2533 91.38 
2535 101.36 
2535 57.50 
2537 95.18 
2537 28.19 
2539 78.55 
2539 68.24 
2541 49.42 
2541 58.76 
2543 68.42 
2543 62.26 
2545 61.02 
2545 39.09 
2547 30.98 
2547 48.63 
2549 57.54 
2549 34.75 
2550 101.93 
2550 36.29 
2550 67.28 
2550 0.07 
2550 0.32 
2550 0.32 
2550 0.11 
2550 0.13 
2550 101.89 
2550 101.44 
2551 102.48 
2551 102.24 
2553 102.61 
2553 102.77 
2555 101.96 
2555 97.96 
2557 102.83 
2557 87.40 
2559 102.23 
2559 43.25 
2561 103.36 
2561 68.98 
2563 102.68 
2563 48.17 
2565 102.95 
2565 32.09 
2567 92.55 
2567 40.12 
2569 103.23 
2569 84.64 
2571 58.41 
2571 24.93 
2573 82.14 
2573 41.11 
2574 56.16 
2574 34.98 
2576 40.56 
2576 37.52 
2578 30.23 
2578 51.87 
2580 47.54 
2580 43.04 
2580 0.12 
2580 0.10 
2580 0.67 
2580 1.41 
2580 0.12 
2580 0.11 
2580 104.74 
2580 103.55 
2582 101.66 
2582 100.69 
2584 101.89 
2584 105.14 
2586 104.92 
2586 104.19 
2588 95.92 
2588 100.58 
2590 64.15 
2590 100.76 
2592 61.98 
2592 96.64 
2594 44.81 
2594 38.34 
2596 71.81 
2596 39.18 
2598 44.96 
2598 31.92 
2600 59.67 
2600 62.47 
2602 27.34 
2602 77.00 
2603 19.88 
2603 22.98 
2605 28.74 
2605 21.18 
2607 20.07 
2607 17.24 
2609 22.21 
2609 23.40 
2610 0.71 
2610 0.42 
2610 0.15 
2610 0.17 
2610 1.22 
2610 1.27 
2612 100.37 
2612 101.70 
2614 103.09 
2614 102.42 
2615 99.75 
2615 80.51 
2617 87.58 
2617 68.33 
2619 103.28 
2619 81.22 
2621 89.23 
2621 53.62 
2623 46.05 
2623 44.57 
2625 45.74 
2625 98.89 
2627 50.27 
2627 62.83 
2629 38.14 
2629 41.21 
2631 49.19 
2631 23.35 
2633 37.84 
2633 38.58 
2635 33.17 
2635 23.73 
2636 24.73 
2636 26.24 
2638 25.75 
2638 30.37 
2640 16.56 
2640 53.14 
2640 0.08 
2640 0.10 
2640 0.24 
2640 0.19 
2640 0.12 
2640 0.13 
2640 103.48 
2640 101.07 
2641 102.39 
2641 102.12 
2643 102.27 
2643 102.74 
2645 80.36 
2645 101.26 
2647 89.73 
2647 103.12 
2649 87.47 
2649 103.70 
2651 76.70 
2651 101.63 
2653 51.85 
2653 102.54 
2654 37.22 
2654 83.03 
2656 51.96 
2656 58.38 
2658 37.06 
2658 56.07 
2660 43.12 
2660 58.72 
2662 33.18 
2662 38.82 
2664 41.25 
2664 32.47 
2666 29.27 
2666 45.63 
2668 44.61 
2668 27.26 
2670 49.91 
2670 29.35 
2670 0.14 
2670 0.12 
2670 0.22 
2670 0.18 
2670 0.12 
2670 0.10 
2672 101.46 
2672 100.26 
2674 101.91 
2674 101.16 
2676 101.83 
2676 104.17 
2678 91.58 
2678 91.92 
2680 59.25 
2680 79.49 
2681 47.08 
2681 44.66 
2683 44.59 
2683 48.52 
2685 67.29 
2685 76.60 
2687 76.92 
2687 61.41 
2689 45.46 
2689 46.85 
2691 23.99 
2691 30.17 
2693 32.81 
2693 20.21 
2695 34.02 
2695 37.03 
2697 33.01 
2697 26.43 
2698 20.56 
2698 19.40 
2700 15.10 
2700 14.08 
2700 0.16 
2700 0.18 
2700 0.07 
2700 1.20 
2700 0.11 
2700 0.14 
2700 105.33 
2700 102.36 
2702 97.77 
2702 100.48 
2704 102.30 
2704 95.37 
2706 104.35 
2706 91.33 
2708 103.24 
2708 72.34 
2710 103.42 
2710 69.64 
2711 102.83 
2711 73.41 
2713 104.36 
2713 45.40 
2715 103.44 
2715 73.68 
2717 102.20 
2717 32.78 
2719 103.00 
2719 86.59 
2721 103.10 
2721 54.01 
2723 85.00 
2723 89.19 
2725 29.92 
2725 34.55 
2727 35.15 
2727 57.08 
2728 32.49 
2728 28.23 
2730 31.63 
2730 9.22 
2730 0.13 
2730 0.13 
2730 0.12 
2730 0.11 
2730 0.13 
2730 0.12 
2730 100.98 
2730 100.84 
2731 106.66 
2731 101.21 
2733 102.81 
2733 101.17 
2735 104.76 
2735 102.86 
2737 103.57 
2737 93.54 
2739 93.45 
2739 41.47 
2741 102.47 
2741 72.56 
2743 103.33 
2743 47.62 
2745 91.19 
2745 80.85 
2747 66.48 
2747 64.87 
2749 52.36 
2749 43.24 
2750 30.25 
2750 48.12 
2752 47.01 
2752 73.14 
2754 65.54 
2754 56.45 
2756 43.42 
2756 35.53 
2758 60.28 
2758 37.47 
2760 55.92 
2760 29.66 
2760 0.17 
2760 0.18 
2760 0.23 
2760 0.45 
2760 0.13 
2760 0.12 
2760 100.87 
2760 101.37 
2761 101.51 
2761 101.04 
2763 100.61 
2763 98.47 
2765 96.23 
2765 94.51 
2767 100.59 
2767 101.19 
2769 99.01 
2769 86.58 
2771 59.28 
2771 41.60 
2772 52.89 
2772 44.18 
2774 52.31 
2774 55.93 
2776 49.76 
2776 40.35 
2778 29.72 
2778 68.27 
2780 25.15 
2780 41.18 
2782 29.59 
2782 22.48 
2783 80.58 
2783 24.98 
2785 54.68 
2785 31.17 
2787 66.66 
2787 42.06 
2789 53.43 
2789 34.80 
2790 0.10 
2790 0.12 
2790 0.18 
2790 0.27 
2790 0.17 
2790 0.19 
2791 102.78 
2791 102.94 
2793 102.35 
2793 102.21 
2795 103.53 
2795 99.86 
2797 97.19 
2797 85.82 
2799 88.52 
2799 51.44 
2801 45.25 
2801 49.91 
2803 81.52 
2803 73.13 
2805 48.60 
2805 78.62 
2807 103.95 
2807 84.20 
2809 101.75 
2809 65.85 
2810 103.82 
2810 69.68 
2812 60.55 
2812 48.54 
2814 61.08 
2814 44.97 
2816 65.35 
2816 23.81 
2818 17.86 
2818 23.29 
2820 26.90 
2820 15.43 
2820 0.08 
2820 0.08 
2820 0.15 
2820 0.13 
2820 0.18 
2820 0.12 
2822 101.26 
2822 101.01 
2824 102.36 
2824 102.89 
2826 102.38 
2826 102.55 
2827 105.76 
2827 105.02 
2829 69.71 
2829 103.76 
2831 59.27 
2831 104.40 
2833 44.14 
2833 104.71 
2835 94.28 
2835 103.34 
2837 45.54 
2837 102.01 
2839 34.94 
2839 103.31 
2841 57.46 
2841 104.88 
2843 52.81 
2843 81.52 
2845 38.55 
2845 53.89 
2847 62.26 
2847 43.12 
2849 58.68 
2849 39.29 
2850 40.19 
2850 54.16 
2850 0.07 
2850 0.08 
2850 0.28 
2850 0.23 
2850 0.14 
2850 0.12 
2850 105.40 
2850 105.51 
2851 102.32 
2851 102.34 
2853 102.52 
2853 102.85 
2855 103.78 
2855 104.59 
2857 104.07 
2857 100.01 
2859 86.84 
2859 44.05 
2861 90.17 
2861 41.52 
2863 50.86 
2863 52.84 
2865 12.13 
2865 15.60 
2866 33.45 
2866 34.48 
2868 54.79 
2868 67.53 
2870 93.51 
2870 55.25 
2872 86.92 
2872 44.02 
2874 59.09 
2874 105.30 
2876 52.88 
2876 46.78 
2878 44.71 
2878 33.87 
2880 47.17 
2880 34.58 
2880 0.07 
2880 0.09 
2880 0.11 
2880 0.11 
2880 0.14 
2880 0.15 
2880 101.45 
2880 104.81 
2882 102.87 
2882 102.74 
2884 96.98 
2884 102.97 
2886 103.01 
2886 102.47 
2887 93.91 
2887 105.22 
2889 62.70 
2889 98.99 
2891 72.82 
2891 104.68 
2893 70.22 
2893 104.31 
2895 67.94 
2895 103.29 
2897 83.85 
2897 105.68 
2899 57.30 
2899 101.21 
2901 81.15 
2901 79.40 
2903 70.61 
2903 74.56 
2905 56.90 
2905 59.90 
2907 63.45 
2907 94.49 
2909 46.73 
2909 78.94 
2910 13.71 
2910 17.83 
2910 0.08 
2910 0.12 
2910 0.18 
2910 0.71 
2910 0.14 
2910 0.15 
2910 103.68 
2910 102.58 
2911 101.71 
2911 101.30 
2913 98.57 
2913 102.68 
2915 100.36 
2915 103.26 
2917 98.19 
2917 105.02 
2919 79.93 
2919 90.95 
2921 67.43 
2921 74.74 
2922 49.41 
2922 60.56 
2924 71.04 
2924 61.19 
2926 39.16 
2926 46.62 
2928 69.66 
2928 23.59 
2930 35.40 
2930 36.67 
2932 32.72 
2932 30.38 
2934 44.61 
2934 44.51 
2935 47.59 
2935 33.88 
2937 20.93 
2937 22.45 
2939 16.24 
2939 14.57 
2940 0.17 
2940 0.37 
2940 0.29 
2940 0.27 
2940 1.30 
2940 2.24 
2942 101.95 
2942 101.21 
2944 102.52 
2944 101.43 
2946 103.81 
2946 102.88 
2947 79.30 
2947 100.69 
2949 59.32 
2949 73.98 
2951 75.46 
2951 73.84 
2953 53.43 
2953 67.46 
2955 58.03 
2955 58.46 
2957 51.19 
2957 52.26 
2959 57.10 
2959 51.06 
2961 44.97 
2961 73.04 
2963 30.91 
2963 26.94 
2964 27.57 
2964 45.12 
2966 56.62 
2966 54.62 
2968 54.19 
2968 46.76 
2970 36.60 
2970 23.80 
2970 0.10 
2970 0.10 
2970 0.12 
2970 0.09 
2970 0.11 
2970 0.10 
2972 102.16 
2972 101.02 
2974 103.11 
2974 102.39 
2975 101.77 
2975 102.04 
2977 104.42 
2977 104.64 
2979 102.47 
2979 102.48 
2981 102.11 
2981 103.04 
2983 90.52 
2983 103.67 
2985 101.94 
2985 103.61 
2987 104.01 
2987 85.93 
2989 104.79 
2989 59.33 
2991 102.69 
2991 73.73 
2993 86.24 
2993 56.15 
2994 48.58 
2994 36.67 
2996 88.81 
2996 100.07 
2998 78.94 
2998 38.88 
3000 82.32 
3000 49.68 
3000 0.11 
3000 0.13 
3000 0.10 
3000 0.10 
3000 0.11 
3000 0.13 
3000 104.90 
3000 102.30 
3002 102.41 
3002 101.26 
3004 101.80 
3004 103.53 
3006 102.42 
3006 101.55 
3008 101.74 
3008 102.57 
3009 94.49 
3009 100.16 
3011 102.87 
3011 103.43 
3013 86.97 
3013 93.72 
3015 75.24 
3015 70.18 
3017 31.77 
3017 67.97 
3019 34.90 
3019 29.18 
3021 33.54 
3021 48.69 
3023 40.94 
3023 46.32 
3024 21.20 
3024 20.28 
3026 24.61 
3026 29.30 
3028 32.16 
3028 28.82 
3030 76.96 
3030 86.33 
3030 0.10 
3030 0.11 
3030 0.15 
3030 0.15 
3030 0.12 
3030 0.14 
3030 101.77 
3030 100.28 
3032 101.42 
3032 101.75 
3034 101.15 
3034 101.23 
3036 101.41 
3036 99.98 
3038 103.19 
3038 103.82 
3040 101.76 
3040 102.94 
3042 100.54 
3042 104.46 
3044 72.93 
3044 102.65 
3045 55.23 
3045 102.98 
3047 30.68 
3047 102.11 
3049 57.88 
3049 102.57 
3051 41.74 
3051 102.87 
3053 82.28 
3053 102.20 
3055 44.27 
3055 102.53 
3057 27.81 
3057 102.17 
3058 46.98 
3058 103.11 
3060 15.06 
3060 103.03 
3060 0.10 
3060 100.52 
3060 0.08 
3060 99.94 
3060 0.13 
3060 102.50 
3060 100.56 
3060 95.51 
3060 96.46 
3062 99.77 
3062 99.33 
3062 96.00 
3064 84.28 
3064 93.09 
3064 90.69 
3066 71.63 
3066 67.77 
3066 97.78 
3067 64.39 
3067 66.47 
3067 75.99 
3069 60.97 
3069 78.91 
3069 86.44 
3071 51.41 
3071 70.12 
3071 64.21 
3073 50.06 
3073 52.92 
3073 41.63 
3075 42.42 
3075 56.97 
3075 43.14 
3077 73.87 
3077 73.62 
3077 34.81 
3078 45.72 
3078 64.89 
3078 31.65 
3080 23.35 
3080 41.52 
3080 29.61 
3082 73.70 
3082 64.16 
3082 85.15 
3084 54.67 
3084 84.58 
3084 55.94 
3086 27.81 
3086 52.56 
3086 34.36 
3088 35.09 
3088 27.91 
3088 20.37 
3090 36.05 
3090 23.35 
3090 29.34 
3090 0.25 
3090 0.27 
3090 0.20 
3090 0.14 
3090 0.15 
3090 0.15 
3090 0.15 
3090 0.12 
3090 0.11 
3091 100.98 
3091 94.79 
3091 98.91 
3093 103.34 
3093 98.32 
3093 78.74 
3095 97.23 
3095 82.64 
3095 80.91 
3097 102.30 
3097 99.79 
3097 82.26 
3099 95.49 
3099 85.12 
3099 39.91 
3101 77.51 
3101 57.18 
3101 48.38 
3102 47.98 
3102 74.94 
3102 56.91 
3104 27.46 
3104 34.52 
3104 61.05 
3106 44.50 
3106 42.90 
3106 76.33 
3108 29.94 
3108 43.06 
3108 26.58 
3110 29.18 
3110 75.14 
3110 28.79 
3112 33.34 
3112 39.23 
3112 55.81 
3114 33.40 
3114 48.55 
3114 28.64 
3116 40.87 
3116 40.10 
3116 41.03 
3118 15.32 
3118 19.16 
3118 25.07 
3119 54.13 
3119 29.05 
3119 27.63 
3120 0.12 
3120 0.06 
3120 0.07 
3120 0.28 
3120 0.14 
3120 0.13 
3120 0.21 
3120 0.21 
3120 0.20 
3121 94.98 
3121 101.67 
3121 100.77 
3123 102.17 
3123 103.80 
3123 92.31 
3125 105.06 
3125 97.01 
3125 78.56 
3127 84.67 
3127 95.52 
3127 103.17 
3129 85.73 
3129 81.88 
3129 76.46 
3131 57.69 
3131 58.31 
3131 57.52 
3133 46.04 
3133 28.48 
3133 31.49 
3135 42.40 
3135 39.70 
3135 32.10 
3137 49.07 
3137 70.53 
3137 72.96 
3138 38.81 
3138 33.27 
3138 73.78 
3140 18.22 
3140 23.85 
3140 26.87 
3142 26.02 
3142 39.89 
3142 41.81 
3144 28.73 
3144 31.73 
3144 55.06 
3146 15.44 
3146 22.73 
3146 59.70 
3148 33.77 
3148 30.36 
3148 24.58 
3150 26.25 
3150 25.48 
3150 25.66 
3150 0.18 
3150 0.20 
3150 0.21 
3150 0.20 
3150 0.19 
3150 0.21 
3150 0.12 
3150 0.13 
3150 0.15 
3151 87.28 
3151 83.84 
3151 97.55 
3153 102.51 
3153 89.39 
3153 101.90 
3155 99.60 
3155 101.63 
3155 99.21 
3157 100.67 
3157 102.98 
3157 96.56 
3159 69.48 
3159 103.25 
3159 55.91 
3161 51.45 
3161 101.63 
3161 63.54 
3163 54.30 
3163 102.78 
3163 41.91 
3165 60.26 
3165 102.70 
3165 47.07 
3167 90.09 
3167 103.67 
3167 36.57 
3169 48.59 
3169 101.46 
3169 40.62 
3171 38.95 
3171 102.37 
3171 41.14 
3173 24.42 
3173 102.66 
3173 45.66 
3175 27.25 
3175 96.08 
3175 21.11 
3176 32.64 
3176 75.71 
3176 35.87 
3178 27.28 
3178 82.79 
3178 35.71 
3180 20.20 
3180 18.83 
3180 27.32 
3180 0.32 
3180 0.19 
3180 0.16 
3180 1.94 
3180 1.15 
3180 0.57 
3180 0.13 
3180 0.14 
3180 0.13 
3180 103.41 
3180 99.52 
3180 101.09 
3182 75.66 
3182 75.67 
3182 52.17 
3184 69.95 
3184 46.64 
3184 101.08 
3186 68.79 
3186 71.28 
3186 105.65 
3188 103.81 
3188 87.03 
3188 93.13 
3190 93.76 
3190 74.80 
3190 71.36 
3192 92.23 
3192 83.44 
3192 66.32 
3193 69.45 
3193 55.10 
3193 43.02 
3195 42.19 
3195 44.34 
3195 44.11 
3197 29.38 
3197 64.63 
3197 29.04 
3199 46.37 
3199 47.30 
3199 36.43 
3201 26.77 
3201 33.51 
3201 26.87 
3203 51.90 
3203 40.76 
3203 40.12 
3205 22.89 
3205 66.27 
3205 35.32 
3207 22.76 
3207 22.97 
3207 70.15 
3209 18.14 
3209 26.14 
3209 21.71 
3210 8.28 
3210 8.89 
3210 10.85 
3210 0.12 
3210 0.16 
3210 0.15 
3210 1.08 
3210 0.62 
3210 1.08 
3210 0.12 
3210 0.12 
3210 0.31 
3210 99.64 
3210 102.86 
3210 102.71 
3211 101.56 
3211 101.52 
3211 102.21 
3213 100.45 
3213 102.75 
3213 103.52 
3215 92.08 
3215 102.43 
3215 90.77 
3217 77.75 
3217 55.67 
3217 57.40 
3219 40.39 
3219 42.17 
3219 40.85 
3221 42.83 
3221 40.07 
3221 42.98 
3222 47.79 
3222 44.20 
3222 65.60 
3224 40.48 
3224 60.70 
3224 61.32 
3226 26.48 
3226 42.29 
3226 25.92 
3228 33.09 
3228 24.74 
3228 33.75 
3230 58.28 
3230 50.79 
3230 44.79 
3232 80.81 
3232 35.42 
3232 29.29 
3234 54.12 
3234 44.82 
3234 37.76 
3236 38.80 
3236 54.79 
3236 43.48 
3238 32.80 
3238 32.36 
3238 40.20 
3240 19.14 
3240 30.47 
3240 12.83 
3240 0.15 
3240 0.18 
3240 0.12 
3240 0.16 
3240 0.22 
3240 0.18 
3240 0.13 
3240 0.13 
3240 0.13 
3242 99.62 
3242 99.17 
3242 95.24 
3244 102.31 
3244 86.05 
3244 88.50 
3246 101.33 
3246 52.10 
3246 95.15 
3248 67.80 
3248 40.71 
3248 50.86 
3250 69.51 
3250 85.34 
3250 72.73 
3251 49.28 
3251 60.04 
3251 42.39 
3253 46.29 
3253 35.10 
3253 66.94 
3255 42.79 
3255 68.08 
3255 39.19 
3257 45.66 
3257 49.66 
3257 43.81 
3259 29.45 
3259 33.67 
3259 39.60 
3261 29.01 
3261 42.72 
3261 40.45 
3263 27.10 
3263 28.11 
3263 66.07 
3265 20.38 
3265 19.61 
3265 18.54 
3267 35.38 
3267 36.47 
3267 60.11 
3268 27.36 
3268 24.03 
3268 21.84 
3270 13.85 
3270 30.25 
3270 14.89 
3270 0.15 
3270 0.13 
3270 0.11 
3270 0.10 
3270 0.11 
3270 0.10 
3270 0.13 
3270 0.13 
3270 0.12 
3270 101.42 
3270 100.78 
3270 100.33 
3271 102.01 
3271 102.15 
3271 101.42 
3273 99.77 
3273 99.00 
3273 100.83 
3275 67.81 
3275 79.81 
3275 83.75 
3277 53.30 
3277 55.94 
3277 48.89 
3279 63.57 
3279 63.54 
3279 66.31 
3281 55.23 
3281 68.65 
3281 53.77 
3283 39.94 
3283 42.63 
3283 45.15 
3285 28.31 
3285 18.56 
3285 50.39 
3286 28.43 
3286 48.60 
3286 22.45 
3288 23.72 
3288 52.88 
3288 59.46 
3290 33.41 
3290 31.61 
3290 18.61 
3292 30.50 
3292 33.25 
3292 34.33 
3294 41.73 
3294 68.77 
3294 52.85 
3296 61.86 
3296 57.16 
3296 66.65 
3298 30.47 
3298 31.02 
3298 63.88 
3300 47.68 
3300 41.11 
3300 32.92 
3300 0.14 
3300 0.13 
3300 0.13 
3300 0.12 
3300 0.15 
3300 0.13 
3300 0.11 
3300 0.12 
3300 0.13 
3302 101.86 
3302 105.66 
3302 101.37 
3304 92.32 
3304 103.16 
3304 90.63 
3306 67.45 
3306 103.12 
3306 78.24 
3307 50.99 
3307 101.40 
3307 70.71 
3309 41.80 
3309 102.32 
3309 61.38 
3311 45.59 
3311 103.49 
3311 48.09 
3313 68.01 
3313 104.06 
3313 34.89 
3315 32.59 
3315 103.77 
3315 30.84 
3317 29.16 
3317 81.72 
3317 22.15 
3319 22.85 
3319 98.80 
3319 27.78 
3320 20.02 
3320 84.79 
3320 24.22 
3322 21.69 
3322 40.41 
3322 27.09 
3324 22.03 
3324 40.05 
3324 46.99 
3326 21.25 
3326 41.73 
3326 21.32 
3328 22.91 
3328 91.12 
3328 23.69 
3330 24.54 
3330 104.75 
3330 28.80 
3330 0.17 
3330 0.19 
3330 0.19 
3330 0.19 
3330 0.75 
3330 0.23 
3330 0.11 
3330 0.09 
3330 0.11 
3331 101.21 
3331 100.39 
3331 101.25 
3333 98.06 
3333 102.91 
3333 103.77 
3335 89.36 
3335 83.51 
3335 101.08 
3337 104.73 
3337 87.45 
3337 103.51 
3339 90.73 
3339 59.29 
3339 105.47 
3341 63.60 
3341 45.69 
3341 103.50 
3343 54.13 
3343 56.69 
3343 102.59 
3345 92.20 
3345 47.76 
3345 104.01 
3347 32.14 
3347 21.17 
3347 100.80 
3349 31.88 
3349 21.46 
3349 101.35 
3351 66.04 
3351 36.31 
3351 88.53 
3353 54.72 
3353 41.16 
3353 51.70 
3355 37.64 
3355 48.52 
3355 75.07 
3356 44.56 
3356 28.01 
3356 32.74 
3358 28.76 
3358 17.50 
3358 26.97 
3360 8.78 
3360 39.16 
3360 15.25 
3360 0.16 
3360 0.21 
3360 0.17 
3360 0.25 
3360 1.60 
3360 1.10 
3360 0.20 
3360 0.13 
3360 0.14 
3360 102.39 
3360 102.66 
3360 103.36 
3362 91.72 
3362 95.56 
3362 103.67 
3364 104.91 
3364 101.60 
3364 89.07 
3366 73.41 
3366 67.05 
3366 54.28 
3367 66.95 
3367 61.71 
3367 33.34 
3369 64.99 
3369 58.82 
3369 48.97 
3371 42.75 
3371 31.60 
3371 27.77 
3373 30.47 
3373 51.03 
3373 49.50 
3375 23.36 
3375 30.97 
3375 44.77 
3377 40.74 
3377 39.55 
3377 33.22 
3379 27.85 
3379 39.13 
3379 35.43 
3381 74.52 
3381 32.31 
3381 26.65 
3383 22.52 
3383 60.98 
3383 76.26 
3385 17.51 
3385 13.62 
3385 35.70 
3387 37.38 
3387 23.27 
3387 30.31 
3388 16.50 
3388 15.00 
3388 10.89 
3390 9.15 
3390 10.00 
3390 67.81 
3390 0.18 
3390 0.14 
3390 0.15 
3390 0.10 
3390 0.09 
3390 0.08 
3390 0.14 
3390 0.13 
3390 0.16 
3390 102.91 
3390 100.79 
3390 100.24 
3391 101.37 
3391 101.31 
3391 100.50 
3393 68.49 
3393 105.36 
3393 104.40 
3395 101.65 
3395 89.26 
3395 100.83 
3397 104.36 
3397 80.79 
3397 89.46 
3399 101.47 
3399 55.42 
3399 98.33 
3401 104.12 
3401 51.98 
3401 77.03 
3403 102.27 
3403 25.47 
3403 38.93 
3405 101.87 
3405 73.26 
3405 36.88 
3407 102.23 
3407 61.40 
3407 24.38 
3409 102.68 
3409 42.08 
3409 33.25 
3411 63.65 
3411 36.72 
3411 31.05 
3413 103.67 
3413 43.66 
3413 26.44 
3415 28.53 
3415 13.98 
3415 15.03 
3417 45.78 
3417 21.72 
3417 22.52 
3418 102.62 
3418 14.90 
3418 10.72 
3420 101.17 
3420 5.27 
3420 4.94 
3420 29.49 
3420 0.17 
3420 0.17 
3420 1.20 
3420 1.03 
3420 1.31 
3420 0.16 
3420 0.14 
3420 0.14 
3420 101.98 
3420 101.83 
3420 101.14 
3421 99.62 
3421 72.54 
3421 75.47 
3423 103.44 
3423 85.73 
3423 87.45 
3425 96.45 
3425 83.45 
3425 87.63 
3427 57.79 
3427 68.92 
3427 62.19 
3429 55.13 
3429 51.56 
3429 52.50 
3430 39.79 
3430 51.08 
3430 41.63 
3432 32.67 
3432 52.75 
3432 70.13 
3434 49.62 
3434 28.46 
3434 39.31 
3436 38.81 
3436 57.61 
3436 41.78 
3438 41.16 
3438 47.21 
3438 50.53 
3440 24.99 
3440 46.10 
3440 27.89 
3442 53.28 
3442 22.95 
3442 37.31 
3444 33.12 
3444 29.58 
3444 66.19 
3446 37.72 
3446 33.86 
3446 20.97 
3448 33.27 
3448 19.77 
3448 24.41 
3450 29.23 
3450 28.15 
3450 37.26 
3450 0.13 
3450 0.17 
3450 0.14 
3450 0.14 
3450 0.15 
3450 0.15 
3450 0.13 
3450 0.15 
3450 0.13 
3451 100.53 
3451 104.05 
3451 95.02 
3453 87.25 
3453 102.70 
3453 97.34 
3455 92.90 
3455 71.99 
3455 104.22 
3457 49.99 
3457 59.34 
3457 68.44 
3459 56.20 
3459 49.41 
3459 71.28 
3461 39.33 
3461 68.28 
3461 39.93 
3463 45.83 
3463 36.57 
3463 47.04 
3464 34.21 
3464 38.25 
3464 56.55 
3466 37.70 
3466 33.26 
3466 15.85 
3468 27.35 
3468 27.46 
3468 34.79 
3470 36.32 
3470 63.57 
3470 41.22 
3472 39.00 
3472 37.06 
3472 45.13 
3474 28.62 
3474 32.30 
3474 23.72 
3476 28.36 
3476 26.04 
3476 20.38 
3478 29.33 
3478 59.51 
3478 35.25 
3480 35.75 
3480 9.39 
3480 21.23 
3480 0.18 
3480 0.16 
3480 0.16 
3480 2.72 
3480 1.98 
3480 0.66 
3480 0.14 
3480 0.13 
3480 0.14 
3480 103.85 
3480 101.00 
3480 99.51 
3481 101.21 
3481 105.35 
3481 105.43 
3483 103.01 
3483 99.64 
3483 90.08 
3485 93.89 
3485 87.02 
3485 67.80 
3487 48.91 
3487 60.18 
3487 52.86 
3489 45.10 
3489 38.07 
3489 63.20 
3491 23.27 
3491 45.37 
3491 28.13 
3493 35.65 
3493 25.31 
3493 29.30 
3495 36.50 
3495 41.56 
3495 62.58 
3497 35.07 
3497 66.89 
3497 59.98 
3499 31.39 
3499 43.04 
3499 48.26 
3501 23.28 
3501 30.61 
3501 28.41 
3503 17.23 
3503 32.18 
3503 37.28 
3505 20.57 
3505 26.03 
3505 27.10 
3506 17.41 
3506 19.93 
3506 20.50 
3508 27.73 
3508 16.05 
3508 46.47 
3510 13.00 
3510 10.93 
3510 15.44 
3510 0.13 
3510 0.17 
3510 0.38 
3510 0.13 
3510 1.23 
3510 1.26 
3510 0.23 
3510 0.14 
3510 0.12 
3512 102.33 
3512 99.14 
3512 91.91 
3514 101.81 
3514 103.16 
3514 85.14 
3516 101.28 
3516 101.65 
3516 91.28 
3518 72.85 
3518 104.66 
3518 75.00 
3520 49.25 
3520 104.01 
3520 59.07 
3522 42.45 
3522 101.71 
3522 57.87 
3524 30.80 
3524 103.38 
3524 56.42 
3526 41.94 
3526 104.26 
3526 32.70 
3528 28.86 
3528 100.12 
3528 34.83 
3530 32.34 
3530 83.30 
3530 36.76 
3532 31.33 
3532 26.53 
3532 16.41 
3534 8.09 
3534 29.09 
3534 17.20 
3535 12.43 
3535 17.73 
3535 17.61 
3537 15.54 
3537 47.47 
3537 37.68 
3539 68.49 
3539 20.60 
3539 20.78 
3540 0.19 
3540 0.38 
3540 0.21 
3540 0.16 
3540 0.55 
3540 0.14 
3540 0.19 
3540 0.14 
3540 0.29 
3542 102.62 
3542 102.54 
3544 102.51 
3544 100.35 
3546 103.72 
3546 96.98 
3548 104.19 
3548 78.92 
3550 103.20 
3550 48.22 
3552 101.32 
3552 47.28 
3554 90.42 
3554 45.11 
3556 45.25 
3556 77.16 
3558 48.38 
3558 51.92 
3559 48.16 
3559 46.68 
3561 94.72 
3561 33.33 
3563 75.07 
3563 27.52 
3565 44.24 
3565 37.56 
3567 28.34 
3567 47.07 
3569 34.90 
3569 74.81 
3570 0.67 
3570 0.24 
3570 0.27 
3570 0.25 
3570 0.54 
3570 0.53 
3572 104.01 
3572 94.59 
3574 102.89 
3574 99.83 
3576 101.55 
3576 103.05 
3578 103.07 
3578 102.09 
3580 102.79 
3580 89.98 
3582 101.81 
3582 71.70 
3584 101.25 
3584 64.52 
3586 93.01 
3586 54.58 
3588 42.78 
3588 34.21 
3590 54.21 
3590 51.34 
3591 42.30 
3591 28.16 
3593 14.05 
3593 11.09 
3595 25.55 
3595 10.06 
3597 14.51 
3597 24.26 
3599 12.71 
3599 11.92 
3600 7.25 
3600 2.20 
3600 0.11 
3600 0.09 
3600 0.66 
3600 1.37 
3602 101.17 
3603 100.82 
3605 101.62 
3607 95.52 
3609 77.19 
3611 60.76 
3613 59.73 
3615 101.09 
3617 86.21 
3619 77.06 
3621 82.89 
3623 33.44 
3625 45.01 
3627 72.64 
3629 40.53 
3630 1.55 
