2 1.45 
3 1.43 
5 1.53 
7 1.56 
9 1.66 
11 1.55 
13 1.56 
15 1.68 
17 1.55 
19 1.42 
21 1.61 
23 1.65 
25 1.46 
27 1.42 
29 1.50 
30 0.06 
30 0.07 
30 0.03 
32 1.44 
34 1.31 
36 1.45 
38 1.58 
40 1.44 
42 1.52 
43 1.11 
45 0.66 
47 0.65 
49 0.70 
51 1.29 
53 1.47 
55 0.90 
57 0.67 
59 0.74 
60 0.75 
60 0.06 
60 0.08 
60 0.03 
62 1.68 
64 1.77 
66 1.58 
68 1.39 
70 1.35 
72 1.44 
74 1.52 
76 1.65 
78 1.39 
80 1.44 
82 1.42 
84 1.57 
86 1.36 
88 1.33 
90 2.38 
90 0.05 
90 0.05 
90 0.03 
92 1.27 
94 1.08 
95 1.42 
97 1.35 
99 1.34 
101 1.51 
103 1.48 
105 1.05 
107 0.90 
109 1.43 
111 1.70 
113 1.55 
115 1.53 
117 1.56 
119 1.49 
120 0.02 
120 0.05 
120 0.08 
121 1.49 
123 1.52 
125 1.51 
127 1.29 
129 1.59 
131 1.45 
133 1.44 
135 1.49 
137 1.38 
139 1.25 
141 2.37 
143 1.32 
145 1.22 
147 1.35 
149 0.92 
150 0.32 
150 0.04 
150 0.03 
152 1.55 
154 1.74 
156 1.40 
158 1.39 
160 1.39 
162 1.41 
164 1.56 
166 1.59 
168 1.29 
170 1.54 
172 1.59 
174 1.36 
176 1.90 
178 1.30 
180 1.40 
180 0.06 
180 0.05 
180 0.03 
182 1.63 
184 1.39 
186 1.06 
188 1.47 
190 1.04 
192 1.50 
194 1.26 
196 1.44 
198 1.54 
200 1.41 
202 1.37 
204 2.02 
206 1.42 
208 1.24 
210 0.76 
210 0.05 
210 0.05 
210 0.06 
212 1.15 
214 1.51 
216 1.62 
217 1.32 
219 1.24 
221 0.65 
223 1.34 
225 1.41 
227 1.13 
229 1.17 
231 1.27 
233 1.58 
235 1.64 
237 1.53 
239 1.45 
240 0.05 
240 0.06 
240 0.04 
241 0.79 
243 2.02 
245 2.19 
247 2.19 
249 2.18 
251 2.12 
253 2.19 
255 1.90 
257 2.39 
259 2.36 
261 2.18 
263 2.29 
265 1.53 
267 0.96 
269 1.41 
270 0.63 
270 0.06 
270 0.06 
270 0.06 
272 2.56 
274 2.48 
275 2.39 
277 2.16 
279 2.47 
281 2.58 
283 2.45 
285 2.20 
287 1.79 
289 2.13 
291 2.25 
293 2.28 
295 2.23 
297 1.59 
299 1.84 
300 0.05 
300 0.04 
300 0.06 
301 1.82 
303 2.15 
305 2.54 
307 2.57 
309 2.37 
311 2.39 
313 1.48 
315 0.96 
317 1.35 
319 1.43 
321 1.32 
322 1.63 
324 1.51 
326 1.13 
328 1.37 
330 1.67 
330 0.05 
330 0.03 
330 0.04 
332 2.31 
334 2.24 
336 1.60 
338 1.35 
339 1.72 
341 1.44 
343 1.83 
345 1.61 
347 2.37 
349 1.93 
351 2.37 
353 2.12 
355 1.42 
357 1.45 
359 1.82 
360 0.03 
360 0.04 
360 0.03 
362 2.27 
364 2.26 
366 2.26 
368 2.37 
370 2.47 
372 2.11 
374 2.39 
376 2.42 
378 2.32 
380 2.33 
382 2.24 
384 1.89 
386 1.83 
388 2.10 
390 2.43 
390 0.09 
390 0.04 
390 0.03 
391 2.44 
393 2.29 
395 2.26 
397 2.48 
399 2.31 
401 2.39 
403 1.97 
405 1.45 
407 1.49 
409 1.23 
411 1.90 
413 2.60 
415 2.37 
417 2.26 
418 2.08 
420 0.99 
420 0.06 
420 0.04 
420 0.07 
421 1.92 
423 1.74 
425 2.23 
427 2.23 
429 2.53 
431 2.21 
433 1.62 
435 1.87 
437 1.92 
439 2.04 
441 2.65 
443 2.24 
444 1.90 
446 2.06 
448 1.88 
450 1.51 
450 0.03 
450 0.06 
450 0.04 
452 2.36 
454 2.38 
456 2.33 
458 2.43 
460 2.48 
462 2.09 
464 2.32 
466 2.09 
468 2.15 
470 2.26 
472 2.54 
474 2.44 
476 1.75 
478 1.48 
480 1.92 
480 0.05 
480 0.04 
480 0.03 
481 3.05 
483 3.32 
485 3.10 
487 3.20 
489 3.48 
491 2.69 
493 1.52 
495 3.14 
497 3.01 
499 2.15 
501 2.21 
503 2.24 
504 2.72 
506 2.52 
508 3.04 
510 1.90 
510 0.05 
510 0.06 
510 0.04 
511 3.01 
513 3.28 
515 3.34 
517 3.22 
519 3.11 
521 2.65 
523 2.52 
525 2.62 
527 2.31 
529 2.41 
531 3.09 
533 3.10 
535 3.16 
537 3.19 
538 2.09 
540 1.06 
540 0.05 
540 0.04 
540 0.07 
542 3.06 
544 3.48 
546 2.77 
548 2.32 
550 2.63 
551 2.57 
553 2.79 
555 2.54 
557 2.84 
559 2.23 
561 2.40 
563 2.37 
565 2.22 
567 2.56 
569 2.49 
570 0.89 
570 0.05 
570 0.02 
570 0.03 
571 1.94 
573 2.53 
575 2.56 
577 2.49 
579 2.16 
581 3.07 
583 2.63 
584 2.69 
586 3.03 
588 2.52 
590 2.58 
592 2.34 
594 2.46 
596 3.08 
598 3.24 
600 2.79 
600 0.03 
600 0.02 
600 0.04 
602 3.56 
604 3.26 
606 3.23 
608 3.18 
610 3.36 
612 3.18 
614 3.07 
616 3.36 
618 3.22 
620 2.72 
622 2.12 
624 3.06 
626 3.12 
627 2.25 
629 1.89 
630 0.04 
630 0.10 
630 0.03 
631 3.07 
633 2.74 
635 2.14 
637 1.71 
639 1.44 
641 1.65 
642 1.41 
644 1.92 
646 2.62 
648 2.15 
650 3.30 
652 2.99 
654 2.78 
656 2.76 
658 3.60 
660 2.69 
660 0.03 
660 0.02 
660 0.03 
662 3.08 
664 3.32 
666 3.31 
668 2.95 
670 2.53 
671 2.69 
673 2.60 
675 2.74 
677 3.05 
679 2.64 
681 3.09 
683 2.54 
685 3.05 
687 3.21 
689 2.91 
690 0.86 
690 0.09 
690 0.06 
691 3.19 
693 2.76 
695 3.05 
697 2.44 
699 2.63 
701 2.50 
703 3.02 
705 2.70 
707 2.50 
708 1.75 
710 2.00 
712 1.82 
714 2.33 
716 2.04 
718 1.91 
720 2.26 
720 0.04 
720 0.06 
720 0.03 
721 2.76 
723 3.81 
725 3.85 
727 4.03 
729 3.55 
731 2.94 
733 2.67 
735 2.55 
737 3.98 
739 3.55 
740 3.01 
742 2.38 
744 2.67 
746 3.65 
748 3.78 
750 3.04 
750 0.03 
750 0.03 
750 0.06 
752 2.36 
754 3.15 
756 3.25 
758 3.67 
759 3.52 
761 2.85 
763 2.85 
765 2.24 
767 3.21 
769 2.82 
771 3.86 
773 3.71 
774 2.28 
776 1.26 
778 1.63 
780 2.33 
780 0.03 
780 0.05 
780 0.04 
781 3.26 
783 3.71 
785 2.79 
787 3.47 
789 2.74 
791 3.35 
793 2.70 
795 2.63 
797 2.35 
798 2.30 
800 2.96 
802 2.38 
804 3.34 
806 3.16 
808 2.95 
810 4.26 
810 0.03 
810 0.04 
810 0.04 
811 3.90 
813 2.92 
815 2.31 
817 3.01 
819 2.75 
821 4.04 
823 4.29 
825 4.00 
827 3.48 
828 2.15 
830 1.81 
832 1.82 
834 2.15 
836 3.93 
838 2.38 
839 2.30 
840 0.03 
840 0.07 
840 0.08 
841 2.34 
843 2.83 
845 3.93 
847 3.04 
849 3.61 
851 3.20 
853 2.74 
854 3.06 
856 3.40 
858 1.61 
860 2.43 
862 3.43 
864 3.02 
866 2.83 
867 3.78 
869 1.89 
870 0.03 
870 0.03 
870 0.05 
872 4.54 
874 3.79 
876 2.93 
878 3.28 
879 2.67 
881 1.85 
883 3.11 
885 4.17 
887 3.74 
889 3.77 
891 2.96 
893 3.04 
895 2.47 
897 2.80 
898 3.06 
900 1.78 
900 0.03 
900 0.03 
900 0.04 
901 2.86 
903 3.95 
905 3.49 
907 2.88 
909 3.21 
911 2.87 
913 3.38 
915 2.87 
916 2.73 
918 2.89 
920 3.52 
922 3.92 
924 3.48 
926 3.81 
928 3.07 
930 2.87 
930 0.02 
930 0.04 
930 0.06 
931 2.36 
933 3.73 
935 3.82 
937 3.66 
939 2.70 
941 2.33 
943 2.52 
945 2.59 
947 3.79 
949 3.12 
950 2.97 
952 3.89 
954 3.32 
956 2.26 
958 3.01 
960 4.21 
960 0.04 
960 0.03 
960 0.05 
961 1.63 
963 3.19 
965 2.79 
967 4.21 
968 3.66 
970 4.81 
972 4.53 
974 4.32 
976 2.50 
978 3.99 
980 3.42 
982 3.70 
983 3.26 
985 4.71 
987 3.36 
989 4.15 
990 0.02 
990 0.04 
990 0.04 
992 2.91 
993 3.81 
995 3.78 
997 3.74 
999 4.39 
1001 3.75 
1003 3.60 
1005 2.96 
1006 3.34 
1008 3.62 
1010 3.68 
1012 3.95 
1014 2.61 
1016 2.33 
1017 2.89 
1019 2.72 
1020 0.06 
1020 0.02 
1020 0.05 
1021 1.47 
1023 3.84 
1025 4.39 
1027 4.28 
1029 2.73 
1031 2.70 
1033 3.42 
1034 2.68 
1036 2.64 
1038 2.91 
1040 2.87 
1042 3.41 
1044 4.82 
1046 4.37 
1048 3.76 
1050 4.08 
1050 0.04 
1050 0.02 
1050 0.07 
1051 2.29 
1053 3.39 
1055 4.28 
1057 3.86 
1059 3.42 
1061 3.55 
1063 3.84 
1064 3.54 
1066 3.86 
1068 4.01 
1070 3.91 
1072 3.08 
1074 4.31 
1076 4.32 
1078 3.19 
1080 2.97 
1080 0.10 
1080 0.04 
1080 0.08 
1081 1.60 
1083 2.79 
1085 2.57 
1087 2.32 
1088 3.57 
1090 3.77 
1092 4.41 
1094 4.73 
1096 4.84 
1098 4.58 
1100 3.59 
1102 3.23 
1104 3.07 
1106 2.25 
1107 2.95 
1109 3.14 
1110 0.03 
1110 0.02 
1110 0.05 
1112 3.84 
1114 3.90 
1116 4.16 
1118 3.47 
1119 3.59 
1121 3.25 
1123 4.09 
1125 3.63 
1127 2.71 
1129 3.43 
1130 3.08 
1132 3.25 
1134 2.70 
1136 3.37 
1138 3.91 
1140 3.56 
1140 0.06 
1140 0.05 
1140 0.04 
1142 2.57 
1143 4.05 
1145 2.92 
1147 2.70 
1149 4.96 
1151 3.85 
1153 3.33 
1155 3.93 
1157 3.68 
1158 2.82 
1160 2.96 
1162 2.84 
1164 4.72 
1166 4.09 
1168 2.97 
1170 3.10 
1170 0.04 
1170 0.04 
1170 0.06 
1172 3.30 
1174 4.46 
1175 4.79 
1177 4.85 
1179 3.41 
1181 4.80 
1183 4.13 
1185 3.62 
1187 3.76 
1189 3.98 
1191 3.06 
1192 2.62 
1194 2.20 
1196 2.72 
1198 3.42 
1200 3.36 
1200 0.05 
1200 0.04 
1200 0.03 
1202 3.88 
1204 3.69 
1206 4.07 
1207 2.15 
1209 2.13 
1211 2.27 
1213 2.78 
1215 2.86 
1217 3.44 
1219 2.51 
1220 3.37 
1222 2.70 
1224 2.11 
1226 3.13 
1228 3.35 
1230 3.42 
1230 0.06 
1230 0.03 
1230 0.06 
1232 3.38 
1234 3.47 
1236 3.45 
1237 2.59 
1239 3.27 
1241 2.42 
1243 2.92 
1245 2.59 
1247 2.94 
1249 3.25 
1251 2.74 
1252 2.77 
1254 2.65 
1256 3.30 
1258 2.94 
1260 3.21 
1260 0.05 
1260 0.08 
1260 0.04 
1262 2.92 
1264 3.44 
1265 3.25 
1267 2.49 
1269 1.77 
1271 3.37 
1273 4.04 
1275 4.18 
1277 4.20 
1279 4.24 
1281 3.95 
1283 3.79 
1285 3.54 
1287 3.81 
1289 3.02 
1290 0.66 
1290 0.06 
1290 0.05 
1291 3.95 
1293 3.41 
1295 3.19 
1297 3.47 
1299 3.93 
1301 2.92 
1303 3.23 
1305 3.10 
1307 2.85 
1309 3.02 
1311 3.83 
1313 3.52 
1314 3.52 
1316 2.94 
1318 2.20 
1320 2.32 
1320 0.05 
1320 0.03 
1320 0.03 
1322 4.10 
1324 4.13 
1326 4.06 
1328 4.03 
1330 3.54 
1332 3.82 
1334 3.85 
1336 2.43 
1337 2.56 
1339 2.90 
1341 2.83 
1343 2.96 
1345 2.85 
1347 3.14 
1349 2.38 
1350 1.14 
1350 0.04 
1350 0.09 
1350 0.05 
1351 3.13 
1353 3.71 
1355 3.19 
1357 3.14 
1359 2.82 
1361 2.10 
1363 1.85 
1364 2.46 
1366 3.82 
1368 3.28 
1370 2.93 
1372 3.23 
1374 3.12 
1376 2.91 
1378 2.92 
1379 2.80 
1380 0.05 
1380 0.06 
1380 0.07 
1381 2.34 
1383 3.18 
1385 3.17 
1387 3.67 
1389 3.04 
1391 2.64 
1392 2.17 
1394 3.29 
1396 3.32 
1398 3.24 
1400 4.01 
1402 3.94 
1404 3.53 
1406 2.53 
1408 2.78 
1410 3.33 
1410 0.03 
1410 0.04 
1410 0.04 
1411 2.33 
1413 3.00 
1415 2.58 
1417 2.58 
1418 2.92 
1420 4.19 
1422 4.23 
1424 3.68 
1426 2.59 
1428 3.06 
1430 2.94 
1432 3.11 
1434 3.47 
1436 2.98 
1438 3.44 
1439 2.78 
1440 0.09 
1440 0.02 
1440 0.04 
1441 2.29 
1443 2.20 
1445 2.33 
1447 2.24 
1449 2.09 
1451 2.52 
1453 1.77 
1454 1.50 
1456 3.27 
1458 3.52 
1460 2.89 
1462 2.11 
1464 2.13 
1466 2.55 
1468 2.31 
1470 3.31 
1470 0.08 
1470 0.05 
1470 0.04 
1472 2.22 
1473 2.42 
1475 3.00 
1477 3.15 
1479 2.42 
1481 2.37 
1483 2.97 
1485 3.42 
1487 3.09 
1489 2.17 
1491 2.26 
1493 3.06 
1495 2.98 
1497 3.01 
1499 3.15 
1500 0.15 
1500 0.06 
1500 0.14 
1502 2.29 
1504 2.68 
1506 3.40 
1508 2.38 
1509 2.12 
1511 2.29 
1513 1.99 
1515 2.18 
1517 2.77 
1519 2.34 
1521 2.71 
1523 3.47 
1525 2.67 
1527 2.11 
1528 2.47 
1530 1.60 
1530 0.09 
1530 0.03 
1530 0.05 
1531 2.79 
1533 2.98 
1535 3.10 
1537 3.27 
1539 3.17 
1541 2.26 
1543 2.38 
1545 1.97 
1547 2.92 
1549 2.68 
1551 2.79 
1553 2.76 
1555 3.10 
1557 2.74 
1559 2.84 
1560 0.52 
1560 0.03 
1560 0.04 
1562 1.68 
1563 2.13 
1565 2.19 
1567 2.33 
1569 2.61 
1571 2.85 
1573 3.19 
1575 3.07 
1577 3.13 
1579 3.13 
1581 2.45 
1583 2.01 
1585 3.08 
1587 2.63 
1589 1.91 
1590 0.67 
1590 0.06 
1590 0.09 
1590 0.04 
1591 2.87 
1593 2.99 
1595 3.33 
1597 3.37 
1599 3.07 
1601 2.91 
1603 2.29 
1605 2.61 
1607 3.16 
1609 2.73 
1611 1.96 
1613 2.15 
1615 2.22 
1617 2.02 
1619 2.83 
1620 0.98 
1620 0.03 
1620 0.02 
1620 0.03 
1622 3.23 
1624 3.10 
1626 3.17 
1628 3.15 
1630 2.97 
1631 2.59 
1633 2.28 
1635 2.19 
1637 2.71 
1639 3.15 
1641 2.45 
1643 1.70 
1645 2.09 
1647 2.69 
1649 2.87 
1650 0.90 
1650 0.06 
1650 0.05 
1651 2.36 
1653 2.66 
1655 2.77 
1657 2.34 
1659 2.32 
1661 3.29 
1663 2.83 
1665 2.67 
1667 2.56 
1669 2.46 
1671 2.34 
1672 3.09 
1674 1.96 
1676 2.80 
1678 2.83 
1680 1.89 
1680 0.03 
1680 0.06 
1680 0.05 
1682 1.71 
1684 2.38 
1686 2.40 
1688 2.54 
1690 2.77 
1692 2.21 
1694 1.52 
1696 2.03 
1698 2.12 
1700 2.20 
1702 2.39 
1704 2.37 
1706 2.41 
1708 2.59 
1710 2.37 
1710 0.04 
1710 0.18 
1710 0.07 
1712 2.50 
1714 2.43 
1716 2.36 
1718 2.45 
1720 2.43 
1722 2.20 
1724 2.14 
1726 2.13 
1728 2.24 
1730 2.05 
1732 2.00 
1734 2.01 
1736 2.07 
1738 2.21 
1740 2.23 
1740 0.06 
1740 0.04 
1740 0.03 
1742 1.78 
1743 1.43 
1745 2.10 
1747 2.36 
1749 2.36 
1751 2.46 
1753 1.87 
1755 1.85 
1757 2.00 
1759 1.48 
1761 1.19 
1763 0.73 
1765 1.44 
1766 0.99 
1768 1.86 
1770 1.44 
1770 0.06 
1770 0.04 
1770 0.04 
1771 2.37 
1773 2.33 
1775 2.53 
1777 2.37 
1779 2.38 
1781 2.13 
1783 2.12 
1785 2.37 
1787 2.31 
1789 1.89 
1791 2.07 
1793 1.64 
1795 1.61 
1797 2.15 
1799 2.61 
1800 0.04 
1800 0.09 
1800 0.03 
1802 2.47 
1804 2.20 
1806 2.59 
1808 2.41 
1810 2.30 
1812 2.38 
1814 2.29 
1816 2.22 
1818 2.54 
1820 1.85 
1822 1.42 
1824 1.97 
1826 2.26 
1828 2.06 
1829 1.70 
1830 0.04 
1830 0.06 
1830 0.06 
1831 2.13 
1833 2.07 
1835 2.48 
1837 2.57 
1839 2.34 
1841 1.77 
1843 2.00 
1845 2.37 
1847 2.31 
1849 2.20 
1851 1.66 
1853 1.99 
1855 1.58 
1857 1.68 
1859 1.63 
1860 0.41 
1860 0.03 
1860 0.03 
1862 2.42 
1864 2.26 
1866 2.35 
1868 2.31 
1870 2.35 
1872 2.15 
1874 2.29 
1875 1.99 
1877 1.39 
1879 1.81 
1881 2.49 
1883 2.10 
1885 2.44 
1887 1.44 
1889 1.41 
1890 0.04 
1890 0.04 
1890 0.07 
1892 2.80 
1894 2.07 
1896 2.17 
1898 2.22 
1900 2.44 
1902 2.13 
1904 2.24 
1906 2.17 
1908 2.25 
1910 2.12 
1912 1.98 
1914 2.20 
1916 2.16 
1918 2.00 
1920 1.76 
1920 0.04 
1920 0.04 
1920 0.07 
1922 0.97 
1924 1.19 
1926 0.74 
1928 1.02 
1930 1.18 
1931 1.05 
1933 1.46 
1935 1.55 
1937 1.42 
1939 1.38 
1941 1.24 
1943 1.05 
1945 1.01 
1947 1.35 
1949 1.26 
1950 0.03 
1950 0.08 
1950 0.03 
1951 1.55 
1953 1.14 
1955 1.31 
1957 1.12 
1959 1.08 
1961 1.48 
1963 1.51 
1965 1.46 
1967 1.34 
1969 1.29 
1971 1.25 
1973 1.70 
1975 2.19 
1977 1.78 
1979 1.53 
1980 0.06 
1980 0.04 
1980 0.05 
1982 1.08 
1984 0.94 
1986 0.75 
1988 1.55 
1990 1.39 
1992 1.71 
1994 1.36 
1996 1.30 
1998 1.48 
2000 1.25 
2002 1.45 
2004 1.47 
2006 1.07 
2007 1.01 
2009 1.40 
2010 0.03 
2010 0.07 
2010 0.08 
2012 1.44 
2014 1.51 
2016 1.43 
2018 1.56 
2020 1.56 
2021 1.36 
2023 0.92 
2025 0.97 
2027 1.13 
2029 1.26 
2031 1.46 
2033 1.41 
2035 1.44 
2037 1.45 
2039 1.37 
2040 0.02 
2040 0.04 
2040 0.04 
2041 1.45 
2043 1.37 
2045 1.51 
2047 1.35 
2049 1.41 
2051 1.54 
2053 1.29 
2055 1.27 
2057 1.32 
2059 1.11 
2061 0.96 
2063 1.26 
2065 0.96 
2067 2.59 
2069 1.41 
2070 0.10 
2070 0.04 
2070 0.03 
2072 1.34 
2074 1.44 
2076 1.57 
2078 1.37 
2080 1.82 
2082 1.50 
2084 1.46 
2086 1.89 
2088 1.52 
2090 1.32 
2092 1.12 
2094 0.88 
2096 1.50 
2098 1.35 
2100 1.57 
2100 0.03 
2100 0.04 
2100 0.06 
2102 1.87 
2104 1.08 
2106 1.36 
2108 1.59 
2110 1.55 
2112 1.58 
2114 1.62 
2116 1.79 
2118 1.26 
2120 1.31 
2122 1.43 
2124 1.63 
2126 1.40 
2128 1.41 
2130 1.62 
2130 0.03 
2130 0.02 
2130 0.03 
2132 1.50 
2134 1.46 
2136 1.24 
2138 1.41 
2140 1.54 
2142 1.50 
2144 1.42 
2146 1.26 
2148 1.42 
2150 1.74 
2152 1.42 
2154 1.66 
2156 1.41 
2158 1.33 
2160 1.63 
2160 0.07 
2160 0.06 
2160 0.05 
2162 2.14 
2163 1.47 
2165 1.47 
2167 2.49 
2169 2.36 
2171 1.42 
2173 2.04 
2175 1.51 
2177 1.42 
2179 1.73 
2181 1.64 
2183 2.14 
2185 2.14 
2187 2.18 
2189 2.12 
2190 0.35 
2190 0.09 
2190 0.07 
2192 2.31 
2194 1.92 
2196 1.90 
2198 2.13 
2200 2.10 
2202 1.95 
2204 1.81 
2206 1.52 
2207 2.20 
2209 2.07 
2211 1.63 
2213 1.63 
2215 1.13 
2217 1.09 
2219 1.25 
2220 0.14 
2220 0.06 
2220 0.03 
2222 1.25 
2224 1.48 
2226 2.12 
2228 2.08 
2230 2.36 
2232 2.05 
2234 2.09 
2236 2.15 
2238 2.16 
2239 2.26 
2241 1.66 
2243 1.38 
2245 1.43 
2247 1.81 
2249 1.43 
2250 0.27 
2250 0.03 
2250 0.06 
2252 2.87 
2254 2.36 
2256 1.96 
2258 2.18 
2260 2.10 
2262 1.78 
2264 1.58 
2265 1.85 
2267 1.56 
2269 1.62 
2271 1.87 
2273 2.04 
2275 1.63 
2277 2.43 
2279 1.79 
2280 0.37 
2280 0.04 
2280 0.07 
2282 2.17 
2284 2.26 
2286 2.06 
2288 2.32 
2290 2.28 
2292 1.87 
2294 1.92 
2296 2.05 
2298 2.13 
2300 2.14 
2302 2.13 
2304 1.64 
2305 1.67 
2307 1.66 
2309 1.84 
2310 0.03 
2310 0.07 
2310 0.04 
2311 1.86 
2313 2.29 
2315 2.05 
2317 1.98 
2319 2.04 
2321 2.31 
2323 2.13 
2325 2.12 
2327 2.00 
2329 2.29 
2331 1.44 
2333 1.84 
2335 2.14 
2337 1.83 
2339 1.88 
2340 0.45 
2340 0.05 
2340 0.03 
2340 0.04 
2342 3.03 
2344 2.27 
2346 1.44 
2347 1.87 
2349 1.82 
2351 1.91 
2353 1.70 
2355 1.71 
2357 2.55 
2359 2.12 
2361 2.45 
2363 2.23 
2365 2.11 
2367 1.77 
2369 1.17 
2370 0.27 
2370 0.11 
2370 0.08 
2372 2.56 
2374 2.35 
2376 2.40 
2378 2.40 
2380 2.02 
2382 2.18 
2384 2.19 
2386 2.09 
2388 1.88 
2389 1.89 
2391 1.59 
2393 1.37 
2395 1.74 
2397 1.92 
2399 1.92 
2400 0.04 
2400 0.04 
2400 0.03 
2401 1.17 
2403 3.04 
2405 2.66 
2407 3.15 
2409 3.03 
2411 3.11 
2413 3.02 
2415 3.23 
2417 2.91 
2419 3.13 
2421 2.78 
2423 2.91 
2425 2.81 
2427 3.30 
2429 2.30 
2430 0.22 
2430 0.05 
2430 0.05 
2432 2.98 
2434 3.56 
2436 2.24 
2437 1.29 
2439 1.05 
2441 1.63 
2443 3.09 
2445 1.61 
2447 1.25 
2449 2.31 
2450 2.00 
2452 1.55 
2454 2.26 
2456 2.59 
2458 3.00 
2460 2.94 
2460 0.11 
2460 0.04 
2460 0.05 
2462 3.05 
2464 2.24 
2466 3.54 
2468 3.14 
2470 2.62 
2471 2.40 
2473 3.12 
2475 2.87 
2477 2.72 
2479 2.93 
2481 2.43 
2483 2.60 
2485 2.25 
2487 2.35 
2489 2.39 
2490 0.88 
2490 0.04 
2490 0.05 
2490 0.04 
2491 3.13 
2493 3.30 
2495 3.50 
2497 3.31 
2499 3.01 
2501 2.45 
2503 2.44 
2505 2.55 
2507 2.28 
2509 2.40 
2510 1.79 
2512 1.16 
2514 1.76 
2516 2.26 
2518 3.12 
2520 1.39 
2520 0.09 
2520 0.03 
2520 0.04 
2522 3.45 
2524 2.89 
2526 2.83 
2528 2.72 
2530 3.12 
2532 3.27 
2533 2.78 
2535 2.55 
2537 1.86 
2539 2.19 
2541 2.47 
2543 2.35 
2545 2.65 
2547 2.67 
2549 3.05 
2550 1.17 
2550 0.03 
2550 0.14 
2550 0.04 
2551 2.54 
2553 3.17 
2555 2.98 
2557 2.75 
2559 2.04 
2561 2.49 
2563 2.38 
2565 2.22 
2567 2.40 
2569 3.56 
2571 2.94 
2573 2.87 
2574 2.51 
2576 2.54 
2578 2.74 
2580 2.27 
2580 0.03 
2580 0.02 
2580 0.05 
2582 3.21 
2584 3.04 
2586 3.52 
2588 3.05 
2590 3.07 
2592 3.10 
2594 2.78 
2596 2.28 
2598 2.56 
2600 3.03 
2602 2.64 
2603 1.90 
2605 2.01 
2607 2.15 
2609 1.90 
2610 0.10 
2610 0.03 
2610 0.03 
2612 2.60 
2614 2.78 
2615 2.42 
2617 2.65 
2619 3.20 
2621 2.80 
2623 2.33 
2625 3.20 
2627 3.13 
2629 2.99 
2631 2.30 
2633 2.30 
2635 2.33 
2636 2.52 
2638 2.91 
2640 1.99 
2640 0.03 
2640 0.05 
2640 0.04 
2641 3.72 
2643 2.78 
2645 3.07 
2647 3.14 
2649 3.05 
2651 3.14 
2653 2.87 
2654 2.60 
2656 3.17 
2658 2.71 
2660 3.35 
2662 3.06 
2664 3.24 
2666 2.64 
2668 3.00 
2670 3.33 
2670 0.04 
2670 0.04 
2670 0.03 
2672 3.95 
2674 3.48 
2676 3.93 
2678 4.20 
2680 4.04 
2681 3.11 
2683 3.27 
2685 3.78 
2687 3.97 
2689 3.02 
2691 2.49 
2693 2.31 
2695 3.12 
2697 2.45 
2698 2.30 
2700 1.59 
2700 0.04 
2700 0.02 
2700 0.04 
2702 4.05 
2704 2.61 
2706 2.93 
2708 2.90 
2710 3.44 
2711 3.56 
2713 2.91 
2715 2.75 
2717 3.15 
2719 3.74 
2721 4.05 
2723 3.25 
2725 1.77 
2727 2.43 
2728 1.84 
2730 1.38 
2730 0.04 
2730 0.04 
2730 0.07 
2731 2.86 
2733 4.16 
2735 3.82 
2737 3.35 
2739 2.20 
2741 3.06 
2743 3.29 
2745 4.39 
2747 3.77 
2749 2.37 
2750 2.77 
2752 4.12 
2754 3.62 
2756 3.85 
2758 4.02 
2760 1.95 
2760 0.06 
2760 0.10 
2760 0.03 
2761 2.24 
2763 2.82 
2765 3.21 
2767 4.40 
2769 3.50 
2771 2.98 
2772 2.47 
2774 2.23 
2776 2.78 
2778 2.24 
2780 2.24 
2782 2.01 
2783 1.90 
2785 3.63 
2787 4.19 
2789 3.25 
2790 0.04 
2790 0.04 
2790 0.11 
2791 2.04 
2793 3.25 
2795 4.09 
2797 3.14 
2799 2.97 
2801 2.47 
2803 3.83 
2805 3.79 
2807 3.34 
2809 3.29 
2810 3.50 
2812 3.09 
2814 4.03 
2816 2.71 
2818 2.09 
2820 1.96 
2820 0.03 
2820 0.04 
2820 0.06 
2822 3.46 
2824 3.74 
2826 3.80 
2827 3.94 
2829 2.55 
2831 4.00 
2833 2.76 
2835 2.80 
2837 2.62 
2839 2.30 
2841 3.75 
2843 3.62 
2845 3.71 
2847 3.82 
2849 3.25 
2850 1.49 
2850 0.03 
2850 0.05 
2850 0.05 
2851 1.34 
2853 3.82 
2855 4.08 
2857 4.19 
2859 2.58 
2861 2.82 
2863 2.30 
2865 1.30 
2866 2.17 
2868 3.13 
2870 4.32 
2872 3.82 
2874 4.04 
2876 3.69 
2878 3.87 
2880 3.34 
2880 0.03 
2880 0.03 
2880 0.06 
2882 4.36 
2884 3.05 
2886 3.54 
2887 2.99 
2889 2.70 
2891 5.31 
2893 4.63 
2895 3.58 
2897 4.20 
2899 4.38 
2901 4.54 
2903 5.00 
2905 3.81 
2907 4.71 
2909 3.77 
2910 1.23 
2910 0.02 
2910 0.07 
2910 0.04 
2911 2.83 
2913 2.86 
2915 2.90 
2917 3.98 
2919 3.51 
2921 3.74 
2922 3.71 
2924 3.63 
2926 2.82 
2928 2.67 
2930 2.97 
2932 3.16 
2934 3.53 
2935 2.71 
2937 2.18 
2939 2.52 
2940 0.07 
2940 0.08 
2940 0.03 
2942 4.71 
2944 3.45 
2946 4.01 
2947 3.82 
2949 4.06 
2951 4.56 
2953 3.38 
2955 2.91 
2957 3.62 
2959 4.68 
2961 3.31 
2963 2.84 
2964 3.44 
2966 3.69 
2968 3.29 
2970 2.88 
2970 0.03 
2970 0.05 
2970 0.04 
2972 0.58 
2974 5.29 
2975 2.92 
2977 4.40 
2979 4.29 
2981 3.79 
2983 4.48 
2985 3.86 
2987 3.44 
2989 3.92 
2991 5.03 
2993 4.44 
2994 3.74 
2996 3.81 
2998 3.67 
3000 3.84 
3000 0.04 
3000 0.04 
3000 0.04 
3002 4.10 
3004 4.77 
3006 4.51 
3008 3.84 
3009 2.54 
3011 4.60 
3013 5.30 
3015 3.93 
3017 3.12 
3019 3.53 
3021 2.90 
3023 3.06 
3024 2.05 
3026 1.83 
3028 3.12 
3030 4.46 
3030 0.03 
3030 0.05 
3030 0.05 
3032 3.70 
3034 5.16 
3036 3.98 
3038 5.03 
3040 4.47 
3042 4.66 
3044 2.86 
3045 2.62 
3047 1.70 
3049 3.24 
3051 2.97 
3053 4.62 
3055 2.47 
3057 2.55 
3058 2.33 
3060 2.03 
3060 0.02 
3060 0.02 
3060 0.04 
3062 3.61 
3064 2.95 
3066 3.82 
3067 3.83 
3069 3.99 
3071 3.71 
3073 3.00 
3075 3.81 
3077 4.02 
3078 3.34 
3080 2.92 
3082 3.79 
3084 5.14 
3086 3.74 
3088 3.62 
3090 3.84 
3090 0.05 
3090 0.06 
3090 0.04 
3091 3.06 
3093 3.02 
3095 3.16 
3097 4.00 
3099 3.19 
3101 3.40 
3102 3.17 
3104 3.18 
3106 3.92 
3108 3.62 
3110 3.72 
3112 4.03 
3114 3.57 
3116 5.18 
3118 3.15 
3119 3.55 
3120 0.02 
3120 0.04 
3120 0.08 
3121 3.20 
3123 3.63 
3125 4.77 
3127 3.73 
3129 3.30 
3131 3.23 
3133 2.37 
3135 2.24 
3137 3.73 
3138 3.66 
3140 2.44 
3142 3.93 
3144 3.18 
3146 2.60 
3148 2.50 
3150 2.86 
3150 0.07 
3150 0.07 
3150 0.06 
3151 2.90 
3153 2.22 
3155 3.12 
3157 3.46 
3159 3.03 
3161 3.20 
3163 2.97 
3165 4.05 
3167 4.00 
3169 3.81 
3171 3.96 
3173 4.36 
3175 3.84 
3176 2.91 
3178 4.05 
3180 2.32 
3180 0.05 
3180 0.14 
3180 0.03 
3182 1.88 
3184 2.33 
3186 3.68 
3188 4.21 
3190 3.93 
3192 3.98 
3193 3.37 
3195 2.69 
3197 3.09 
3199 3.26 
3201 3.72 
3203 3.88 
3205 3.21 
3207 3.29 
3209 2.89 
3210 1.31 
3210 0.03 
3210 0.06 
3210 0.05 
3211 3.22 
3213 4.12 
3215 4.10 
3217 2.52 
3219 2.62 
3221 2.67 
3222 3.46 
3224 3.76 
3226 3.24 
3228 3.83 
3230 4.57 
3232 4.17 
3234 4.69 
3236 4.87 
3238 3.46 
3240 2.57 
3240 0.03 
3240 0.03 
3240 0.04 
3242 4.44 
3244 3.03 
3246 3.51 
3248 2.97 
3250 4.21 
3251 2.60 
3253 3.85 
3255 3.96 
3257 3.21 
3259 4.14 
3261 4.08 
3263 3.44 
3265 2.75 
3267 3.17 
3268 3.66 
3270 2.26 
3270 0.03 
3270 0.06 
3270 0.04 
3271 3.62 
3273 4.17 
3275 3.23 
3277 3.70 
3279 3.48 
3281 3.10 
3283 3.27 
3285 2.39 
3286 2.48 
3288 2.50 
3290 2.88 
3292 3.40 
3294 4.07 
3296 3.68 
3298 4.48 
3300 4.00 
3300 0.04 
3300 0.04 
3300 0.07 
3302 3.95 
3304 4.13 
3306 3.46 
3307 2.93 
3309 3.05 
3311 2.92 
3313 3.15 
3315 3.43 
3317 2.83 
3319 3.14 
3320 2.34 
3322 3.06 
3324 3.27 
3326 2.70 
3328 2.71 
3330 2.97 
3330 0.06 
3330 0.07 
3330 0.03 
3331 3.18 
3333 4.50 
3335 3.24 
3337 4.49 
3339 3.98 
3341 3.03 
3343 4.39 
3345 4.44 
3347 3.26 
3349 2.95 
3351 4.42 
3353 3.94 
3355 4.59 
3356 3.09 
3358 2.61 
3360 2.18 
3360 0.05 
3360 0.05 
3360 0.05 
3362 3.51 
3364 3.90 
3366 2.64 
3367 2.27 
3369 3.00 
3371 2.20 
3373 2.53 
3375 2.75 
3377 3.12 
3379 2.77 
3381 3.35 
3383 2.84 
3385 2.25 
3387 2.52 
3388 1.90 
3390 1.24 
3390 0.05 
3390 0.03 
3390 0.07 
3391 2.57 
3393 3.01 
3395 3.26 
3397 3.17 
3399 3.32 
3401 3.19 
3403 2.34 
3405 2.74 
3407 3.60 
3409 4.01 
3411 3.46 
3413 3.69 
3415 2.02 
3417 2.24 
3418 1.82 
3420 1.01 
3420 0.05 
3420 0.04 
3420 0.06 
3421 2.31 
3423 2.59 
3425 2.71 
3427 2.65 
3429 2.89 
3430 2.37 
3432 2.58 
3434 2.32 
3436 3.78 
3438 3.44 
3440 3.39 
3442 3.39 
3444 4.08 
3446 2.72 
3448 2.68 
3450 2.27 
3450 0.04 
3450 0.04 
3450 0.07 
3451 2.94 
3453 3.31 
3455 3.38 
3457 2.76 
3459 3.21 
3461 2.75 
3463 2.38 
3464 2.54 
3466 2.09 
3468 2.68 
3470 3.28 
3472 3.63 
3474 3.59 
3476 2.99 
3478 3.05 
3480 2.41 
3480 0.04 
3480 0.05 
3480 0.04 
3481 3.01 
3483 3.61 
3485 3.32 
3487 2.91 
3489 2.32 
3491 2.00 
3493 1.74 
3495 3.26 
3497 3.22 
3499 3.35 
3501 3.21 
3503 2.82 
3505 2.45 
3506 2.70 
3508 2.12 
3510 1.53 
3510 0.04 
3510 0.04 
3510 0.05 
3512 2.94 
3514 3.12 
3516 3.55 
3518 3.62 
3520 2.87 
3522 3.18 
3524 3.46 
3526 3.06 
3528 3.55 
3530 3.33 
3532 2.45 
3534 1.32 
3535 1.73 
3537 2.39 
3539 2.69 
3540 0.06 
3540 0.04 
3540 0.04 
3542 3.61 
3544 2.90 
3546 3.05 
3548 2.52 
3550 2.79 
3552 2.95 
3554 3.02 
3556 3.34 
3558 2.68 
3559 2.08 
3561 2.45 
3563 2.20 
3565 2.47 
3567 2.61 
3569 2.86 
3570 0.08 
3570 0.07 
3570 0.05 
3572 2.46 
3574 3.26 
3576 3.46 
3578 3.14 
3580 3.18 
3582 3.45 
3584 3.12 
3586 3.13 
3588 3.01 
3590 3.04 
3591 2.34 
3593 1.36 
3595 1.42 
3597 1.53 
3599 1.35 
3600 0.32 
3600 0.10 
3600 0.04 
3602 2.58 
3603 1.92 
3605 1.70 
3607 2.01 
3609 1.99 
3611 1.52 
3613 2.51 
3615 2.49 
3617 2.62 
3619 2.12 
3621 2.66 
3623 1.99 
3625 2.03 
3627 2.36 
3629 1.75 
3630 0.15 
