25 201 0.012657403945922852 1 1
26 201 0.0028684139251708984 1 1
27 201 0.003131389617919922 1 1
28 201 0.0027763843536376953 1 1
29 201 0.0032110214233398438 1 1
54 timeout 0.05 1 1
55 timeout 0.05 1 1
56 timeout 0.05 1 1
57 timeout 0.05 1 1
58 timeout 0.05 1 1
85 201 0.003980875015258789 1 1
85 201 0.0027456283569335938 1 1
86 201 0.0025751590728759766 1 1
88 201 0.010140419006347656 1 1
89 201 0.007116079330444336 1 1
114 201 0.0033245086669921875 1 1
115 201 0.0034418106079101562 1 1
116 201 0.003134489059448242 1 1
117 201 0.003256559371948242 1 1
118 201 0.0028939247131347656 1 1
145 201 0.0035347938537597656 1 1
146 201 0.003076314926147461 1 1
147 201 0.003572702407836914 1 1
147 timeout 0.05 1 1
148 timeout 0.05 1 1
174 201 0.003725767135620117 1 1
176 201 0.024032115936279297 1 1
177 201 0.0037147998809814453 1 1
178 201 0.003255605697631836 1 1
179 201 0.0027883052825927734 1 1
205 201 0.0042324066162109375 1 1
206 timeout 0.05 1 1
207 201 0.0038471221923828125 1 1
207 201 0.0034410953521728516 1 1
208 201 0.0032913684844970703 1 1
234 201 0.003551006317138672 1 1
235 201 0.0027816295623779297 1 1
236 201 0.0034809112548828125 1 1
237 201 0.006855964660644531 1 1
238 201 0.0031676292419433594 1 1
264 timeout 0.05 1 1
265 201 0.0034341812133789062 1 1
266 201 0.006541252136230469 1 1
267 201 0.003414154052734375 1 1
268 timeout 0.05 1 1
294 201 0.004450559616088867 1 2
295 201 0.005259275436401367 1 2
297 timeout 0.05 1 2
298 201 0.003720998764038086 1 2
299 201 0.004333019256591797 1 2
324 timeout 0.05 1 2
325 timeout 0.05 1 2
326 timeout 0.05 1 2
327 timeout 0.05 1 2
328 201 0.003742694854736328 1 2
354 201 0.0033745765686035156 1 1
355 201 0.004365444183349609 1 1
356 201 0.003222227096557617 1 1
357 201 0.025841236114501953 1 1
358 201 0.003052949905395508 1 1
385 timeout 0.05 1 2
385 201 0.00331878662109375 1 2
386 201 0.003441333770751953 1 2
387 201 0.00431513786315918 1 2
388 201 0.008736371994018555 1 2
414 201 0.0036902427673339844 1 3
415 201 0.0042531490325927734 1 3
416 201 0.0038967132568359375 1 3
417 timeout 0.05 1 3
418 timeout 0.05 1 3
445 timeout 0.05 1 3
446 timeout 0.05 1 3
447 timeout 0.05 1 3
448 201 0.0037767887115478516 1 3
448 201 0.006180763244628906 1 3
474 201 0.00435328483581543 1 3
475 201 0.0034656524658203125 1 3
476 201 0.004999399185180664 1 3
477 timeout 0.05 1 3
478 201 0.004573345184326172 1 3
504 201 0.004656076431274414 1 3
505 201 0.0074999332427978516 1 3
506 201 0.004083871841430664 1 3
507 201 0.0034132003784179688 1 3
508 201 0.004013538360595703 1 3
534 201 0.003969430923461914 1 3
535 201 0.005310535430908203 1 3
536 201 0.004498481750488281 1 3
537 201 0.004808902740478516 1 3
538 201 0.006916999816894531 1 3
564 201 0.003880739212036133 1 3
565 201 0.004430532455444336 1 3
566 201 0.0036246776580810547 1 3
567 201 0.003481149673461914 1 3
568 timeout 0.05 1 3
594 201 0.0035703182220458984 1 3
595 201 0.004763126373291016 1 3
596 201 0.0033566951751708984 1 3
597 201 0.0037903785705566406 1 3
598 201 0.003719329833984375 1 3
624 201 0.004671812057495117 1 3
625 201 0.0034761428833007812 1 3
626 201 0.005736589431762695 1 3
627 201 0.005713701248168945 1 3
628 201 0.0036559104919433594 1 3
654 201 0.003945112228393555 1 3
655 201 0.004406452178955078 1 3
656 201 0.008648395538330078 1 3
657 201 0.004297494888305664 1 3
658 201 0.0035927295684814453 1 3
684 201 0.004342317581176758 1 3
685 201 0.003318309783935547 1 3
686 201 0.002996206283569336 1 3
687 201 0.003652334213256836 1 3
688 201 0.005675077438354492 1 3
714 201 0.003937959671020508 1 3
715 201 0.0044176578521728516 1 3
716 201 0.004153251647949219 1 3
717 timeout 0.05 1 3
718 201 0.0038924217224121094 1 3
744 timeout 0.05 1 2
745 201 0.0034592151641845703 1 2
746 201 0.003428220748901367 1 2
747 201 0.0031757354736328125 1 2
748 timeout 0.05 1 2
774 201 0.0042841434478759766 1 2
775 201 0.003987789154052734 1 2
776 201 0.004635810852050781 1 2
777 timeout 0.05 1 2
778 201 0.0036869049072265625 1 2
804 201 0.007910966873168945 1 3
805 201 0.007222175598144531 1 3
806 201 0.004083395004272461 1 3
807 201 0.0068285465240478516 1 3
808 timeout 0.05 1 3
834 201 0.003815889358520508 1 3
835 201 0.003871917724609375 1 3
836 timeout 0.05 1 3
837 timeout 0.05 1 3
838 201 0.005421876907348633 1 3
864 201 0.006471157073974609 1 2
865 201 0.002991914749145508 1 2
866 201 0.003820657730102539 1 2
867 201 0.003256082534790039 1 2
868 timeout 0.05 1 2
894 timeout 0.05 1 2
895 201 0.006108283996582031 1 2
896 201 0.0031855106353759766 1 2
897 201 0.0035877227783203125 1 2
898 201 0.003170013427734375 1 2
924 timeout 0.05 1 2
925 201 0.0029904842376708984 1 2
926 201 0.003341197967529297 1 2
927 timeout 0.05 1 2
928 201 0.0033812522888183594 1 2
954 timeout 0.05 1 2
955 timeout 0.05 1 2
956 201 0.003654003143310547 1 2
957 201 0.003535747528076172 1 2
958 201 0.0030333995819091797 1 2
984 201 0.004519939422607422 1 2
985 201 0.0040435791015625 1 2
986 timeout 0.05 1 2
987 timeout 0.05 1 2
988 201 0.010167121887207031 1 2
1014 201 0.003324270248413086 1 2
1015 timeout 0.05 1 2
1016 201 0.0029773712158203125 1 2
1017 201 0.004239320755004883 1 2
1018 timeout 0.05 1 2
1044 201 0.004000663757324219 1 2
1045 201 0.004137992858886719 1 2
1046 201 0.009908676147460938 1 2
1047 timeout 0.05 1 2
1048 timeout 0.05 1 2
1074 201 0.0034825801849365234 1 2
1075 201 0.004047870635986328 1 2
1076 timeout 0.05 1 2
1077 timeout 0.05 1 2
1078 201 0.00493931770324707 1 2
1104 timeout 0.05 1 2
1105 201 0.0034062862396240234 1 2
1106 201 0.00398564338684082 1 2
1107 201 0.003863096237182617 1 2
1108 201 0.004425764083862305 1 2
1134 201 0.0037648677825927734 1 2
1135 201 0.003331422805786133 1 2
1136 201 0.003076314926147461 1 2
1137 201 0.004870176315307617 1 2
1138 201 0.007966995239257812 1 2
1164 201 0.0031218528747558594 1 2
1165 201 0.00348663330078125 1 2
1166 201 0.002530813217163086 1 2
1167 timeout 0.05 1 2
1168 timeout 0.05 1 2
1194 201 0.0037393569946289062 1 2
1195 timeout 0.05 1 2
1196 201 0.003737926483154297 1 2
1197 timeout 0.05 1 2
1198 201 0.0029757022857666016 1 2
1224 timeout 0.05 1 2
1225 201 0.0057373046875 1 2
1226 201 0.003383159637451172 1 2
1227 201 0.0028362274169921875 1 2
1228 201 0.004473686218261719 1 2
1254 201 0.00455021858215332 1 2
1255 201 0.0031499862670898438 1 2
1256 201 0.003040313720703125 1 2
1257 201 0.0034635066986083984 1 2
1258 201 0.0035445690155029297 1 2
1284 201 0.0052127838134765625 1 2
1285 201 0.0029070377349853516 1 2
1286 201 0.0037140846252441406 1 2
1287 201 0.0033288002014160156 1 2
1288 201 0.0057332515716552734 1 2
1314 201 0.0036313533782958984 1 2
1315 201 0.0031964778900146484 1 2
1316 201 0.004113912582397461 1 2
1317 timeout 0.05 1 2
1318 201 0.0032482147216796875 1 2
1344 201 0.003229379653930664 1 2
1345 201 0.008028268814086914 1 2
1346 201 0.003707408905029297 1 2
1347 201 0.003680706024169922 1 2
1348 timeout 0.05 1 2
1374 201 0.004708766937255859 1 2
1375 201 0.0029768943786621094 1 2
1376 201 0.0033712387084960938 1 2
1377 timeout 0.05 1 2
1378 201 0.003467559814453125 1 2
1404 201 0.007168292999267578 1 2
1405 201 0.007458686828613281 1 2
1406 201 0.005098104476928711 1 2
1407 201 0.0037012100219726562 1 2
1408 201 0.0032782554626464844 1 2
1434 201 0.004048824310302734 1 2
1435 201 0.004233121871948242 1 2
1436 201 0.003898143768310547 1 2
1437 201 0.003515481948852539 1 2
1438 201 0.0028700828552246094 1 2
1464 201 0.008391857147216797 1 2
1465 201 0.004057407379150391 1 2
1466 201 0.004012584686279297 1 2
1467 201 0.003899812698364258 1 2
1468 201 0.00384521484375 1 2
1494 201 0.008938074111938477 1 2
1495 201 0.004155874252319336 1 2
1496 201 0.003688335418701172 1 2
1497 201 0.0028727054595947266 1 2
1498 201 0.0042421817779541016 1 2
1524 201 0.0034096240997314453 1 2
1525 201 0.0033490657806396484 1 2
1526 201 0.003196239471435547 1 2
1527 201 0.003279447555541992 1 2
1528 201 0.0028705596923828125 1 2
1554 201 0.004445075988769531 1 2
1555 201 0.0030837059020996094 1 2
1556 201 0.003747701644897461 1 2
1557 201 0.003664731979370117 1 2
1558 201 0.0035681724548339844 1 2
1584 201 0.004717826843261719 1 2
1585 201 0.003125905990600586 1 2
1586 201 0.0037262439727783203 1 2
1587 timeout 0.05 1 2
1588 timeout 0.05 1 2
1614 201 0.009195327758789062 1 2
1615 201 0.01563429832458496 1 2
1616 201 0.010743856430053711 1 2
1617 201 0.005962371826171875 1 2
1618 timeout 0.05 1 2
1644 201 0.003751516342163086 1 2
1645 201 0.003505229949951172 1 2
1646 201 0.003501415252685547 1 2
1647 201 0.003573894500732422 1 2
1648 201 0.010935306549072266 1 2
1674 201 0.011363506317138672 1 2
1675 201 0.0034787654876708984 1 2
1676 timeout 0.05 1 2
1677 201 0.0032901763916015625 1 2
1678 201 0.002988100051879883 1 2
1704 201 0.00366973876953125 1 2
1705 201 0.003887653350830078 1 2
1706 201 0.0036339759826660156 1 2
1707 201 0.009483575820922852 1 2
1708 201 0.003545522689819336 1 2
1734 201 0.003927707672119141 1 2
1735 201 0.003699064254760742 1 2
1736 201 0.0037076473236083984 1 2
1737 201 0.0037233829498291016 1 2
1738 201 0.0036211013793945312 1 2
1764 timeout 0.05 1 2
1765 timeout 0.05 1 2
1766 timeout 0.05 1 2
1767 201 0.0043277740478515625 1 2
1768 201 0.003355264663696289 1 2
1794 201 0.005395174026489258 1 2
1795 201 0.006812572479248047 1 2
1796 201 0.007100582122802734 1 2
1797 201 0.007597923278808594 1 2
1798 201 0.0035970211029052734 1 2
1824 201 0.003864288330078125 1 2
1825 201 0.0040318965911865234 1 2
1826 201 0.003745555877685547 1 2
1827 201 0.0038061141967773438 1 2
1828 201 0.003625631332397461 1 2
1854 201 0.003191232681274414 1 2
1855 timeout 0.05 1 2
1856 201 0.0035903453826904297 1 2
1857 201 0.005475044250488281 1 2
1858 timeout 0.05 1 2
1884 201 0.0033066272735595703 1 1
1885 201 0.003671884536743164 1 1
1886 201 0.003395557403564453 1 1
1887 201 0.0026929378509521484 1 1
1888 201 0.0026073455810546875 1 1
1914 201 0.002790212631225586 1 1
1915 201 0.005706787109375 1 1
1916 201 0.003152132034301758 1 1
1917 201 0.0023622512817382812 1 1
1918 201 0.002735614776611328 1 1
1945 timeout 0.05 1 1
1946 201 0.01564788818359375 1 1
1947 201 0.0027561187744140625 1 1
1947 201 0.0028579235076904297 1 1
1948 201 0.003213167190551758 1 1
1975 201 0.004350423812866211 1 1
1976 201 0.005670070648193359 1 1
1977 201 0.005545854568481445 1 1
1978 201 0.003020763397216797 1 1
1979 201 0.0025873184204101562 1 1
2004 timeout 0.05 1 1
2005 201 0.0030603408813476562 1 1
2006 201 0.002767801284790039 1 1
2007 201 0.002733469009399414 1 1
2008 201 0.003534555435180664 1 1
2035 201 0.004308938980102539 1 1
2036 201 0.0027930736541748047 1 1
2037 timeout 0.05 1 1
2038 201 0.005070924758911133 1 1
2039 201 0.003046274185180664 1 1
2064 201 0.0033006668090820312 1 1
2065 201 0.0030517578125 1 1
2066 201 0.0031261444091796875 1 1
2067 201 0.003348827362060547 1 1
2068 201 0.0027587413787841797 1 1
2095 201 0.0037870407104492188 1 1
2096 201 0.004667520523071289 1 1
2097 201 0.0025510787963867188 1 1
2098 201 0.0030486583709716797 1 1
2098 201 0.0024175643920898438 1 1
2125 201 0.0041539669036865234 1 1
2126 201 0.0059053897857666016 1 1
2127 201 0.003161191940307617 1 1
2128 201 0.0032196044921875 1 1
2129 201 0.0031549930572509766 1 1
2155 201 0.0032806396484375 1 1
2156 201 0.008329629898071289 1 1
2157 201 0.0032083988189697266 1 1
2158 201 0.0037484169006347656 1 1
2159 201 0.00560450553894043 1 1
2184 201 0.002523660659790039 1 1
2185 201 0.0030486583709716797 1 1
2186 201 0.0022678375244140625 1 1
2187 201 0.0027136802673339844 1 1
2188 201 0.0032629966735839844 1 1
2214 timeout 0.05 1 1
2215 201 0.002786874771118164 1 1
2216 201 0.0028104782104492188 1 1
2217 201 0.018974781036376953 1 1
2218 201 0.002679586410522461 1 1
2244 201 0.0030486583709716797 1 1
2245 201 0.0037610530853271484 1 1
2246 201 0.002614259719848633 1 1
2247 201 0.006308794021606445 1 1
2248 201 0.0028145313262939453 1 1
2274 201 0.0027387142181396484 1 1
2275 201 0.002938508987426758 1 1
2276 201 0.0034689903259277344 1 1
2277 201 0.0027654170989990234 1 1
2278 201 0.003149271011352539 1 1
2304 201 0.003307342529296875 1 1
2305 201 0.004169464111328125 1 1
2306 201 0.0026907920837402344 1 1
2307 201 0.003639698028564453 1 1
2308 201 0.0022237300872802734 1 1
2334 201 0.003461122512817383 1 1
2335 201 0.004839181900024414 1 1
2336 201 0.0029876232147216797 1 1
2337 201 0.002680540084838867 1 1
2338 201 0.003125429153442383 1 1
2364 201 0.0032913684844970703 1 1
2365 201 0.0031485557556152344 1 1
2366 201 0.002853870391845703 1 1
2367 201 0.0029392242431640625 1 1
2368 timeout 0.05 1 1
2395 timeout 0.05 1 1
2396 timeout 0.05 1 1
2397 timeout 0.05 1 1
2398 201 0.0027446746826171875 1 1
2399 201 0.002645254135131836 1 1
2424 201 0.004003047943115234 1 1
2425 201 0.003411531448364258 1 1
2426 201 0.003182649612426758 1 1
2427 201 0.002735614776611328 1 1
2428 201 0.0033740997314453125 1 1
2454 201 0.0037698745727539062 1 2
2455 timeout 0.05 1 2
2456 timeout 0.05 1 2
2457 201 0.002901792526245117 1 2
2458 timeout 0.05 1 2
2484 201 0.003180980682373047 1 2
2485 201 0.0033936500549316406 1 2
2486 201 0.011819124221801758 1 2
2487 201 0.005174875259399414 1 2
2488 201 0.00395965576171875 1 2
2514 201 0.0033783912658691406 1 2
2515 201 0.002579212188720703 1 2
2516 201 0.002631664276123047 1 2
2517 201 0.003000020980834961 1 2
2518 timeout 0.05 1 2
2544 201 0.00421595573425293 1 2
2545 201 0.003313302993774414 1 2
2546 201 0.004092216491699219 1 2
2547 201 0.004593372344970703 1 2
2548 201 0.005733966827392578 1 2
2574 timeout 0.05 1 2
2575 201 0.0036864280700683594 1 2
2576 201 0.00299835205078125 1 2
2577 201 0.0028390884399414062 1 2
2578 201 0.004399299621582031 1 2
2604 201 0.0034227371215820312 1 2
2605 201 0.003219127655029297 1 2
2606 201 0.003281116485595703 1 2
2607 201 0.002732992172241211 1 2
2608 201 0.0032477378845214844 1 2
2634 timeout 0.05 1 2
2635 201 0.003269195556640625 1 2
2636 201 0.0034182071685791016 1 2
2637 timeout 0.05 1 2
2638 201 0.0033330917358398438 1 2
2664 201 0.003727436065673828 1 2
2665 201 0.004133701324462891 1 2
2666 201 0.007242441177368164 1 2
2667 201 0.00625157356262207 1 2
2668 201 0.0036242008209228516 1 2
2695 timeout 0.05 1 2
2695 201 0.004193305969238281 1 2
2696 201 0.003834962844848633 1 2
2697 201 0.008293867111206055 1 2
2698 timeout 0.05 1 2
2724 timeout 0.05 1 2
2725 201 0.008063793182373047 1 2
2726 timeout 0.05 1 2
2727 timeout 0.05 1 2
2728 timeout 0.05 1 2
2754 201 0.003919124603271484 1 2
2755 201 0.002521038055419922 1 2
2756 201 0.005239248275756836 1 2
2757 201 0.00440669059753418 1 2
2758 201 0.0036618709564208984 1 2
2784 201 0.0032720565795898438 1 2
2785 201 0.006426334381103516 1 2
2786 201 0.0035898685455322266 1 2
2787 201 0.007803440093994141 1 2
2788 201 0.00675201416015625 1 2
2814 201 0.003866434097290039 1 2
2815 201 0.003975629806518555 1 2
2816 201 0.003133058547973633 1 2
2817 201 0.0038688182830810547 1 2
2818 201 0.003994464874267578 1 2
2844 201 0.004687309265136719 1 2
2845 201 0.0029001235961914062 1 2
2846 201 0.0031707286834716797 1 2
2847 timeout 0.05 1 2
2848 201 0.003067493438720703 1 2
2874 201 0.0046694278717041016 1 2
2875 201 0.0038843154907226562 1 2
2876 201 0.0034437179565429688 1 2
2877 201 0.008070707321166992 1 2
2878 201 0.0037119388580322266 1 2
2904 201 0.003546476364135742 1 2
2905 201 0.004265546798706055 1 2
2906 201 0.0035495758056640625 1 2
2907 timeout 0.05 1 2
2908 timeout 0.05 1 2
2934 timeout 0.05 1 2
2935 201 0.004530429840087891 1 2
2936 timeout 0.05 1 2
2937 timeout 0.05 1 2
2938 timeout 0.05 1 2
2964 201 0.002955913543701172 1 2
2965 timeout 0.05 1 2
2966 201 0.00448918342590332 1 2
2967 201 0.0032846927642822266 1 2
2968 201 0.0038309097290039062 1 2
2994 201 0.004110097885131836 1 2
2995 201 0.008481264114379883 1 2
2996 201 0.003353595733642578 1 2
2997 201 0.0036046504974365234 1 2
2998 201 0.0049436092376708984 1 2
3024 201 0.003801584243774414 1 2
3025 201 0.003599882125854492 1 2
3026 timeout 0.05 1 2
3027 201 0.003475189208984375 1 2
3028 201 0.0037326812744140625 1 2
3054 timeout 0.05 1 2
3055 timeout 0.05 1 2
3056 201 0.008921623229980469 1 2
3057 201 0.00584721565246582 1 2
3058 201 0.002947568893432617 1 2
3084 201 0.00616765022277832 1 3
3085 201 0.004747867584228516 1 3
3086 201 0.003348112106323242 1 3
3087 201 0.0040738582611083984 1 3
3088 201 0.006479501724243164 1 3
3114 201 0.006017446517944336 1 3
3115 201 0.004143476486206055 1 3
3116 201 0.0049991607666015625 1 3
3117 201 0.002813577651977539 1 3
3118 201 0.014945507049560547 1 3
3144 201 0.005198001861572266 1 3
3145 201 0.003766298294067383 1 3
3146 201 0.0035560131072998047 1 3
3147 201 0.004601955413818359 1 3
3148 timeout 0.05 1 3
3174 201 0.007394552230834961 1 3
3175 201 0.0038399696350097656 1 3
3176 timeout 0.05 1 3
3177 201 0.003812551498413086 1 3
3178 201 0.0038919448852539062 1 3
3204 201 0.004797697067260742 1 3
3205 201 0.0063228607177734375 1 3
3206 201 0.009252071380615234 1 3
3207 timeout 0.05 1 3
3208 201 0.005020856857299805 1 3
3234 201 0.006620645523071289 1 3
3235 201 0.00550389289855957 1 3
3236 201 0.0040433406829833984 1 3
3237 201 0.003924369812011719 1 3
3238 201 0.003207683563232422 1 3
3264 timeout 0.05 1 3
3265 201 0.005743980407714844 1 3
3266 timeout 0.05 1 3
3267 timeout 0.05 1 3
3268 timeout 0.05 1 3
3294 timeout 0.05 1 3
3295 201 0.005396604537963867 1 3
3296 201 0.003935813903808594 1 3
3297 201 0.0029981136322021484 1 3
3298 201 0.0032923221588134766 1 3
3324 201 0.0059850215911865234 1 3
3325 timeout 0.05 1 3
3326 201 0.004217624664306641 1 3
3327 201 0.003644704818725586 1 3
3328 201 0.003229379653930664 1 3
3355 201 0.009696245193481445 1 3
3355 201 0.0042040348052978516 1 3
3356 201 0.003948688507080078 1 3
3357 timeout 0.05 1 3
3358 timeout 0.05 1 3
3384 201 0.0047910213470458984 1 3
3385 201 0.009355306625366211 1 3
3386 timeout 0.05 1 3
3387 201 0.004172801971435547 1 3
3388 201 0.00357818603515625 1 3
3414 201 0.00535273551940918 1 3
3415 201 0.004343271255493164 1 3
3416 201 0.004952192306518555 1 3
3417 201 0.007151365280151367 1 3
3418 201 0.004010438919067383 1 3
3444 201 0.00600123405456543 1 3
3445 201 0.0035779476165771484 1 3
3446 201 0.0035283565521240234 1 3
3447 201 0.003692626953125 1 3
3448 201 0.004546642303466797 1 3
3474 201 0.0038895606994628906 1 3
3475 201 0.005964040756225586 1 3
3476 201 0.004652738571166992 1 3
3477 201 0.00422215461730957 1 3
3478 201 0.003481149673461914 1 3
3504 201 0.0038039684295654297 1 3
3505 201 0.00945138931274414 1 3
3506 201 0.004045963287353516 1 3
3507 201 0.00586700439453125 1 3
3508 201 0.003651857376098633 1 3
3534 timeout 0.05 1 3
3535 201 0.00612640380859375 1 3
3536 timeout 0.05 1 3
3537 201 0.005807161331176758 1 3
3538 201 0.003934383392333984 1 3
3564 timeout 0.05 1 2
3565 201 0.003047943115234375 1 2
3566 201 0.0031838417053222656 1 2
3567 201 0.005419015884399414 1 2
3568 timeout 0.05 1 2
3594 201 0.0036656856536865234 1 2
3595 201 0.005145549774169922 1 2
3596 201 0.003605365753173828 1 2
3597 timeout 0.05 1 2
3598 201 0.003427267074584961 1 2
3624 201 0.004891872406005859 1 1
3625 201 0.0028808116912841797 1 1
3626 201 0.002955198287963867 1 1
3628 timeout 0.05 1 1
3628 201 0.0032470226287841797 1 1
