2 55.48 
4 22.46 
6 21.59 
8 21.57 
10 13.50 
12 23.45 
14 56.09 
16 15.22 
18 10.36 
20 13.92 
22 6.90 
24 21.56 
26 16.14 
28 20.70 
30 47.35 
30 0.28 
30 0.45 
30 0.09 
32 48.74 
34 16.19 
36 17.69 
38 21.14 
40 24.33 
42 39.96 
43 38.11 
45 5.89 
47 8.66 
49 8.75 
51 10.80 
53 8.59 
55 1.69 
57 4.50 
59 20.40 
60 12.75 
60 0.16 
60 0.25 
60 0.16 
60 100.89 
62 54.56 
64 23.30 
66 61.97 
68 31.25 
70 29.21 
72 39.18 
74 19.66 
76 13.86 
78 8.70 
80 61.98 
82 12.17 
84 23.79 
86 8.87 
88 11.32 
90 35.82 
90 0.13 
90 0.15 
90 0.18 
92 67.13 
94 14.51 
96 28.83 
97 17.60 
99 16.53 
101 20.99 
103 9.68 
105 11.87 
107 11.30 
109 8.32 
111 14.43 
113 13.28 
115 20.05 
117 5.68 
119 38.76 
120 0.12 
120 0.14 
120 0.58 
121 27.12 
123 12.59 
125 27.58 
127 42.24 
129 20.53 
131 9.76 
133 45.05 
135 35.79 
137 14.73 
139 9.56 
141 19.07 
143 20.52 
145 15.14 
147 26.90 
149 8.00 
150 6.12 
150 0.11 
150 0.09 
152 37.05 
154 43.16 
156 20.34 
158 51.33 
160 10.26 
162 21.53 
164 29.34 
166 8.85 
168 9.13 
170 17.28 
172 19.73 
174 10.75 
176 8.58 
178 31.42 
180 8.69 
180 0.10 
180 0.17 
180 0.24 
180 101.92 
182 35.08 
184 9.54 
186 16.71 
188 26.87 
190 12.81 
192 23.00 
194 12.26 
196 47.96 
198 11.40 
200 10.81 
202 21.82 
204 31.84 
206 5.15 
208 5.47 
210 5.37 
210 0.17 
210 0.11 
210 0.16 
212 31.49 
214 35.40 
216 38.51 
218 14.98 
219 20.57 
221 6.13 
223 45.97 
225 15.60 
227 14.18 
229 7.45 
231 1.95 
233 15.02 
235 74.19 
237 12.81 
239 18.26 
240 0.14 
240 0.29 
240 0.15 
241 41.81 
243 19.98 
245 31.46 
247 49.59 
249 55.20 
251 23.92 
253 17.39 
255 11.23 
257 16.17 
259 30.12 
261 17.28 
263 100.51 
265 100.90 
267 100.99 
269 100.61 
270 100.47 
270 45.16 
270 2.01 
272 26.33 
272 31.64 
274 22.46 
274 24.72 
276 22.25 
276 19.57 
278 15.01 
278 35.44 
280 12.90 
280 12.83 
282 34.37 
282 30.82 
284 12.43 
284 10.34 
286 19.84 
286 26.10 
287 8.49 
287 9.09 
289 8.43 
289 21.19 
291 5.88 
291 5.40 
293 18.14 
293 6.47 
295 9.12 
295 10.05 
297 15.01 
297 11.04 
299 9.44 
299 11.02 
300 0.16 
300 0.16 
300 0.17 
300 0.16 
300 0.13 
300 0.16 
301 19.10 
303 41.76 
305 27.92 
307 62.00 
309 31.09 
311 22.60 
313 8.60 
315 6.60 
317 5.93 
319 16.41 
321 9.85 
322 18.99 
324 7.37 
326 14.36 
328 11.99 
330 18.50 
330 0.18 
330 0.12 
330 0.18 
330 101.33 
332 55.89 
334 103.39 
336 43.76 
337 14.08 
339 31.11 
341 14.72 
343 21.61 
345 13.89 
347 17.19 
349 11.30 
351 42.66 
353 29.75 
355 30.72 
357 23.61 
359 12.42 
360 0.19 
360 0.12 
360 1.03 
362 36.09 
364 49.21 
366 24.86 
368 47.71 
370 35.51 
372 26.42 
374 16.16 
376 23.70 
378 23.51 
380 20.21 
382 33.74 
384 14.68 
386 6.49 
388 24.66 
390 19.71 
390 0.09 
390 0.09 
390 0.11 
392 43.07 
394 49.65 
396 31.00 
398 35.56 
400 22.17 
402 16.95 
404 9.34 
406 4.08 
408 21.52 
409 18.40 
411 13.70 
413 18.62 
415 13.68 
417 8.59 
419 16.17 
420 0.11 
420 0.19 
420 0.12 
422 31.54 
424 24.63 
426 38.68 
428 39.82 
430 31.07 
432 12.98 
433 8.16 
435 17.45 
437 11.34 
439 25.26 
441 40.11 
443 34.01 
445 12.34 
447 18.25 
449 11.11 
450 0.94 
450 0.15 
450 2.08 
451 78.23 
453 39.74 
455 35.82 
457 40.22 
459 37.27 
461 24.04 
463 23.55 
465 26.22 
467 23.15 
469 22.16 
471 19.07 
473 98.35 
475 16.06 
477 14.56 
479 8.27 
480 4.85 
480 0.09 
480 0.11 
481 65.47 
483 40.92 
485 37.65 
487 22.26 
489 38.15 
491 28.17 
493 15.09 
495 39.78 
497 32.35 
499 25.09 
501 36.79 
503 17.22 
504 27.26 
506 8.56 
508 13.70 
510 6.63 
510 0.13 
510 0.22 
510 0.13 
510 101.17 
512 68.06 
514 46.17 
516 54.88 
518 32.65 
520 47.73 
522 21.92 
524 40.81 
526 10.05 
528 30.84 
530 23.83 
531 27.00 
533 20.51 
535 45.25 
537 20.80 
539 17.85 
540 0.12 
540 0.15 
540 0.18 
542 87.68 
544 45.04 
545 36.62 
547 27.84 
549 24.79 
551 16.36 
553 30.34 
555 23.31 
557 18.85 
559 9.44 
561 10.09 
562 17.88 
564 17.29 
566 15.89 
568 16.11 
570 15.04 
570 0.27 
570 1.27 
570 0.12 
570 101.64 
572 34.14 
573 101.54 
575 55.17 
577 51.50 
579 56.59 
581 22.91 
583 29.78 
585 27.57 
587 24.42 
589 36.12 
591 24.85 
593 25.91 
595 13.11 
597 41.30 
599 16.80 
600 7.03 
600 0.12 
600 1.00 
600 0.14 
600 101.72 
601 65.06 
603 42.27 
605 50.73 
607 35.47 
609 18.54 
611 35.62 
613 32.24 
615 27.14 
617 37.55 
619 16.28 
621 20.25 
623 23.63 
625 48.16 
627 22.99 
629 10.83 
630 6.80 
630 0.25 
630 3.21 
630 0.18 
630 99.94 
631 75.74 
633 42.63 
635 27.32 
637 45.69 
639 10.87 
641 13.33 
643 17.53 
644 25.41 
646 14.90 
648 33.01 
650 36.95 
652 31.13 
654 26.43 
656 20.30 
658 36.74 
660 20.77 
660 0.11 
660 1.08 
660 0.12 
660 102.98 
662 76.15 
664 100.40 
666 60.42 
668 65.71 
670 15.84 
671 36.95 
673 12.62 
675 32.63 
677 40.47 
679 24.54 
681 14.65 
683 14.56 
685 25.66 
687 17.75 
689 20.08 
690 3.17 
690 0.31 
690 0.24 
690 0.20 
690 102.29 
691 65.74 
693 55.98 
695 52.12 
697 36.31 
699 20.28 
701 27.19 
702 39.30 
704 33.96 
706 19.66 
708 11.59 
710 20.79 
712 8.07 
714 11.94 
716 9.59 
717 19.22 
719 13.61 
720 0.10 
720 0.17 
720 0.09 
722 73.23 
724 56.10 
726 64.98 
728 44.98 
730 39.54 
732 40.91 
734 22.43 
735 15.15 
737 37.65 
739 41.96 
741 9.86 
743 27.77 
745 18.38 
747 27.69 
749 44.22 
750 7.89 
750 0.12 
750 0.12 
750 0.27 
750 101.13 
752 57.18 
753 63.73 
755 45.78 
757 74.32 
759 25.08 
761 30.97 
763 48.45 
765 14.28 
767 25.79 
768 18.07 
770 38.38 
772 22.61 
774 15.88 
776 7.32 
778 12.00 
780 7.74 
780 0.18 
780 0.16 
780 0.16 
782 99.12 
784 70.57 
786 62.43 
788 25.16 
790 43.14 
791 26.41 
793 44.64 
795 21.84 
797 32.51 
799 40.75 
801 82.57 
803 34.72 
805 26.93 
806 15.83 
808 20.65 
810 12.21 
810 0.46 
810 1.10 
810 0.12 
810 100.91 
812 53.06 
814 33.08 
815 31.64 
817 54.83 
819 16.39 
821 49.38 
823 92.87 
825 54.04 
827 16.92 
829 21.04 
831 42.29 
832 9.66 
834 17.59 
836 19.24 
838 10.03 
840 26.35 
840 0.08 
840 0.08 
840 0.16 
840 100.11 
841 85.79 
843 99.80 
845 81.47 
847 43.90 
849 43.39 
851 24.21 
853 26.73 
855 26.31 
857 22.79 
858 12.40 
860 45.75 
862 20.86 
864 11.75 
866 41.68 
868 11.63 
870 18.98 
870 0.20 
870 0.13 
870 0.18 
871 39.77 
873 66.97 
875 56.57 
877 14.16 
879 36.18 
880 14.68 
882 14.01 
884 42.40 
886 63.94 
888 22.82 
890 25.33 
892 10.94 
894 24.91 
896 25.59 
898 11.96 
899 23.81 
900 0.27 
900 0.19 
900 0.15 
901 67.05 
903 80.08 
905 29.94 
907 21.44 
909 28.37 
911 45.26 
913 35.23 
915 23.48 
916 16.90 
918 23.17 
920 41.94 
922 27.79 
924 12.71 
926 30.00 
928 15.67 
930 30.05 
930 0.10 
930 0.17 
930 0.19 
931 59.96 
933 62.84 
935 65.36 
937 36.93 
939 76.36 
941 38.92 
943 28.73 
945 20.25 
947 27.47 
949 17.16 
950 30.63 
952 30.12 
954 18.44 
956 21.90 
958 30.03 
960 34.42 
960 0.14 
960 1.11 
960 0.13 
960 100.87 
962 90.47 
964 44.25 
965 45.74 
967 30.99 
969 31.97 
971 59.29 
973 60.81 
975 18.92 
977 27.75 
979 25.63 
981 60.83 
982 12.07 
984 24.50 
986 43.70 
988 38.79 
990 26.54 
990 0.18 
990 0.19 
990 0.10 
990 101.31 
991 84.24 
993 55.85 
995 67.34 
997 63.88 
999 51.24 
1001 50.25 
1003 41.98 
1004 35.81 
1006 23.44 
1008 25.07 
1010 63.32 
1012 17.36 
1014 22.05 
1015 14.20 
1017 46.94 
1019 16.07 
1020 0.21 
1020 0.18 
1020 0.09 
1022 93.69 
1024 103.55 
1026 86.97 
1028 45.57 
1029 38.34 
1031 36.87 
1033 38.61 
1035 18.66 
1037 13.00 
1039 39.64 
1041 28.04 
1042 26.06 
1044 35.89 
1046 21.15 
1048 25.61 
1050 14.71 
1050 0.34 
1050 0.16 
1050 0.12 
1050 101.99 
1051 39.30 
1053 72.03 
1055 86.46 
1057 54.53 
1059 35.35 
1060 32.80 
1062 46.14 
1064 23.58 
1066 21.02 
1068 52.97 
1070 30.34 
1072 11.57 
1074 22.77 
1076 42.83 
1077 11.95 
1079 11.68 
1080 0.16 
1080 0.09 
1080 0.41 
1082 76.10 
1084 20.20 
1085 38.49 
1087 27.77 
1089 55.15 
1091 39.49 
1093 50.59 
1095 35.99 
1097 61.58 
1099 39.40 
1101 37.56 
1103 26.29 
1104 11.47 
1106 12.84 
1108 25.34 
1110 62.76 
1110 0.10 
1110 0.09 
1110 0.18 
1110 100.22 
1112 43.91 
1113 101.49 
1115 75.50 
1117 66.21 
1119 48.57 
1121 42.51 
1123 42.02 
1125 100.84 
1126 101.09 
1128 44.25 
1130 19.55 
1132 15.02 
1134 18.23 
1136 25.34 
1137 23.10 
1139 21.89 
1140 0.13 
1140 0.19 
1140 0.19 
1141 32.40 
1143 97.94 
1145 29.29 
1147 47.60 
1149 44.39 
1150 41.30 
1152 23.21 
1154 40.83 
1156 82.58 
1158 30.08 
1160 28.57 
1162 24.65 
1164 35.59 
1165 60.34 
1167 15.71 
1169 24.00 
1170 0.23 
1170 0.16 
1170 0.09 
1171 31.19 
1173 74.42 
1175 77.97 
1177 53.67 
1179 57.63 
1181 47.36 
1183 41.35 
1185 19.65 
1186 13.63 
1188 25.85 
1190 11.29 
1192 27.87 
1194 13.75 
1196 32.93 
1197 13.50 
1199 23.42 
1200 0.14 
1200 0.30 
1200 0.44 
1201 68.05 
1203 82.67 
1205 70.28 
1207 37.30 
1209 18.76 
1211 41.65 
1212 35.79 
1214 21.75 
1216 41.84 
1218 29.65 
1220 22.45 
1222 14.69 
1224 19.39 
1225 12.35 
1227 10.15 
1229 31.39 
1230 0.15 
1230 0.14 
1230 0.37 
1231 35.54 
1233 55.17 
1235 56.15 
1237 33.55 
1239 38.21 
1241 27.18 
1243 31.65 
1244 24.85 
1246 35.24 
1248 34.00 
1250 18.44 
1252 24.95 
1254 21.33 
1256 17.47 
1257 11.84 
1259 37.29 
1260 0.15 
1260 0.19 
1260 0.25 
1261 49.02 
1263 74.36 
1265 102.95 
1267 40.56 
1269 40.74 
1270 29.44 
1272 39.66 
1274 42.48 
1276 53.03 
1278 62.08 
1280 38.40 
1282 24.75 
1284 38.98 
1286 26.82 
1288 20.68 
1290 9.65 
1290 0.41 
1290 1.26 
1290 0.16 
1290 102.45 
1292 82.78 
1294 61.65 
1295 35.22 
1297 41.37 
1299 27.42 
1301 33.35 
1303 32.27 
1305 30.81 
1307 32.87 
1309 29.65 
1311 21.34 
1313 23.96 
1315 30.98 
1317 16.13 
1318 13.29 
1320 54.93 
1320 0.18 
1320 0.08 
1320 0.12 
1320 101.10 
1321 69.56 
1323 48.49 
1325 60.36 
1327 52.11 
1329 35.45 
1331 58.06 
1333 40.35 
1335 24.15 
1337 21.20 
1339 25.03 
1340 8.85 
1342 12.58 
1344 17.98 
1346 11.37 
1348 13.67 
1350 12.93 
1350 0.16 
1350 0.17 
1350 0.24 
1352 72.97 
1354 49.83 
1355 47.69 
1357 52.30 
1359 17.43 
1361 14.88 
1363 14.03 
1365 27.78 
1367 63.11 
1368 22.89 
1370 31.63 
1372 26.09 
1374 20.20 
1376 20.35 
1378 30.97 
1380 18.00 
1380 0.15 
1380 0.19 
1380 0.20 
1381 42.17 
1383 61.29 
1385 85.18 
1387 55.64 
1389 29.63 
1391 33.06 
1393 15.27 
1394 49.90 
1396 43.91 
1398 28.55 
1400 39.31 
1402 24.16 
1404 28.88 
1406 12.72 
1408 27.80 
1410 18.81 
1410 0.13 
1410 0.14 
1410 0.16 
1411 55.60 
1413 64.90 
1415 65.61 
1417 48.71 
1419 34.00 
1421 28.09 
1423 29.59 
1424 44.49 
1426 8.36 
1428 30.55 
1430 28.37 
1432 30.78 
1434 22.99 
1436 10.75 
1438 10.69 
1440 13.51 
1440 0.25 
1440 0.09 
1440 0.15 
1441 72.61 
1443 24.03 
1445 35.43 
1447 56.59 
1449 22.19 
1451 24.89 
1453 15.03 
1454 6.38 
1456 30.70 
1458 49.69 
1460 17.34 
1462 10.60 
1464 10.48 
1466 15.59 
1468 23.99 
1470 27.05 
1470 0.27 
1470 0.22 
1470 0.13 
1470 102.10 
1471 86.16 
1473 54.73 
1475 37.38 
1477 50.83 
1479 23.12 
1481 18.27 
1483 20.35 
1485 47.94 
1487 31.69 
1489 21.96 
1491 21.37 
1493 24.61 
1495 14.54 
1497 36.15 
1499 13.71 
1500 4.62 
1500 0.18 
1500 1.49 
1502 48.64 
1503 22.80 
1505 53.50 
1507 44.35 
1509 14.83 
1511 25.47 
1513 12.72 
1515 16.52 
1517 14.10 
1519 12.32 
1521 32.52 
1523 26.28 
1524 15.72 
1526 12.21 
1528 13.31 
1530 10.44 
1530 0.16 
1530 0.09 
1530 0.18 
1530 101.45 
1532 66.14 
1534 55.24 
1536 31.09 
1538 23.37 
1540 26.27 
1542 25.32 
1544 17.57 
1545 17.63 
1547 26.80 
1549 21.10 
1551 25.77 
1553 18.88 
1555 33.43 
1557 17.76 
1559 27.00 
1560 0.12 
1560 0.08 
1560 0.10 
1561 58.29 
1563 38.67 
1565 27.63 
1567 50.08 
1569 71.16 
1571 33.47 
1573 23.36 
1575 38.82 
1577 32.98 
1579 26.91 
1581 31.00 
1582 7.12 
1584 22.11 
1586 16.67 
1588 13.92 
1590 4.68 
1590 0.08 
1590 0.17 
1590 0.12 
1590 102.43 
1592 101.08 
1594 102.73 
1596 72.93 
1598 43.73 
1600 45.68 
1602 38.10 
1604 32.52 
1606 25.83 
1608 26.15 
1610 7.45 
1611 12.74 
1613 13.37 
1615 17.86 
1617 23.90 
1619 12.66 
1620 0.11 
1620 0.11 
1620 1.00 
1622 62.22 
1624 41.25 
1626 70.45 
1628 30.94 
1630 20.22 
1632 20.36 
1634 15.95 
1636 25.01 
1638 30.65 
1640 98.94 
1641 67.93 
1643 10.87 
1645 10.21 
1647 51.17 
1649 18.02 
1650 0.30 
1650 0.14 
1650 0.27 
1652 74.69 
1653 55.55 
1655 44.29 
1657 26.08 
1659 52.99 
1661 32.56 
1663 27.12 
1665 27.45 
1667 19.97 
1669 10.80 
1671 25.96 
1673 12.44 
1675 23.91 
1677 27.14 
1679 34.61 
1680 4.29 
1680 0.19 
1680 0.15 
1680 0.13 
1680 101.42 
1681 49.86 
1683 92.46 
1685 53.79 
1687 69.40 
1689 41.35 
1691 19.52 
1693 21.64 
1695 25.86 
1697 11.34 
1699 16.02 
1701 13.25 
1703 14.65 
1705 16.70 
1707 17.50 
1709 26.41 
1710 1.64 
1710 0.20 
1710 0.25 
1712 46.83 
1714 25.67 
1716 27.95 
1718 57.05 
1720 22.82 
1722 37.45 
1724 10.13 
1726 16.67 
1728 22.35 
1730 29.20 
1732 22.60 
1734 31.45 
1736 11.43 
1738 14.53 
1740 13.35 
1740 0.12 
1740 0.14 
1740 0.11 
1740 102.40 
1742 49.62 
1744 15.91 
1746 101.27 
1748 24.96 
1750 40.08 
1751 45.85 
1753 14.87 
1755 19.55 
1757 16.01 
1759 98.69 
1761 13.97 
1763 12.78 
1765 62.38 
1766 72.15 
1768 19.81 
1770 21.69 
1770 0.22 
1770 0.13 
1770 0.19 
1770 102.03 
1771 45.18 
1773 60.43 
1775 93.26 
1777 42.67 
1779 20.15 
1781 20.28 
1783 10.63 
1785 20.50 
1787 21.17 
1789 12.35 
1791 14.97 
1793 8.06 
1795 16.48 
1797 15.59 
1799 17.52 
1800 1.83 
1800 0.23 
1800 0.99 
1802 52.40 
1804 34.50 
1806 37.89 
1808 21.27 
1810 22.05 
1812 59.06 
1814 17.65 
1816 21.19 
1818 28.97 
1820 90.73 
1822 29.29 
1823 27.11 
1825 15.63 
1827 22.06 
1829 38.42 
1830 0.10 
1830 0.08 
1830 0.10 
1831 42.03 
1833 102.99 
1835 55.14 
1837 29.58 
1839 33.72 
1841 13.95 
1843 19.08 
1845 28.34 
1847 73.52 
1849 18.36 
1851 18.19 
1853 15.13 
1855 20.67 
1857 11.49 
1859 11.19 
1860 3.48 
1860 0.10 
1860 0.13 
1860 0.12 
1860 100.56 
1861 45.53 
1863 27.55 
1865 46.85 
1867 16.62 
1869 42.70 
1871 19.34 
1873 21.55 
1875 18.34 
1877 13.35 
1879 18.48 
1881 29.61 
1883 16.97 
1885 26.67 
1887 12.30 
1889 12.11 
1890 0.91 
1890 0.16 
1890 1.12 
1892 79.13 
1894 43.53 
1896 21.40 
1898 29.94 
1900 39.57 
1902 20.48 
1904 25.68 
1906 18.01 
1908 41.16 
1910 23.57 
1912 14.12 
1914 21.94 
1916 22.71 
1918 4.21 
1920 14.23 
1920 0.11 
1920 0.17 
1920 0.11 
1922 36.82 
1924 16.80 
1925 7.88 
1927 10.93 
1929 12.25 
1931 18.20 
1933 13.75 
1935 30.00 
1937 19.74 
1939 13.87 
1941 11.54 
1943 14.62 
1945 30.10 
1947 12.69 
1949 18.18 
1950 0.14 
1950 0.14 
1950 0.10 
1952 27.64 
1954 17.31 
1956 26.33 
1958 10.82 
1960 38.81 
1962 25.82 
1964 23.70 
1966 16.84 
1968 19.14 
1970 44.53 
1972 6.31 
1974 18.88 
1976 16.27 
1978 5.52 
1980 36.36 
1980 0.16 
1980 0.16 
1980 0.13 
1980 102.48 
1982 58.19 
1984 56.32 
1986 54.02 
1988 33.27 
1990 28.68 
1992 19.62 
1994 16.51 
1996 7.73 
1998 31.55 
2000 22.74 
2002 94.48 
2004 23.07 
2005 20.67 
2007 4.41 
2009 7.16 
2010 0.11 
2010 0.23 
2010 0.12 
2011 38.57 
2013 30.73 
2015 16.42 
2017 31.76 
2019 42.14 
2021 21.98 
2023 8.72 
2025 13.82 
2027 20.09 
2029 11.72 
2031 7.49 
2033 9.34 
2035 24.79 
2037 30.36 
2039 10.79 
2040 0.18 
2040 0.11 
2040 1.00 
2041 31.26 
2043 11.82 
2045 27.04 
2047 12.96 
2049 16.39 
2051 18.42 
2053 9.90 
2055 61.24 
2057 40.12 
2059 23.16 
2061 11.67 
2063 7.24 
2065 9.99 
2067 19.10 
2069 11.60 
2070 0.77 
2070 0.11 
2070 1.16 
2072 27.44 
2074 37.39 
2076 83.00 
2078 13.21 
2080 28.52 
2082 52.99 
2084 22.98 
2086 14.64 
2088 6.37 
2090 9.63 
2092 10.28 
2094 28.16 
2096 7.78 
2098 8.13 
2100 11.37 
2100 0.09 
2100 0.28 
2100 0.39 
2102 60.79 
2104 16.61 
2106 24.67 
2108 31.71 
2110 9.64 
2111 4.64 
2113 57.59 
2115 8.85 
2117 14.25 
2119 16.66 
2121 31.31 
2123 19.49 
2125 11.28 
2127 10.89 
2129 25.56 
2130 0.12 
2130 0.10 
2130 0.11 
2132 39.38 
2134 30.41 
2136 12.72 
2138 32.44 
2140 33.26 
2142 15.55 
2144 13.25 
2146 8.68 
2148 14.02 
2150 11.56 
2152 10.05 
2154 16.09 
2156 14.64 
2158 6.61 
2160 26.10 
2160 0.18 
2160 0.09 
2160 0.14 
2162 48.31 
2163 28.03 
2165 30.99 
2167 24.26 
2169 52.03 
2171 8.34 
2173 10.30 
2175 11.53 
2177 11.45 
2179 11.51 
2181 16.49 
2183 12.09 
2185 20.47 
2187 26.84 
2189 25.18 
2190 7.46 
2190 0.23 
2190 0.22 
2190 0.17 
2190 101.11 
2192 52.36 
2194 93.32 
2196 41.23 
2198 69.00 
2200 35.29 
2202 21.50 
2204 9.27 
2205 6.95 
2207 54.64 
2209 13.28 
2211 14.11 
2213 37.91 
2215 6.90 
2217 17.04 
2219 33.34 
2220 3.98 
2220 0.16 
2220 0.12 
2222 41.65 
2223 34.83 
2225 34.28 
2227 27.48 
2229 44.37 
2231 20.40 
2233 19.49 
2235 12.07 
2237 14.09 
2239 30.99 
2241 19.26 
2243 16.46 
2245 7.73 
2247 19.90 
2249 8.54 
2250 8.11 
2250 0.21 
2250 1.85 
2252 45.50 
2254 42.50 
2256 24.33 
2258 41.21 
2260 32.81 
2261 23.15 
2263 8.81 
2265 10.25 
2267 10.81 
2269 20.04 
2271 12.62 
2273 42.69 
2275 14.94 
2277 22.15 
2279 11.26 
2280 2.18 
2280 0.11 
2280 1.94 
2280 0.13 
2280 99.85 
2282 62.20 
2284 50.98 
2286 20.41 
2288 40.05 
2290 40.44 
2292 23.91 
2294 29.38 
2295 18.20 
2297 42.89 
2299 10.92 
2301 59.25 
2303 17.58 
2305 23.37 
2307 7.29 
2309 6.70 
2310 0.12 
2310 0.20 
2310 2.79 
2311 42.39 
2313 59.24 
2315 69.96 
2317 66.11 
2319 32.26 
2321 21.34 
2323 13.34 
2325 22.16 
2327 13.42 
2329 27.23 
2331 20.52 
2333 21.81 
2335 12.66 
2337 12.30 
2339 18.24 
2340 7.30 
2340 0.13 
2340 0.12 
2340 0.11 
2340 99.52 
2342 61.87 
2344 32.40 
2346 18.19 
2347 10.00 
2349 32.99 
2351 27.35 
2353 6.46 
2355 19.86 
2357 26.10 
2359 10.78 
2361 20.47 
2363 20.76 
2365 18.09 
2367 14.74 
2369 12.03 
2370 0.65 
2370 0.40 
2370 5.08 
2372 61.46 
2374 40.52 
2376 54.68 
2378 64.38 
2380 23.06 
2382 22.07 
2384 28.10 
2386 18.17 
2388 19.68 
2389 31.69 
2391 10.24 
2393 22.86 
2395 17.67 
2397 13.30 
2399 8.60 
2400 0.17 
2400 0.17 
2400 0.09 
2401 28.78 
2403 61.61 
2405 49.30 
2407 49.87 
2409 22.77 
2411 60.36 
2413 27.63 
2415 47.09 
2417 22.85 
2419 29.71 
2421 19.47 
2423 19.60 
2425 26.81 
2427 17.75 
2429 9.57 
2430 0.22 
2430 0.23 
2430 1.34 
2432 95.79 
2434 103.79 
2436 45.92 
2437 28.98 
2439 18.55 
2441 41.70 
2443 27.06 
2445 15.34 
2447 19.74 
2449 17.41 
2450 19.61 
2452 15.39 
2454 85.61 
2456 18.95 
2458 19.72 
2460 29.77 
2460 0.10 
2460 0.14 
2460 0.10 
2460 100.76 
2462 74.26 
2464 28.70 
2466 67.99 
2468 39.46 
2469 19.81 
2471 15.66 
2473 28.48 
2475 75.82 
2477 16.69 
2479 46.68 
2481 23.78 
2483 12.63 
2485 23.31 
2487 14.72 
2489 22.38 
2490 7.54 
2490 0.14 
2490 0.13 
2490 0.18 
2490 101.51 
2491 57.38 
2493 39.64 
2495 77.17 
2497 31.97 
2499 22.38 
2501 34.56 
2503 29.12 
2505 34.15 
2507 22.89 
2509 22.22 
2510 12.67 
2512 8.91 
2514 5.89 
2516 11.38 
2518 25.08 
2520 6.57 
2520 0.40 
2520 1.37 
2520 0.10 
2521 87.70 
2523 31.24 
2525 60.89 
2527 38.38 
2529 64.14 
2531 20.67 
2533 26.40 
2535 29.61 
2537 17.90 
2539 15.62 
2541 23.46 
2543 101.23 
2544 101.99 
2546 31.03 
2548 24.11 
2550 8.81 
2550 0.08 
2550 0.23 
2550 0.30 
2550 101.01 
2552 76.34 
2554 96.61 
2556 77.01 
2558 54.81 
2560 23.51 
2562 17.35 
2563 12.10 
2565 37.28 
2567 19.22 
2569 102.62 
2571 101.12 
2573 100.82 
2575 101.11 
2577 101.04 
2579 101.63 
2580 100.37 
2580 0.13 
2580 1.11 
2582 44.72 
2582 57.22 
2584 13.27 
2584 84.96 
2586 17.58 
2586 54.11 
2588 16.28 
2588 84.21 
2590 22.48 
2590 48.41 
2592 34.85 
2592 52.98 
2593 11.44 
2593 16.58 
2595 23.76 
2595 9.90 
2597 8.03 
2597 10.19 
2599 13.99 
2599 7.39 
2601 10.27 
2601 13.93 
2603 9.96 
2603 12.55 
2605 4.08 
2605 14.44 
2607 4.41 
2607 23.25 
2609 18.04 
2609 10.12 
2610 4.44 
2610 5.44 
2610 0.09 
2610 0.08 
2610 1.34 
2610 1.09 
2610 0.11 
2610 0.19 
2610 101.76 
2611 62.23 
2613 51.35 
2615 16.81 
2617 29.18 
2619 64.87 
2621 26.18 
2623 21.23 
2625 64.37 
2627 46.42 
2628 14.63 
2630 25.25 
2633 17.64 
2635 12.70 
2637 24.01 
2639 45.05 
2640 2.37 
2640 0.10 
2640 0.16 
2642 76.11 
2644 52.77 
2645 75.40 
2647 31.21 
2649 26.60 
2651 23.99 
2653 21.79 
2655 87.31 
2657 25.61 
2659 38.78 
2661 26.31 
2662 12.44 
2664 48.95 
2666 15.09 
2668 21.65 
2670 10.20 
2670 0.13 
2670 1.07 
2670 0.12 
2670 101.48 
2672 76.47 
2674 67.15 
2676 50.47 
2678 54.57 
2680 35.58 
2682 34.90 
2684 27.62 
2686 34.27 
2688 28.70 
2689 31.46 
2691 32.80 
2693 10.57 
2695 19.07 
2697 35.13 
2699 16.18 
2700 45.23 
2700 0.10 
2700 0.09 
2700 0.11 
2700 101.95 
2701 51.18 
2703 61.31 
2705 44.59 
2707 41.75 
2709 28.39 
2711 35.81 
2713 38.29 
2714 21.06 
2716 23.07 
2718 26.77 
2720 31.05 
2722 37.04 
2724 24.36 
2726 9.15 
2728 12.66 
2730 26.38 
2730 0.11 
2730 0.11 
2730 0.45 
2731 76.61 
2733 84.53 
2735 76.98 
2737 38.08 
2739 11.29 
2741 25.05 
2743 22.90 
2745 42.89 
2747 26.30 
2749 18.32 
2751 23.45 
2753 52.79 
2755 17.64 
2757 30.76 
2758 57.24 
2760 7.86 
2760 0.18 
2760 0.22 
2760 0.21 
2760 100.88 
2761 59.72 
2763 51.55 
2765 47.35 
2767 73.96 
2769 42.89 
2771 30.93 
2773 25.68 
2774 29.28 
2776 27.73 
2778 24.48 
2780 26.02 
2782 8.62 
2783 20.30 
2785 25.77 
2787 19.95 
2789 15.59 
2790 0.14 
2790 0.20 
2790 0.25 
2791 54.96 
2793 100.75 
2795 98.87 
2797 78.36 
2799 32.29 
2801 18.40 
2803 53.71 
2805 48.92 
2806 20.94 
2808 54.49 
2810 27.12 
2812 31.22 
2814 17.16 
2816 25.81 
2818 20.70 
2820 7.93 
2820 0.11 
2820 0.17 
2820 0.16 
2821 73.26 
2823 102.44 
2825 92.30 
2827 59.12 
2829 27.99 
2831 54.84 
2833 27.94 
2835 30.69 
2837 18.47 
2839 34.80 
2840 16.23 
2842 15.90 
2844 29.62 
2846 26.26 
2848 9.57 
2850 8.68 
2850 0.07 
2850 0.19 
2850 0.21 
2850 101.83 
2851 22.32 
2853 96.51 
2855 94.06 
2857 78.77 
2859 26.22 
2861 23.76 
2862 32.47 
2864 19.63 
2866 12.03 
2868 52.10 
2870 61.57 
2872 24.41 
2874 23.09 
2876 31.88 
2878 24.63 
2880 17.82 
2880 0.08 
2880 0.13 
2880 0.19 
2880 101.64 
2882 58.33 
2883 86.59 
2885 57.36 
2887 34.10 
2889 23.35 
2891 61.75 
2893 51.36 
2895 25.81 
2897 42.96 
2899 36.45 
2900 17.72 
2902 32.22 
2904 53.33 
2906 36.56 
2908 29.00 
2910 46.18 
2910 0.08 
2910 0.13 
2910 0.12 
2910 101.81 
2911 77.75 
2913 100.62 
2915 84.95 
2917 36.93 
2918 42.06 
2920 40.55 
2922 44.45 
2924 53.24 
2926 60.78 
2927 11.38 
2929 40.78 
2931 18.53 
2933 32.31 
2935 20.53 
2937 7.48 
2939 79.53 
2940 10.18 
2940 0.41 
2940 1.40 
2940 0.13 
2940 102.54 
2941 60.19 
2943 68.85 
2945 66.77 
2947 41.62 
2949 46.35 
2951 30.34 
2953 71.16 
2954 31.22 
2956 36.13 
2958 30.13 
2960 39.09 
2962 16.85 
2964 48.95 
2966 24.40 
2967 57.21 
2969 19.31 
2970 0.09 
2970 0.14 
2970 0.12 
2971 6.08 
2973 102.19 
2975 101.63 
2977 75.21 
2979 40.27 
2981 27.14 
2982 36.54 
2984 34.99 
2986 100.90 
2988 99.93 
2990 102.40 
2992 103.03 
2994 101.99 
2996 101.27 
2998 100.94 
3000 54.87 
3000 0.13 
3000 0.11 
3000 0.33 
3001 49.08 
3001 48.23 
3003 52.86 
3003 53.30 
3005 35.56 
3005 63.99 
3007 28.57 
3007 40.20 
3009 14.23 
3009 13.96 
3011 27.92 
3011 20.94 
3013 21.24 
3013 18.08 
3015 21.81 
3015 16.44 
3017 8.91 
3017 11.71 
3018 9.68 
3018 6.11 
3020 15.95 
3020 18.97 
3022 39.48 
3022 25.55 
3024 12.02 
3024 15.22 
3026 21.76 
3026 14.09 
3028 17.45 
3028 15.80 
3030 14.54 
3030 12.43 
3030 0.10 
3030 0.10 
3030 0.17 
3030 0.16 
3030 0.10 
3030 0.68 
3031 57.74 
3033 96.84 
3035 77.92 
3037 59.97 
3039 62.80 
3041 42.54 
3043 66.56 
3045 23.27 
3047 16.98 
3048 24.93 
3050 25.31 
3052 41.05 
3054 56.22 
3056 52.34 
3058 11.52 
3060 21.35 
3060 0.08 
3060 12.79 
3060 0.14 
3061 87.27 
3063 37.47 
3065 62.50 
3067 42.53 
3068 25.95 
3070 31.73 
3072 50.79 
3074 46.95 
3076 28.96 
3078 15.67 
3079 17.84 
3081 10.55 
3083 23.20 
3085 42.98 
3087 13.17 
3089 23.18 
3090 0.44 
3090 0.09 
3090 0.12 
3091 66.87 
3093 90.54 
3095 48.18 
3097 39.70 
3099 41.55 
3101 32.96 
3102 30.85 
3104 20.29 
3106 32.79 
3108 29.20 
3110 24.44 
3112 27.70 
3114 26.16 
3116 65.49 
3118 12.22 
3119 18.15 
3120 0.09 
3120 0.14 
3120 0.52 
3122 61.89 
3124 82.16 
3126 67.40 
3128 19.81 
3130 27.95 
3132 28.20 
3133 49.78 
3135 22.75 
3137 37.38 
3139 25.31 
3141 32.27 
3143 24.81 
3145 17.09 
3147 7.44 
3148 11.30 
3150 31.74 
3150 0.10 
3150 0.12 
3150 0.17 
3150 102.46 
3152 95.86 
3154 86.21 
3156 54.21 
3158 50.99 
3159 26.24 
3161 28.03 
3163 68.67 
3165 100.45 
3167 50.86 
3169 73.17 
3171 25.44 
3173 38.22 
3175 37.33 
3177 11.56 
3179 65.78 
3180 0.21 
3180 0.48 
3180 0.10 
3181 58.99 
3183 26.19 
3185 51.06 
3187 82.76 
3189 38.44 
3191 40.84 
3193 37.57 
3195 19.45 
3197 28.45 
3198 31.17 
3200 30.12 
3202 17.47 
3204 14.20 
3206 18.13 
3208 22.94 
3210 73.53 
3210 91.71 
3210 0.14 
3210 0.12 
3210 99.04 
3211 80.07 
3213 102.51 
3215 78.81 
3217 36.34 
3219 63.79 
3221 26.58 
3223 35.09 
3224 46.35 
3226 28.37 
3228 40.43 
3230 22.95 
3232 44.01 
3234 17.99 
3236 38.75 
3238 20.90 
3240 7.16 
3240 0.19 
3240 0.12 
3240 0.13 
3240 104.25 
3241 81.47 
3243 58.53 
3245 67.74 
3247 36.30 
3249 34.84 
3251 42.52 
3252 23.51 
3254 37.88 
3256 42.86 
3258 11.92 
3260 24.46 
3262 20.23 
3264 26.60 
3266 15.77 
3268 28.29 
3269 56.81 
3270 0.13 
3270 0.22 
3270 0.22 
3271 101.33 
3273 80.27 
3275 30.89 
3277 64.98 
3279 36.28 
3281 24.62 
3282 43.30 
3284 22.80 
3286 28.62 
3288 21.96 
3290 17.89 
3292 22.82 
3294 27.31 
3296 26.30 
3298 15.21 
3300 60.70 
3300 0.13 
3300 0.21 
3300 0.18 
3301 73.32 
3303 65.96 
3305 49.23 
3307 30.05 
3309 39.93 
3311 81.91 
3313 26.53 
3315 24.97 
3316 28.44 
3318 30.61 
3320 31.34 
3322 21.50 
3324 20.57 
3326 20.51 
3327 14.75 
3329 34.50 
3330 0.16 
3330 0.12 
3330 0.08 
3332 90.35 
3334 82.07 
3335 56.53 
3337 64.49 
3339 57.12 
3341 33.93 
3343 34.72 
3345 40.93 
3347 27.20 
3349 25.33 
3351 30.83 
3353 14.22 
3355 26.68 
3357 30.82 
3359 45.41 
3360 3.42 
3360 0.19 
3360 0.15 
3360 0.15 
3360 102.30 
3361 76.61 
3363 60.74 
3365 65.39 
3367 47.31 
3369 27.39 
3371 17.53 
3372 24.65 
3374 10.50 
3376 17.22 
3378 28.85 
3380 43.01 
3382 45.24 
3384 7.42 
3386 45.33 
3388 11.00 
3390 23.15 
3390 0.14 
3390 0.09 
3390 0.15 
3391 82.39 
3393 49.33 
3395 82.32 
3397 36.02 
3399 42.48 
3401 24.45 
3403 24.19 
3405 25.27 
3407 31.71 
3409 27.60 
3411 23.14 
3413 35.69 
3415 10.99 
3417 8.93 
3418 7.60 
3420 5.46 
3420 0.15 
3420 1.03 
3420 0.13 
3420 100.29 
3422 36.54 
3424 102.09 
3426 50.33 
3428 47.54 
3429 28.60 
3431 12.92 
3433 17.52 
3435 20.51 
3437 87.47 
3439 66.03 
3441 30.45 
3443 9.99 
3445 26.54 
3447 13.21 
3449 15.39 
3450 3.89 
3450 0.14 
3450 0.11 
3450 0.13 
3450 102.91 
3452 48.22 
3454 31.98 
3456 61.31 
3458 29.92 
3460 29.90 
3461 11.54 
3463 27.15 
3465 34.20 
3467 19.17 
3469 30.25 
3471 32.11 
3473 25.85 
3475 33.40 
3477 31.54 
3479 19.70 
3480 3.81 
3480 0.13 
3480 0.17 
3481 83.12 
3483 45.19 
3485 47.14 
3487 40.92 
3489 18.02 
3491 8.41 
3493 13.89 
3495 32.76 
3497 69.87 
3499 24.35 
3501 41.38 
3503 22.60 
3505 19.11 
3507 18.85 
3508 25.75 
3510 2.59 
3510 0.15 
3510 0.12 
3510 0.18 
3510 100.56 
3512 53.84 
3514 48.52 
3516 46.48 
3518 66.81 
3520 13.45 
3522 37.64 
3524 49.57 
3526 10.06 
3528 28.93 
3530 39.57 
3532 26.11 
3533 8.90 
3535 8.25 
3537 19.91 
3539 19.52 
3540 0.15 
3540 0.13 
3540 0.19 
3542 75.06 
3544 101.70 
3546 63.62 
3548 26.31 
3549 27.22 
3551 25.26 
3553 16.83 
3555 53.34 
3557 19.13 
3559 14.33 
3561 26.02 
3563 10.61 
3565 23.10 
3567 19.67 
3569 39.15 
3570 10.44 
3570 0.11 
3570 1.02 
3570 0.14 
3570 102.13 
3571 58.30 
3573 65.05 
3575 80.37 
3577 46.67 
3579 44.55 
3581 46.63 
3583 35.49 
3585 39.78 
3587 40.42 
3589 42.73 
3591 22.00 
3593 10.83 
3595 15.93 
3597 15.78 
3598 33.99 
3600 9.71 
3600 0.16 
3600 1.03 
3600 0.11 
3600 100.40 
3601 29.21 
3603 45.53 
3605 36.53 
3607 27.31 
3609 34.71 
3611 46.28 
3613 39.91 
3615 20.83 
3617 21.08 
3619 34.20 
3621 38.28 
3623 13.64 
3624 13.97 
3626 27.30 
3628 14.69 
3630 5.81 
