25 201 0.004477977752685547 1 1
26 201 0.005293607711791992 1 1
27 201 0.0046117305755615234 1 1
28 201 0.005121707916259766 1 1
29 201 0.007079601287841797 1 1
54 201 0.004970073699951172 1 1
55 201 0.006677150726318359 1 1
56 201 0.0056819915771484375 1 1
57 201 0.0059583187103271484 1 1
58 201 0.006379127502441406 1 1
85 201 0.004349470138549805 1 1
86 201 0.007426023483276367 1 1
87 201 0.004642963409423828 1 1
88 201 0.005917072296142578 1 1
89 201 0.006154298782348633 1 1
115 201 0.004038333892822266 1 1
116 201 0.004778146743774414 1 1
117 201 0.004895210266113281 1 1
118 201 0.005041360855102539 1 1
119 201 0.004923820495605469 1 1
145 201 0.005499124526977539 1 1
146 201 0.007426261901855469 1 1
147 201 0.004996538162231445 1 1
147 201 0.004620552062988281 1 1
148 201 0.004956245422363281 1 1
175 201 0.00531768798828125 1 1
176 201 0.025170564651489258 1 1
177 201 0.005199432373046875 1 1
178 201 0.004738569259643555 1 1
179 201 0.005814075469970703 1 1
205 201 0.00573277473449707 1 1
205 201 0.005824089050292969 1 1
206 201 0.004452228546142578 1 1
207 201 0.0044116973876953125 1 1
208 201 0.004457235336303711 1 1
235 201 0.004648447036743164 1 1
236 201 0.00458979606628418 1 1
237 201 0.003994941711425781 1 1
238 201 0.0042455196380615234 1 1
239 201 0.006589651107788086 1 1
264 201 0.004158973693847656 1 1
265 201 0.004668235778808594 1 1
266 201 0.004266977310180664 1 1
267 201 0.00527501106262207 1 1
268 201 0.0046384334564208984 1 1
294 201 0.005842447280883789 1 2
295 201 0.00415349006652832 1 2
296 201 0.006600379943847656 1 2
297 201 0.007159233093261719 1 2
298 201 0.0045318603515625 1 2
324 201 0.003853321075439453 1 1
325 201 0.006909608840942383 1 1
326 201 0.0040590763092041016 1 1
327 201 0.010614633560180664 1 1
328 201 0.006481647491455078 1 1
354 201 0.003674030303955078 1 1
355 201 0.004259347915649414 1 1
356 201 0.005798816680908203 1 1
357 201 0.00403594970703125 1 1
358 201 0.003899812698364258 1 1
384 201 0.004209756851196289 1 1
385 201 0.005960226058959961 1 1
386 201 0.006117582321166992 1 1
387 201 0.004017829895019531 1 1
388 201 0.004018068313598633 1 1
414 201 0.004719734191894531 1 1
415 201 0.0051305294036865234 1 1
416 201 0.004760026931762695 1 1
417 201 0.004340410232543945 1 1
418 201 0.0065670013427734375 1 1
444 201 0.004126787185668945 1 1
446 201 0.008035421371459961 1 1
446 201 0.0039806365966796875 1 1
447 201 0.0032958984375 1 1
448 201 0.004670619964599609 1 1
475 201 0.006124734878540039 1 1
475 201 0.005678653717041016 1 1
476 201 0.010614871978759766 1 1
477 201 0.004740476608276367 1 1
478 201 0.0048487186431884766 1 1
504 201 0.0043582916259765625 1 1
505 201 0.004918575286865234 1 1
506 201 0.0039899349212646484 1 1
507 201 0.006907463073730469 1 1
508 201 0.005487918853759766 1 1
534 201 0.00524449348449707 1 1
535 201 0.005946159362792969 1 1
536 201 0.0052149295806884766 1 1
537 201 0.00390934944152832 1 1
538 201 0.004333019256591797 1 1
564 201 0.0043523311614990234 1 1
565 201 0.0047795772552490234 1 1
566 201 0.004798412322998047 1 1
567 201 0.004343986511230469 1 1
568 201 0.0039081573486328125 1 1
594 201 0.003976106643676758 1 1
595 201 0.004726409912109375 1 1
596 201 0.004491329193115234 1 1
597 201 0.004634857177734375 1 1
598 201 0.0058765411376953125 1 1
624 201 0.005101203918457031 1 1
625 201 0.003771543502807617 1 1
626 201 0.004597187042236328 1 1
627 201 0.0061647891998291016 1 1
628 201 0.004160881042480469 1 1
654 201 0.004934549331665039 1 1
655 201 0.004615306854248047 1 1
656 201 0.004595041275024414 1 1
657 201 0.004408836364746094 1 1
658 201 0.003772735595703125 1 1
684 201 0.005005359649658203 1 1
685 201 0.005242586135864258 1 1
686 201 0.004528045654296875 1 1
687 201 0.0051288604736328125 1 1
688 201 0.004836320877075195 1 1
714 201 0.004274129867553711 1 1
715 201 0.004866123199462891 1 1
716 201 0.006519794464111328 1 1
717 201 0.006535053253173828 1 1
718 201 0.004297971725463867 1 1
744 201 0.00394129753112793 1 1
745 201 0.0038492679595947266 1 1
746 201 0.0035440921783447266 1 1
747 201 0.003844738006591797 1 1
748 201 0.005578279495239258 1 1
774 201 0.0036554336547851562 1 1
775 201 0.006528377532958984 1 1
776 201 0.004604816436767578 1 1
777 201 0.0035619735717773438 1 1
778 201 0.004483699798583984 1 1
804 201 0.005722522735595703 1 1
805 201 0.004305601119995117 1 1
806 201 0.004086017608642578 1 1
807 201 0.004093170166015625 1 1
808 201 0.0046427249908447266 1 1
834 201 0.0038862228393554688 1 1
835 201 0.0034394264221191406 1 1
836 201 0.003748655319213867 1 1
837 201 0.0037817955017089844 1 1
838 201 0.002775430679321289 1 1
864 201 0.006359577178955078 1 1
865 201 0.0042150020599365234 1 1
866 201 0.004129171371459961 1 1
867 201 0.0040667057037353516 1 1
868 201 0.004490375518798828 1 1
894 201 0.006988525390625 1 1
895 201 0.0036449432373046875 1 1
896 201 0.004823207855224609 1 1
897 201 0.004854917526245117 1 1
898 201 0.003836393356323242 1 1
924 201 0.004154682159423828 1 1
925 201 0.0038764476776123047 1 1
926 201 0.004016876220703125 1 1
927 201 0.0037801265716552734 1 1
928 201 0.005968332290649414 1 1
954 201 0.004528045654296875 1 1
955 201 0.005765199661254883 1 1
956 201 0.005219936370849609 1 1
957 201 0.00427556037902832 1 1
958 201 0.004082441329956055 1 1
984 201 0.003561258316040039 1 1
985 201 0.004880189895629883 1 1
986 201 0.006832122802734375 1 1
987 201 0.004222869873046875 1 1
988 201 0.0037755966186523438 1 1
1014 201 0.0036847591400146484 1 1
1015 201 0.004085063934326172 1 1
1016 201 0.003912448883056641 1 1
1017 201 0.00407099723815918 1 1
1018 201 0.005497932434082031 1 1
1044 201 0.0054912567138671875 1 1
1045 201 0.004575252532958984 1 1
1046 201 0.004365205764770508 1 1
1047 201 0.003615140914916992 1 1
1048 201 0.004009246826171875 1 1
1074 201 0.005201816558837891 1 1
1075 201 0.00423121452331543 1 1
1076 201 0.004197835922241211 1 1
1077 201 0.003968477249145508 1 1
1078 201 0.0051267147064208984 1 1
1104 201 0.0035445690155029297 1 1
1105 201 0.005580425262451172 1 1
1106 201 0.0031287670135498047 1 1
1107 201 0.004937887191772461 1 1
1108 201 0.0038285255432128906 1 1
1134 201 0.004264354705810547 1 1
1135 201 0.0038428306579589844 1 1
1136 201 0.0037665367126464844 1 1
1137 201 0.0037055015563964844 1 1
1138 201 0.004082679748535156 1 1
1164 201 0.006624698638916016 1 1
1165 201 0.005065202713012695 1 1
1166 201 0.0035681724548339844 1 1
1167 201 0.004042387008666992 1 1
1168 201 0.004029989242553711 1 1
1194 201 0.0036437511444091797 1 1
1195 201 0.0042781829833984375 1 1
1196 201 0.005212068557739258 1 1
1197 201 0.004737138748168945 1 1
1198 201 0.0035691261291503906 1 1
1224 201 0.003973722457885742 1 1
1225 201 0.004273414611816406 1 1
1226 201 0.004363059997558594 1 1
1227 201 0.004712343215942383 1 1
1228 201 0.0045261383056640625 1 1
1254 201 0.004556417465209961 1 1
1255 201 0.007982254028320312 1 1
1256 201 0.003921985626220703 1 1
1257 201 0.004824638366699219 1 1
1258 201 0.003716707229614258 1 1
1284 201 0.003365755081176758 1 1
1285 201 0.004192352294921875 1 1
1286 201 0.0035543441772460938 1 1
1287 201 0.004619121551513672 1 1
1288 201 0.00906062126159668 1 1
1314 201 0.0060155391693115234 1 1
1315 201 0.003935575485229492 1 1
1316 201 0.004267454147338867 1 1
1317 201 0.004281520843505859 1 1
1318 201 0.0044176578521728516 1 1
1344 201 0.004701375961303711 1 1
1345 201 0.00862264633178711 1 1
1346 201 0.005539655685424805 1 1
1347 201 0.0034694671630859375 1 1
1348 201 0.0031702518463134766 1 1
1374 201 0.005154609680175781 1 1
1375 201 0.004841804504394531 1 1
1376 201 0.003409147262573242 1 1
1377 201 0.008190393447875977 1 1
1378 201 0.00396275520324707 1 1
1404 201 0.004418611526489258 1 1
1405 201 0.0037469863891601562 1 1
1406 201 0.003823995590209961 1 1
1407 201 0.003108501434326172 1 1
1408 201 0.005711078643798828 1 1
1434 201 0.0039272308349609375 1 1
1435 201 0.004056692123413086 1 1
1436 201 0.004235506057739258 1 1
1437 201 0.004088640213012695 1 1
1438 201 0.0042150020599365234 1 1
1464 201 0.0038814544677734375 1 1
1465 201 0.005675554275512695 1 1
1466 201 0.00574493408203125 1 1
1467 201 0.004071474075317383 1 1
1468 201 0.0055005550384521484 1 1
1494 201 0.004670381546020508 1 1
1495 201 0.007782936096191406 1 1
1496 201 0.006377220153808594 1 1
1497 201 0.004278659820556641 1 1
1498 201 0.004032135009765625 1 1
1524 201 0.004472970962524414 1 1
1525 201 0.00450444221496582 1 1
1526 201 0.0039598941802978516 1 1
1527 201 0.004976987838745117 1 1
1528 201 0.005149126052856445 1 1
1555 201 0.007611513137817383 1 1
1555 201 0.005032062530517578 1 1
1556 201 0.005847930908203125 1 1
1557 201 0.003183126449584961 1 1
1558 201 0.0036613941192626953 1 1
1584 201 0.00548100471496582 1 1
1585 201 0.007215738296508789 1 1
1586 201 0.0046422481536865234 1 1
1587 201 0.005772590637207031 1 1
1588 201 0.0037996768951416016 1 1
1614 201 0.004419565200805664 1 1
1615 201 0.003237009048461914 1 1
1616 201 0.005530595779418945 1 1
1617 201 0.00436854362487793 1 1
1618 201 0.004086732864379883 1 1
1644 201 0.005913257598876953 1 1
1645 201 0.004621982574462891 1 1
1646 201 0.005143642425537109 1 1
1647 201 0.00472569465637207 1 1
1648 201 0.004842519760131836 1 1
1674 201 0.005987882614135742 1 1
1675 201 0.005692243576049805 1 1
1676 201 0.006826639175415039 1 1
1677 201 0.003961324691772461 1 1
1678 201 0.013153553009033203 1 1
1704 201 0.00441741943359375 1 1
1705 201 0.0048999786376953125 1 1
1706 201 0.004153728485107422 1 1
1707 201 0.0038118362426757812 1 1
1708 201 0.004131793975830078 1 1
1735 201 0.004615306854248047 1 1
1736 201 0.007120370864868164 1 1
1737 201 0.004076957702636719 1 1
1738 201 0.0040435791015625 1 1
1739 201 0.003664731979370117 1 1
1764 201 0.0037107467651367188 1 1
1765 201 0.0044765472412109375 1 1
1766 201 0.005179643630981445 1 1
1767 201 0.0044536590576171875 1 1
1768 201 0.004302978515625 1 1
1794 201 0.005259990692138672 1 1
1795 201 0.0068395137786865234 1 1
1796 201 0.004485368728637695 1 1
1797 201 0.005029439926147461 1 1
1798 201 0.004162788391113281 1 1
1824 201 0.00441741943359375 1 1
1825 201 0.004863262176513672 1 1
1826 201 0.0047495365142822266 1 1
1827 201 0.005524158477783203 1 1
1828 201 0.0045430660247802734 1 1
1854 201 0.00497126579284668 1 1
1855 201 0.0042912960052490234 1 1
1856 201 0.0043408870697021484 1 1
1857 201 0.004153728485107422 1 1
1858 201 0.0043714046478271484 1 1
1884 201 0.003105640411376953 1 1
1885 201 0.0038101673126220703 1 1
1886 201 0.006094694137573242 1 1
1887 201 0.005934238433837891 1 1
1888 201 0.004555225372314453 1 1
1915 201 0.004872560501098633 1 1
1916 201 0.00618290901184082 1 1
1917 201 0.004707813262939453 1 1
1918 201 0.004922389984130859 1 1
1918 201 0.004308462142944336 1 1
1945 201 0.004614830017089844 1 1
1945 201 0.01849222183227539 1 1
1946 201 0.004638195037841797 1 1
1947 201 0.015330791473388672 1 1
1948 201 0.004755496978759766 1 1
1975 201 0.006310462951660156 1 1
1976 201 0.0052568912506103516 1 1
1977 201 0.006735563278198242 1 1
1978 201 0.0045430660247802734 1 1
1979 201 0.004664182662963867 1 1
2004 201 0.0059661865234375 1 1
2005 201 0.005002498626708984 1 1
2006 201 0.0073130130767822266 1 1
2007 201 0.005036592483520508 1 1
2008 201 0.005527973175048828 1 1
2035 201 0.005239963531494141 1 1
2036 201 0.005666494369506836 1 1
2037 201 0.006894350051879883 1 1
2038 201 0.00448298454284668 1 1
2039 201 0.005591392517089844 1 1
2065 201 0.005643367767333984 1 1
2066 201 0.00904083251953125 1 1
2067 201 0.005080461502075195 1 1
2068 201 0.008211374282836914 1 1
2069 201 0.00555419921875 1 1
2095 201 0.004594564437866211 1 1
2096 201 0.005507230758666992 1 1
2097 201 0.004621267318725586 1 1
2098 201 0.004904270172119141 1 1
2099 201 0.004446268081665039 1 1
2124 201 0.004049777984619141 1 1
2126 201 0.006685018539428711 1 1
2127 201 0.006062746047973633 1 1
2128 201 0.0045506954193115234 1 1
2129 201 0.0044269561767578125 1 1
2155 201 0.004472970962524414 1 1
2156 201 0.014763593673706055 1 1
2157 201 0.0070345401763916016 1 1
2158 201 0.004408597946166992 1 1
2159 201 0.0043582916259765625 1 1
2184 201 0.004033088684082031 1 1
2185 201 0.00455927848815918 1 1
2186 201 0.003938198089599609 1 1
2187 201 0.005024433135986328 1 1
2188 201 0.007555723190307617 1 1
2214 201 0.004881381988525391 1 1
2215 201 0.0071032047271728516 1 1
2216 201 0.004881620407104492 1 1
2217 201 0.004309654235839844 1 1
2218 201 0.005077838897705078 1 1
2244 201 0.0039215087890625 1 1
2245 201 0.0037279129028320312 1 1
2246 201 0.004207611083984375 1 1
2247 201 0.003698587417602539 1 1
2248 201 0.007096052169799805 1 1
2274 201 0.004287004470825195 1 1
2275 201 0.004630565643310547 1 1
2276 201 0.004146099090576172 1 1
2277 201 0.005980014801025391 1 1
2278 201 0.004067420959472656 1 1
2304 201 0.004006862640380859 1 1
2305 201 0.0036482810974121094 1 1
2306 201 0.00635838508605957 1 1
2307 201 0.0036144256591796875 1 1
2308 201 0.005928516387939453 1 1
2334 201 0.005954265594482422 1 1
2335 201 0.004713773727416992 1 1
2336 201 0.004211902618408203 1 1
2337 201 0.005913257598876953 1 1
2338 201 0.006323575973510742 1 1
2364 201 0.004830837249755859 1 1
2365 201 0.004210948944091797 1 1
2366 201 0.005771160125732422 1 1
2367 201 0.004034519195556641 1 1
2368 201 0.0038895606994628906 1 1
2394 201 0.0038099288940429688 1 1
2395 201 0.006500244140625 1 1
2396 201 0.004272937774658203 1 1
2397 201 0.005112171173095703 1 1
2398 201 0.005286216735839844 1 1
2424 201 0.004393815994262695 1 1
2425 201 0.004515171051025391 1 1
2426 201 0.004737377166748047 1 1
2427 201 0.0035860538482666016 1 1
2428 201 0.004393100738525391 1 1
2454 201 0.0043942928314208984 1 1
2455 201 0.006224870681762695 1 1
2456 201 0.0041961669921875 1 1
2457 201 0.00468134880065918 1 1
2458 201 0.004616260528564453 1 1
2484 201 0.0038890838623046875 1 1
2485 201 0.0044078826904296875 1 1
2486 201 0.004647731781005859 1 1
2487 201 0.006359100341796875 1 1
2488 201 0.00335693359375 1 1
2514 201 0.0051457881927490234 1 1
2515 201 0.005594015121459961 1 1
2516 201 0.0037670135498046875 1 1
2517 201 0.004080057144165039 1 1
2518 201 0.0042188167572021484 1 1
2544 201 0.003979682922363281 1 1
2545 201 0.004735231399536133 1 1
2546 201 0.005026102066040039 1 1
2547 201 0.005254983901977539 1 1
2548 201 0.003986358642578125 1 1
2574 201 0.00480341911315918 1 1
2575 201 0.005050182342529297 1 1
2576 201 0.004698514938354492 1 1
2577 201 0.004150390625 1 1
2578 201 0.006314516067504883 1 1
2604 201 0.006475210189819336 1 2
2605 201 0.0045316219329833984 1 2
2606 201 0.0050106048583984375 1 2
2607 201 0.003965139389038086 1 2
2608 201 0.007560253143310547 1 2
2634 201 0.0053560733795166016 1 1
2635 201 0.003455638885498047 1 1
2636 201 0.0033638477325439453 1 1
2637 201 0.00410151481628418 1 1
2638 201 0.005837202072143555 1 1
2664 201 0.004102468490600586 1 1
2665 201 0.004174232482910156 1 1
2666 201 0.003967761993408203 1 1
2667 201 0.0041713714599609375 1 1
2668 201 0.005253791809082031 1 1
2694 201 0.004988193511962891 1 1
2695 201 0.005270719528198242 1 1
2696 201 0.0034265518188476562 1 1
2697 201 0.003407001495361328 1 1
2698 201 0.004633188247680664 1 1
2724 201 0.004171609878540039 1 1
2725 201 0.004221916198730469 1 1
2726 201 0.005004405975341797 1 1
2727 201 0.003810882568359375 1 1
2728 201 0.0038001537322998047 1 1
2754 201 0.004507780075073242 1 1
2755 201 0.0043792724609375 1 1
2756 201 0.005217075347900391 1 1
2757 201 0.004098415374755859 1 1
2758 201 0.0046846866607666016 1 1
2784 201 0.005602121353149414 1 1
2785 201 0.004740476608276367 1 1
2786 201 0.004608154296875 1 1
2787 201 0.005033254623413086 1 1
2788 201 0.0060083866119384766 1 1
2814 201 0.004077911376953125 1 1
2815 201 0.0042607784271240234 1 1
2816 201 0.005357980728149414 1 1
2817 201 0.0037665367126464844 1 1
2818 201 0.005411863327026367 1 1
2844 201 0.004052162170410156 1 1
2845 201 0.006334066390991211 1 1
2846 201 0.00426030158996582 1 1
2847 201 0.003152608871459961 1 1
2848 201 0.0039005279541015625 1 1
2874 201 0.00438237190246582 1 1
2875 201 0.005013465881347656 1 1
2876 201 0.0058917999267578125 1 1
2877 201 0.0040700435638427734 1 1
2878 201 0.004436016082763672 1 1
2904 201 0.004753828048706055 1 1
2905 201 0.0036585330963134766 1 1
2906 201 0.004040718078613281 1 1
2907 201 0.003097057342529297 1 1
2908 201 0.004146099090576172 1 1
2934 201 0.004300594329833984 1 1
2935 201 0.00449824333190918 1 1
2936 201 0.0032901763916015625 1 1
2937 201 0.004141330718994141 1 1
2938 201 0.00433039665222168 1 1
2964 201 0.0030641555786132812 1 1
2965 201 0.003027200698852539 1 1
2966 201 0.00351715087890625 1 1
2967 201 0.004764080047607422 1 1
2968 201 0.0035309791564941406 1 1
2994 201 0.00431513786315918 1 1
2995 201 0.011472702026367188 1 1
2996 201 0.003637075424194336 1 1
2997 201 0.003346681594848633 1 1
2998 201 0.005635738372802734 1 1
3024 201 0.0061457157135009766 1 2
3025 201 0.004994392395019531 1 2
3026 201 0.0056056976318359375 1 2
3027 201 0.004227161407470703 1 2
3028 201 0.004433870315551758 1 2
3054 201 0.0037271976470947266 1 1
3055 201 0.004754066467285156 1 1
3056 201 0.004279375076293945 1 1
3057 201 0.0037872791290283203 1 1
3058 201 0.003450632095336914 1 1
3084 201 0.0036818981170654297 1 1
3085 201 0.003674030303955078 1 1
3086 201 0.005892276763916016 1 1
3087 201 0.0034224987030029297 1 1
3088 201 0.00383758544921875 1 1
3114 201 0.0036957263946533203 1 1
3115 201 0.007999420166015625 1 1
3116 201 0.0048902034759521484 1 1
3117 201 0.004412651062011719 1 1
3118 201 0.005267620086669922 1 1
3144 201 0.004348039627075195 1 1
3145 201 0.005779743194580078 1 1
3146 201 0.003635406494140625 1 1
3147 201 0.004127025604248047 1 1
3148 201 0.004967689514160156 1 1
3174 201 0.004015684127807617 1 1
3175 201 0.00391077995300293 1 1
3176 201 0.005207061767578125 1 1
3177 201 0.0036199092864990234 1 1
3178 201 0.0042667388916015625 1 1
3204 201 0.006908893585205078 1 1
3205 201 0.005186319351196289 1 1
3206 201 0.004353046417236328 1 1
3207 201 0.004556417465209961 1 1
3208 201 0.007294654846191406 1 1
3234 201 0.0065326690673828125 1 1
3235 201 0.005186319351196289 1 1
3236 201 0.004767656326293945 1 1
3237 201 0.006192922592163086 1 1
3238 201 0.0041997432708740234 1 1
3264 201 0.00428318977355957 1 1
3265 201 0.010654687881469727 1 1
3266 201 0.002518177032470703 1 1
3267 201 0.0055751800537109375 1 1
3268 201 0.0031065940856933594 1 1
3294 201 0.0040454864501953125 1 1
3295 201 0.004764556884765625 1 1
3296 201 0.0037224292755126953 1 1
3297 201 0.0040776729583740234 1 1
3298 201 0.0038650035858154297 1 1
3324 201 0.006956815719604492 1 1
3325 201 0.004483938217163086 1 1
3326 201 0.0054280757904052734 1 1
3327 201 0.004638195037841797 1 1
3328 201 0.005315303802490234 1 1
3354 201 0.0052034854888916016 1 1
3355 201 0.003451824188232422 1 1
3356 201 0.005356550216674805 1 1
3357 201 0.005869150161743164 1 1
3358 201 0.003114938735961914 1 1
3384 201 0.004708051681518555 1 1
3385 201 0.0061647891998291016 1 1
3386 201 0.0035877227783203125 1 1
3387 201 0.011507749557495117 1 1
3388 201 0.004645109176635742 1 1
3414 201 0.004294872283935547 1 1
3415 201 0.00541234016418457 1 1
3416 201 0.004794597625732422 1 1
3417 201 0.0062007904052734375 1 1
3418 201 0.008406639099121094 1 1
3444 201 0.004032611846923828 1 1
3445 201 0.0036935806274414062 1 1
3446 201 0.004529714584350586 1 1
3447 201 0.00640106201171875 1 1
3448 201 0.005540132522583008 1 1
3474 201 0.004282236099243164 1 1
3475 201 0.0043947696685791016 1 1
3476 201 0.0036554336547851562 1 1
3477 201 0.004343986511230469 1 1
3478 201 0.004585742950439453 1 1
3504 201 0.0033681392669677734 1 1
3505 201 0.004388570785522461 1 1
3506 201 0.0033140182495117188 1 1
3507 201 0.003949880599975586 1 1
3508 201 0.0034058094024658203 1 1
3534 201 0.004369020462036133 1 1
3535 201 0.0049877166748046875 1 1
3536 201 0.004762887954711914 1 1
3537 201 0.0035974979400634766 1 1
3538 201 0.005101203918457031 1 1
3564 201 0.0046002864837646484 1 1
3565 201 0.0043792724609375 1 1
3566 201 0.00415492057800293 1 1
3567 201 0.003670215606689453 1 1
3568 201 0.0040509700775146484 1 1
3594 201 0.004403829574584961 1 1
3595 201 0.0040662288665771484 1 1
3596 201 0.0042188167572021484 1 1
3597 201 0.003973245620727539 1 1
3598 201 0.003561258316040039 1 1
3624 201 0.0035140514373779297 1 1
3625 201 0.007555246353149414 1 1
3626 201 0.005006313323974609 1 1
3627 201 0.003930568695068359 1 1
3628 201 0.00589752197265625 1 1
