30 0.00 
60 0.00 
90 0.00 
120 0.00 
150 0.00 
210 0.00 
240 0.00 
240 0.00 
270 0.00 
300 0.00 
360 0.00 
690 0.00 
810 0.00 
810 0.00 
810 0.00 
840 0.00 
840 0.00 
900 0.00 
900 0.00 
960 0.00 
960 0.00 
1080 0.00 
1080 0.00 
1080 0.00 
1110 0.00 
1110 0.00 
1110 0.00 
1170 0.00 
1170 0.00 
1200 0.00 
1200 0.00 
1230 0.00 
1230 0.00 
1260 0.00 
1260 0.00 
1590 0.00 
1590 0.00 
1830 0.00 
1920 0.00 
1950 0.00 
1980 0.00 
2010 0.00 
2010 0.00 
2040 0.00 
2040 0.00 
2070 0.00 
2100 0.00 
2130 0.00 
2130 0.00 
2160 0.00 
2250 0.00 
2370 0.00 
2370 0.00 
2520 0.00 
2520 0.00 
2730 0.00 
2730 0.00 
2790 0.00 
2790 0.00 
2790 0.00 
2820 0.00 
2820 0.00 
2850 0.00 
2850 0.00 
2850 0.00 
2880 0.00 
2880 0.00 
2940 0.00 
2940 0.00 
2940 0.00 
2970 0.00 
3000 0.00 
3030 0.00 
3060 0.00 
3090 0.00 
3090 0.00 
3120 0.00 
3120 0.00 
3180 0.00 
3210 0.00 
3210 0.00 
3210 0.00 
3360 0.00 
3360 0.00 
3360 0.00 
3390 0.00 
3390 0.00 
3420 0.00 
3480 0.00 
3480 0.00 
