1 0.05 
3 0.04 
5 0.04 
7 0.05 
9 0.06 
11 0.04 
13 0.04 
15 0.04 
17 0.04 
19 0.05 
21 0.03 
23 0.05 
25 0.03 
27 0.04 
29 0.05 
30 0.07 
30 0.04 
30 0.04 
31 0.64 
33 0.32 
35 0.25 
37 0.52 
39 0.37 
41 0.52 
43 0.59 
45 0.40 
47 0.36 
49 0.33 
51 0.53 
53 0.14 
55 0.26 
57 0.34 
59 0.36 
60 0.08 
60 0.04 
60 0.06 
61 0.49 
63 0.51 
65 0.27 
67 0.34 
69 0.43 
71 0.53 
73 0.30 
75 0.33 
77 0.22 
79 0.31 
81 0.48 
83 0.71 
85 0.35 
87 0.27 
89 0.37 
90 0.06 
90 0.03 
90 0.04 
91 0.62 
93 0.36 
95 0.28 
97 0.53 
99 0.73 
101 0.41 
103 0.58 
105 0.80 
107 0.24 
109 0.24 
111 0.61 
113 0.43 
115 0.27 
117 0.22 
119 0.14 
120 0.02 
120 0.06 
120 0.05 
121 0.33 
123 0.48 
125 0.48 
127 0.36 
129 1.51 
131 0.42 
133 0.56 
135 0.14 
137 0.46 
139 0.46 
141 0.31 
143 0.36 
145 0.38 
147 0.19 
149 0.36 
150 0.15 
150 0.06 
150 0.05 
152 0.24 
154 0.33 
156 0.46 
158 0.24 
160 0.40 
162 0.26 
164 0.22 
166 0.29 
167 0.28 
169 0.55 
171 0.10 
173 0.21 
175 0.26 
177 0.35 
179 0.38 
180 0.13 
180 0.03 
180 0.09 
181 0.31 
183 0.35 
185 0.23 
187 0.20 
189 0.31 
191 0.30 
193 0.23 
195 0.52 
197 0.45 
199 0.25 
201 0.35 
203 0.66 
205 0.31 
207 0.76 
209 0.27 
210 0.04 
210 0.05 
210 0.06 
211 0.28 
213 0.39 
215 0.27 
217 0.46 
219 0.19 
221 0.21 
223 0.37 
225 0.38 
227 0.28 
229 0.23 
231 0.35 
233 0.26 
235 0.33 
237 0.42 
239 0.43 
240 0.04 
240 0.07 
240 0.03 
241 0.96 
243 0.65 
245 0.41 
247 0.54 
249 0.49 
251 0.79 
253 0.68 
255 0.24 
257 0.51 
259 0.71 
261 0.81 
263 0.86 
265 0.58 
267 0.50 
269 0.57 
270 0.04 
270 0.08 
270 0.02 
272 0.63 
274 0.69 
276 0.66 
278 0.54 
280 0.26 
282 0.49 
284 0.62 
286 0.80 
288 0.35 
290 0.52 
292 0.62 
294 0.60 
296 0.54 
298 0.58 
300 0.47 
300 0.03 
300 0.04 
300 0.06 
301 0.46 
303 0.50 
305 0.56 
307 0.63 
309 0.57 
311 0.48 
313 0.91 
315 0.44 
317 0.41 
319 0.40 
321 0.22 
323 0.42 
325 0.18 
327 0.38 
329 0.40 
330 0.56 
330 0.03 
330 0.03 
330 0.03 
332 0.78 
334 0.59 
336 0.63 
338 0.51 
340 0.81 
342 0.88 
344 0.66 
346 0.45 
347 0.64 
349 0.70 
351 0.48 
353 0.61 
355 0.64 
357 0.60 
359 0.22 
360 0.06 
360 0.02 
360 0.03 
361 0.46 
363 0.43 
365 0.45 
367 0.36 
369 0.50 
371 0.54 
373 1.17 
375 0.22 
377 0.31 
379 0.89 
380 0.59 
382 0.45 
384 0.84 
386 0.56 
388 0.37 
390 0.44 
390 0.06 
390 0.06 
390 0.04 
391 0.41 
393 0.82 
395 0.78 
397 0.57 
399 0.59 
401 0.38 
403 0.55 
405 0.50 
407 0.55 
409 0.71 
411 0.57 
413 0.55 
415 0.47 
416 0.48 
418 0.53 
420 0.45 
420 0.07 
420 0.02 
420 0.03 
421 0.31 
423 0.88 
425 0.64 
427 0.81 
429 0.46 
431 0.32 
433 0.54 
435 0.47 
437 0.53 
439 0.54 
441 0.53 
443 1.15 
445 0.60 
447 0.78 
449 0.49 
450 0.43 
450 0.04 
450 0.04 
450 0.03 
452 1.00 
454 0.61 
455 0.57 
457 0.44 
459 0.50 
461 0.61 
463 0.38 
465 0.57 
467 0.38 
469 0.31 
471 0.27 
473 0.49 
475 0.51 
477 0.68 
479 0.70 
480 0.16 
480 0.05 
480 0.03 
482 0.52 
484 0.97 
486 0.39 
487 0.63 
489 0.56 
491 0.55 
493 1.14 
495 0.51 
497 1.49 
499 1.15 
501 0.86 
503 1.37 
505 0.53 
507 0.84 
509 0.94 
510 0.03 
510 0.05 
510 0.05 
511 0.38 
513 0.64 
515 0.65 
517 0.97 
519 0.79 
521 0.95 
523 0.90 
525 0.43 
527 0.66 
529 0.85 
531 0.39 
532 0.73 
534 0.67 
536 1.09 
538 0.31 
540 0.36 
540 0.09 
540 0.05 
540 0.04 
541 0.10 
543 1.14 
545 1.01 
547 0.97 
549 0.68 
551 0.55 
553 0.99 
555 0.60 
557 0.76 
559 0.83 
561 0.89 
563 1.00 
565 0.74 
567 0.59 
569 0.75 
570 0.19 
570 0.06 
570 0.05 
570 0.05 
571 0.13 
573 0.91 
575 1.08 
577 0.67 
579 0.37 
581 0.95 
583 0.48 
584 0.56 
586 0.36 
588 0.33 
590 1.12 
592 1.16 
594 1.12 
596 0.67 
598 0.66 
600 0.94 
600 0.04 
600 0.03 
600 0.04 
601 0.13 
603 1.30 
605 0.63 
607 0.54 
609 1.12 
611 0.72 
613 0.44 
615 0.63 
617 0.49 
618 0.65 
620 1.25 
622 0.79 
624 0.77 
626 0.76 
628 1.01 
630 0.42 
630 0.03 
630 0.02 
630 0.04 
631 0.72 
633 0.39 
635 0.32 
637 0.98 
639 0.77 
641 0.58 
643 0.72 
644 0.54 
646 0.64 
648 0.59 
650 0.68 
652 0.92 
654 1.00 
656 0.46 
658 0.71 
660 0.66 
660 0.07 
660 0.04 
660 0.16 
662 1.06 
664 0.56 
666 0.77 
667 0.46 
669 0.82 
671 0.92 
673 0.54 
675 0.45 
677 1.29 
679 0.65 
681 0.64 
683 0.51 
685 0.83 
686 0.70 
688 0.80 
690 0.61 
690 0.08 
690 0.03 
690 0.05 
691 0.44 
693 1.03 
695 0.57 
697 0.71 
699 0.65 
701 1.48 
703 0.72 
705 0.79 
707 0.72 
709 0.95 
711 0.88 
713 0.96 
715 1.24 
717 0.79 
719 0.35 
720 0.23 
720 0.06 
720 0.03 
720 0.04 
721 0.92 
723 0.89 
725 0.90 
727 1.37 
729 1.29 
731 1.10 
733 1.16 
735 0.92 
737 0.40 
739 0.67 
740 0.46 
742 0.39 
744 0.71 
746 0.92 
748 0.90 
750 0.69 
750 0.02 
750 0.04 
750 0.04 
752 1.47 
754 1.45 
755 1.38 
757 0.76 
759 0.75 
761 1.16 
763 1.53 
765 1.06 
767 0.69 
769 0.79 
771 1.14 
773 0.40 
774 0.84 
776 0.76 
778 1.50 
780 0.50 
780 0.04 
780 0.03 
780 0.04 
781 0.98 
783 0.64 
785 2.02 
787 0.73 
788 0.72 
790 0.71 
792 0.98 
794 1.18 
796 1.00 
798 0.48 
800 0.70 
802 1.28 
804 0.97 
806 1.52 
808 0.82 
810 0.58 
810 0.07 
810 0.05 
810 0.04 
811 0.53 
813 1.18 
815 1.05 
817 0.75 
819 0.51 
821 0.87 
822 0.84 
824 0.76 
826 0.45 
828 0.85 
830 0.55 
832 0.78 
834 0.41 
835 0.56 
837 0.55 
839 1.40 
840 0.05 
840 0.05 
840 0.08 
841 0.47 
843 1.15 
845 1.36 
847 1.14 
849 1.17 
851 1.24 
853 1.13 
855 0.74 
857 1.20 
859 1.17 
861 1.22 
863 1.38 
865 0.67 
867 0.73 
869 1.13 
870 0.15 
870 0.04 
870 0.04 
871 0.91 
873 0.76 
875 1.43 
877 0.76 
879 0.77 
881 0.45 
883 0.23 
885 1.56 
887 1.13 
889 1.35 
891 0.72 
893 1.10 
895 1.13 
896 0.70 
898 0.29 
900 0.44 
900 0.02 
900 0.05 
900 0.04 
902 1.38 
904 1.43 
906 0.99 
908 0.95 
909 0.72 
911 0.33 
913 1.24 
915 0.85 
917 1.03 
919 1.18 
921 0.93 
923 0.63 
925 0.57 
927 0.66 
928 0.49 
930 0.40 
930 0.03 
930 0.05 
930 0.04 
931 0.55 
933 1.61 
935 1.09 
937 1.62 
939 0.93 
941 0.90 
943 0.53 
944 0.68 
946 0.68 
948 1.12 
950 1.29 
952 0.75 
954 1.22 
956 0.76 
958 0.61 
960 0.41 
960 0.04 
960 0.08 
960 0.06 
961 1.09 
963 1.56 
965 1.40 
967 0.76 
969 1.18 
971 0.89 
973 1.02 
974 1.05 
976 1.02 
978 1.22 
980 1.29 
982 1.17 
984 1.34 
986 1.19 
988 1.15 
990 1.06 
990 0.06 
990 0.03 
990 0.04 
992 1.04 
994 1.06 
995 0.72 
997 0.98 
999 0.90 
1001 1.46 
1003 1.51 
1005 0.88 
1007 0.59 
1008 0.96 
1010 0.92 
1012 1.01 
1014 1.50 
1016 0.58 
1018 1.15 
1020 0.66 
1020 0.05 
1020 0.06 
1020 0.04 
1022 0.97 
1023 1.16 
1025 1.33 
1027 1.43 
1029 1.36 
1031 1.74 
1033 1.62 
1035 1.02 
1037 1.37 
1039 1.03 
1041 1.21 
1043 1.30 
1045 1.08 
1047 0.91 
1049 1.10 
1050 0.63 
1050 0.04 
1050 0.05 
1050 0.04 
1051 1.19 
1053 2.03 
1055 1.38 
1057 1.13 
1059 1.42 
1061 0.83 
1063 0.99 
1065 1.18 
1067 1.14 
1069 0.77 
1071 1.27 
1072 0.54 
1074 0.73 
1076 0.73 
1078 0.79 
1080 0.57 
1080 0.05 
1080 0.03 
1080 0.09 
1081 1.29 
1083 0.73 
1085 1.25 
1087 1.87 
1089 0.76 
1091 0.76 
1092 0.75 
1094 0.97 
1096 0.50 
1098 1.03 
1100 1.09 
1102 1.18 
1104 0.63 
1106 1.16 
1107 1.05 
1109 1.43 
1110 0.03 
1110 0.05 
1110 0.03 
1111 0.54 
1113 2.05 
1115 1.14 
1117 1.47 
1119 1.25 
1121 0.81 
1123 0.83 
1125 1.77 
1127 1.38 
1129 1.31 
1131 1.54 
1133 0.67 
1134 0.69 
1136 0.91 
1138 0.73 
1140 1.39 
1140 0.13 
1140 0.05 
1140 0.05 
1142 0.79 
1144 1.35 
1146 1.22 
1147 1.29 
1149 1.49 
1151 1.39 
1153 0.78 
1155 0.63 
1157 1.25 
1159 0.87 
1161 0.58 
1162 0.84 
1164 0.60 
1166 0.89 
1168 0.90 
1170 1.15 
1170 0.05 
1170 0.06 
1170 0.04 
1172 1.24 
1173 1.17 
1175 1.42 
1177 1.49 
1179 1.59 
1181 1.18 
1183 0.63 
1185 0.60 
1187 1.16 
1188 1.31 
1190 1.14 
1192 1.10 
1194 1.08 
1196 1.12 
1198 1.17 
1200 0.92 
1200 0.05 
1200 0.13 
1200 0.08 
1202 1.46 
1203 0.78 
1205 0.97 
1207 0.90 
1209 0.93 
1211 0.42 
1213 0.76 
1215 0.86 
1216 0.66 
1218 0.52 
1220 0.59 
1222 1.01 
1224 0.87 
1226 1.36 
1228 0.99 
1230 1.10 
1230 0.11 
1230 0.06 
1230 0.03 
1231 0.77 
1233 1.06 
1235 1.10 
1237 0.77 
1239 1.50 
1241 1.32 
1243 0.35 
1245 0.31 
1246 0.60 
1248 1.22 
1250 1.52 
1252 0.75 
1254 1.70 
1256 1.24 
1258 0.50 
1260 0.67 
1260 0.07 
1260 0.03 
1260 0.04 
1262 0.72 
1263 0.93 
1265 1.22 
1267 0.93 
1269 1.21 
1271 0.93 
1273 0.79 
1275 1.05 
1277 0.43 
1278 0.90 
1280 0.76 
1282 1.12 
1284 0.69 
1286 0.84 
1288 1.31 
1290 0.99 
1290 0.05 
1290 0.12 
1290 0.04 
1292 1.55 
1294 0.68 
1296 0.88 
1298 1.23 
1299 0.71 
1301 1.03 
1303 0.77 
1305 0.64 
1307 1.21 
1309 0.87 
1311 1.09 
1313 1.05 
1314 0.63 
1316 0.92 
1318 0.70 
1320 0.73 
1320 0.06 
1320 0.04 
1320 0.04 
1322 1.36 
1324 0.85 
1326 1.89 
1328 1.21 
1329 1.08 
1331 1.37 
1333 1.32 
1335 1.15 
1337 0.68 
1339 1.04 
1341 1.11 
1343 0.92 
1345 0.94 
1347 0.71 
1349 0.62 
1350 0.31 
1350 0.06 
1350 0.07 
1350 0.04 
1351 1.22 
1353 1.22 
1355 0.66 
1357 0.63 
1359 0.51 
1361 0.66 
1363 0.89 
1364 0.71 
1366 1.01 
1368 1.33 
1370 0.69 
1372 0.75 
1374 1.62 
1376 1.09 
1378 1.41 
1380 1.12 
1380 0.03 
1380 0.03 
1380 0.03 
1382 1.54 
1384 1.06 
1386 1.06 
1388 0.73 
1390 0.74 
1391 0.60 
1393 0.58 
1395 0.39 
1397 1.20 
1399 0.69 
1401 1.10 
1403 0.65 
1405 1.19 
1407 1.85 
1408 0.78 
1410 0.49 
1410 0.05 
1410 0.03 
1410 0.04 
1411 0.83 
1413 0.79 
1415 1.16 
1417 0.99 
1419 0.90 
1421 0.79 
1423 0.90 
1425 0.96 
1427 0.86 
1429 1.25 
1431 1.18 
1432 0.73 
1434 0.58 
1436 0.47 
1438 0.75 
1440 1.18 
1440 0.04 
1440 0.12 
1440 0.03 
1442 1.16 
1444 0.97 
1446 0.72 
1448 0.54 
1449 0.47 
1451 0.43 
1453 0.97 
1455 0.58 
1457 0.61 
1459 0.94 
1461 0.58 
1463 0.59 
1465 0.87 
1467 1.02 
1469 0.71 
1470 0.05 
1470 0.03 
1470 0.08 
1472 1.51 
1474 1.00 
1476 0.54 
1478 0.66 
1480 1.20 
1482 0.95 
1484 1.09 
1485 0.85 
1487 0.65 
1489 0.67 
1491 0.85 
1493 0.72 
1495 1.23 
1497 1.13 
1499 0.58 
1500 0.03 
1500 0.11 
1500 0.09 
1502 1.20 
1504 1.16 
1506 0.95 
1508 1.38 
1510 0.84 
1512 0.96 
1513 0.88 
1515 0.78 
1517 0.56 
1519 0.47 
1521 0.64 
1523 0.37 
1525 0.80 
1527 0.57 
1528 0.45 
1530 0.44 
1530 0.05 
1530 0.02 
1530 0.03 
1531 0.99 
1533 0.93 
1535 1.04 
1537 0.59 
1539 0.68 
1541 1.19 
1543 0.72 
1545 0.89 
1547 0.77 
1549 0.86 
1551 1.03 
1553 0.30 
1555 0.84 
1556 0.49 
1558 0.40 
1560 0.44 
1560 0.05 
1560 0.06 
1560 0.04 
1561 0.90 
1563 0.71 
1565 0.77 
1567 0.91 
1569 0.32 
1571 0.36 
1573 0.66 
1574 0.48 
1576 1.12 
1578 0.96 
1580 0.84 
1582 1.06 
1584 0.73 
1586 0.37 
1588 0.72 
1590 0.63 
1590 0.14 
1590 0.06 
1590 0.04 
1592 1.32 
1594 0.99 
1595 0.60 
1597 0.38 
1599 0.49 
1601 0.49 
1603 0.99 
1605 0.62 
1607 0.59 
1609 0.73 
1611 0.74 
1613 0.96 
1615 0.62 
1617 0.70 
1618 0.65 
1620 0.51 
1620 0.04 
1620 0.04 
1620 0.04 
1621 0.71 
1623 0.97 
1625 1.17 
1627 1.24 
1629 1.12 
1631 0.94 
1633 0.73 
1635 0.87 
1637 0.67 
1639 0.53 
1641 0.57 
1643 1.19 
1644 0.41 
1646 0.44 
1648 0.61 
1650 0.67 
1650 0.11 
1650 0.02 
1650 0.04 
1652 0.87 
1654 1.16 
1656 1.08 
1658 0.54 
1660 0.49 
1662 0.90 
1664 1.19 
1666 0.63 
1668 0.78 
1670 0.60 
1672 1.35 
1674 1.10 
1676 1.04 
1678 0.87 
1680 0.89 
1680 0.03 
1680 0.02 
1680 0.11 
1682 0.82 
1684 0.75 
1685 0.38 
1687 0.38 
1689 0.62 
1691 0.60 
1693 0.43 
1695 0.54 
1697 0.42 
1699 0.76 
1701 0.35 
1703 0.66 
1705 0.59 
1707 0.42 
1709 0.63 
1710 0.25 
1710 0.09 
1710 0.05 
1711 0.71 
1713 0.57 
1715 0.41 
1717 0.58 
1719 0.50 
1721 0.37 
1723 0.65 
1725 0.67 
1727 0.28 
1729 0.45 
1731 0.34 
1733 0.65 
1735 0.63 
1737 0.54 
1739 0.64 
1740 0.36 
1740 0.04 
1740 0.05 
1740 0.03 
1741 0.55 
1743 0.35 
1745 0.62 
1747 0.55 
1749 0.37 
1751 0.39 
1753 0.38 
1755 0.44 
1757 0.38 
1759 0.65 
1761 0.61 
1763 0.67 
1765 1.09 
1767 0.36 
1769 0.50 
1770 0.21 
1770 0.03 
1770 0.10 
1772 0.37 
1774 0.52 
1776 0.32 
1778 0.68 
1780 0.85 
1781 0.40 
1783 0.53 
1785 0.60 
1787 0.44 
1789 0.56 
1791 0.52 
1793 0.70 
1795 0.67 
1797 0.64 
1799 0.56 
1800 0.03 
1800 0.05 
1800 0.03 
1802 0.57 
1804 0.60 
1806 0.31 
1808 0.22 
1810 0.53 
1811 0.50 
1813 0.51 
1815 0.72 
1817 0.57 
1819 0.80 
1821 0.45 
1823 0.95 
1825 0.58 
1827 0.50 
1829 0.58 
1830 0.03 
1830 0.11 
1830 0.07 
1831 0.73 
1833 1.23 
1835 0.27 
1837 0.84 
1839 0.25 
1841 0.37 
1843 0.47 
1845 0.43 
1847 0.60 
1849 0.37 
1851 0.64 
1853 0.85 
1854 0.35 
1856 0.63 
1858 0.57 
1860 0.56 
1860 0.12 
1860 0.07 
1860 0.04 
1861 0.84 
1863 0.89 
1865 0.85 
1867 0.62 
1869 0.50 
1871 0.27 
1873 0.58 
1875 0.36 
1877 0.52 
1878 0.43 
1880 0.19 
1882 0.56 
1884 0.40 
1886 0.38 
1888 0.37 
1890 0.46 
1890 0.07 
1890 0.06 
1890 0.04 
1892 1.15 
1894 1.12 
1896 0.54 
1898 0.56 
1900 0.57 
1902 0.41 
1904 0.76 
1906 0.48 
1908 0.47 
1909 0.54 
1911 0.50 
1913 0.45 
1915 0.49 
1917 0.81 
1919 0.39 
1920 0.04 
1920 0.15 
1920 0.08 
1921 0.57 
1923 0.19 
1925 0.31 
1927 0.25 
1929 0.58 
1931 0.54 
1933 0.34 
1935 0.16 
1937 0.49 
1939 0.78 
1941 0.31 
1943 0.36 
1945 0.14 
1947 0.32 
1949 0.71 
1950 0.04 
1950 0.04 
1950 0.07 
1952 0.19 
1954 0.26 
1956 0.76 
1958 0.50 
1960 0.27 
1962 0.26 
1964 0.31 
1966 0.44 
1968 0.43 
1970 0.28 
1972 0.33 
1974 0.20 
1976 0.27 
1978 0.54 
1980 0.32 
1980 0.03 
1980 0.05 
1980 0.05 
1981 0.57 
1983 0.20 
1985 0.52 
1987 0.51 
1989 0.66 
1991 0.34 
1993 0.29 
1995 0.27 
1997 0.38 
1999 0.29 
2001 0.31 
2003 0.37 
2005 0.92 
2007 0.45 
2009 0.40 
2010 0.02 
2010 0.10 
2010 0.03 
2012 0.54 
2014 0.36 
2016 0.22 
2018 0.45 
2020 0.47 
2022 0.16 
2024 0.41 
2026 0.35 
2028 0.24 
2030 0.37 
2032 0.20 
2034 0.22 
2036 0.27 
2038 0.57 
2040 0.40 
2040 0.05 
2040 0.05 
2040 0.04 
2042 0.30 
2044 0.26 
2046 0.39 
2048 0.20 
2050 0.19 
2052 0.34 
2054 0.35 
2056 0.59 
2057 0.20 
2059 0.38 
2061 0.54 
2063 0.50 
2065 0.34 
2067 0.52 
2069 0.52 
2070 0.03 
2070 0.05 
2070 0.14 
2071 0.72 
2073 0.49 
2075 0.40 
2077 0.29 
2079 0.50 
2081 0.43 
2083 0.72 
2085 0.40 
2087 0.30 
2089 0.64 
2091 0.31 
2093 0.41 
2095 0.25 
2097 0.54 
2099 0.40 
2100 0.05 
2100 0.04 
2100 0.03 
2101 0.41 
2103 0.21 
2105 0.51 
2107 0.32 
2109 0.16 
2111 0.18 
2113 0.88 
2115 0.38 
2117 0.33 
2119 0.34 
2121 0.57 
2123 0.40 
2125 0.46 
2127 0.33 
2129 0.27 
2130 0.10 
2130 0.06 
2130 0.07 
2132 0.22 
2134 0.39 
2136 0.24 
2138 0.33 
2140 0.31 
2142 0.35 
2144 0.47 
2146 0.48 
2148 0.48 
2150 0.45 
2151 0.31 
2153 0.39 
2155 0.37 
2157 0.31 
2159 0.59 
2160 0.03 
2160 0.03 
2160 0.05 
2161 0.77 
2163 0.49 
2165 0.65 
2167 0.31 
2169 0.34 
2171 1.14 
2173 0.35 
2175 0.45 
2177 0.74 
2179 0.74 
2181 0.57 
2183 0.43 
2185 0.33 
2186 0.39 
2188 0.90 
2190 0.51 
2190 0.05 
2190 0.04 
2190 0.04 
2191 1.19 
2193 0.67 
2195 0.71 
2197 0.95 
2199 0.19 
2201 0.69 
2203 0.81 
2205 0.68 
2207 0.84 
2209 0.57 
2211 0.48 
2213 1.10 
2215 0.55 
2217 0.44 
2219 0.51 
2220 0.04 
2220 0.04 
2220 0.10 
2222 0.90 
2224 0.51 
2226 0.65 
2228 0.77 
2230 0.34 
2232 0.34 
2233 0.39 
2235 0.50 
2237 0.55 
2239 0.42 
2241 0.83 
2243 0.53 
2245 0.55 
2247 0.47 
2249 0.63 
2250 0.03 
2250 0.04 
2250 0.06 
2251 0.66 
2253 0.58 
2255 1.08 
2257 0.48 
2259 0.89 
2261 0.73 
2263 0.91 
2265 0.48 
2267 0.29 
2269 0.86 
2271 0.57 
2273 1.19 
2275 0.28 
2276 0.46 
2278 0.76 
2280 0.29 
2280 0.04 
2280 0.04 
2280 0.03 
2281 0.64 
2283 0.52 
2285 0.89 
2287 0.55 
2289 0.73 
2291 0.73 
2293 0.52 
2295 0.44 
2297 0.71 
2299 0.76 
2301 0.62 
2303 0.72 
2305 0.72 
2307 0.53 
2309 0.54 
2310 0.32 
2310 0.07 
2310 0.06 
2310 0.05 
2312 0.61 
2314 0.36 
2315 0.68 
2317 0.80 
2319 0.26 
2321 0.35 
2323 0.32 
2325 0.32 
2327 0.41 
2329 1.07 
2331 0.77 
2333 0.84 
2335 0.64 
2337 0.40 
2339 0.58 
2340 0.12 
2340 0.19 
2340 0.06 
2342 0.67 
2344 0.74 
2345 0.60 
2347 0.60 
2349 0.84 
2351 0.49 
2353 0.60 
2355 0.49 
2357 0.79 
2359 0.58 
2361 0.80 
2363 0.42 
2365 0.47 
2367 0.72 
2369 0.43 
2370 0.07 
2370 0.03 
2370 0.04 
2371 0.90 
2373 0.95 
2375 0.58 
2377 0.87 
2379 0.66 
2381 0.70 
2383 0.48 
2385 0.56 
2387 0.62 
2389 0.60 
2391 0.37 
2393 0.33 
2395 0.34 
2396 0.37 
2398 0.35 
2400 0.22 
2400 0.04 
2400 0.04 
2400 0.04 
2402 1.40 
2404 0.88 
2406 0.69 
2408 1.38 
2410 0.98 
2412 0.61 
2414 0.83 
2416 0.51 
2418 0.36 
2420 0.46 
2421 0.89 
2423 0.74 
2425 0.36 
2427 1.25 
2429 0.45 
2430 0.06 
2430 0.03 
2430 0.03 
2432 0.63 
2434 1.02 
2436 0.92 
2438 0.72 
2440 0.79 
2442 0.71 
2444 0.71 
2446 0.95 
2448 0.78 
2450 1.44 
2452 0.49 
2453 0.55 
2455 0.98 
2457 0.73 
2459 0.62 
2460 0.04 
2460 0.05 
2460 0.04 
2462 0.33 
2464 0.44 
2466 0.90 
2468 0.85 
2470 0.80 
2472 1.08 
2474 0.74 
2476 0.97 
2477 0.61 
2479 0.45 
2481 0.33 
2483 0.35 
2485 0.69 
2487 0.37 
2488 0.68 
2490 0.55 
2490 0.03 
2490 0.03 
2490 0.05 
2491 0.93 
2493 0.70 
2495 0.43 
2497 0.91 
2499 0.60 
2501 0.84 
2503 0.72 
2505 1.09 
2507 0.37 
2509 1.13 
2511 0.50 
2512 0.46 
2514 0.94 
2516 1.22 
2518 0.69 
2520 0.81 
2520 0.03 
2520 0.10 
2520 0.03 
2522 1.52 
2524 0.95 
2526 0.85 
2528 0.53 
2529 0.65 
2531 0.61 
2533 0.54 
2535 0.66 
2537 0.80 
2539 0.91 
2541 0.55 
2543 0.98 
2545 0.49 
2547 0.49 
2548 0.44 
2550 0.24 
2550 0.06 
2550 0.04 
2550 0.07 
2551 0.73 
2553 1.43 
2555 0.78 
2557 0.76 
2559 0.87 
2561 1.08 
2563 0.76 
2565 1.38 
2567 0.55 
2569 0.47 
2571 0.50 
2572 1.07 
2574 0.48 
2576 0.37 
2578 0.33 
2580 0.47 
2580 0.06 
2580 0.14 
2580 0.07 
2582 0.88 
2583 0.95 
2585 0.92 
2587 0.72 
2589 0.69 
2591 0.70 
2593 0.79 
2595 0.39 
2597 0.65 
2599 0.57 
2600 0.99 
2602 0.66 
2604 0.64 
2606 0.97 
2608 0.84 
2610 0.47 
2610 0.06 
2610 0.07 
2610 0.03 
2612 0.89 
2614 1.61 
2616 1.05 
2618 0.66 
2619 0.66 
2621 0.58 
2623 1.00 
2625 1.17 
2627 0.77 
2629 0.52 
2631 0.69 
2633 0.98 
2635 0.50 
2637 0.90 
2639 0.72 
2640 0.02 
2640 0.04 
2640 0.04 
2641 0.81 
2643 1.19 
2645 1.49 
2647 0.82 
2649 1.00 
2651 1.08 
2653 0.17 
2654 0.66 
2656 0.86 
2658 0.47 
2660 1.63 
2662 1.10 
2664 1.55 
2666 1.24 
2668 0.93 
2670 0.60 
2670 0.05 
2670 0.06 
2670 0.05 
2671 0.67 
2673 0.96 
2675 1.02 
2677 0.79 
2679 0.77 
2681 0.43 
2682 0.83 
2684 0.95 
2686 0.89 
2688 0.29 
2690 0.62 
2692 0.45 
2694 0.92 
2695 0.66 
2697 0.91 
2699 0.60 
2700 0.06 
2700 0.07 
2700 0.10 
2702 1.21 
2704 1.17 
2706 1.47 
2707 1.53 
2709 0.93 
2711 0.81 
2713 0.90 
2715 0.50 
2717 1.12 
2719 0.91 
2721 0.59 
2723 1.19 
2724 0.82 
2726 0.87 
2728 1.18 
2730 0.68 
2730 0.03 
2730 0.04 
2730 0.03 
2732 0.58 
2734 0.67 
2736 0.83 
2737 0.64 
2739 0.74 
2741 0.84 
2743 0.97 
2745 0.69 
2747 0.78 
2749 0.64 
2751 0.60 
2753 0.67 
2755 1.28 
2757 1.32 
2759 0.89 
2760 0.38 
2760 0.06 
2760 0.06 
2761 0.96 
2763 0.51 
2765 0.80 
2767 0.68 
2769 0.61 
2771 1.57 
2773 0.85 
2775 0.91 
2776 0.88 
2778 0.81 
2780 0.56 
2782 1.00 
2784 0.78 
2786 1.11 
2788 0.81 
2790 0.62 
2790 0.03 
2790 0.07 
2790 0.04 
2792 0.67 
2794 0.84 
2795 0.94 
2797 0.69 
2799 0.96 
2801 0.66 
2803 0.85 
2805 1.00 
2807 0.52 
2809 1.12 
2810 0.55 
2812 0.75 
2814 0.56 
2816 0.66 
2818 0.91 
2820 0.80 
2820 0.07 
2820 0.05 
2820 0.05 
2822 0.94 
2823 1.06 
2825 1.13 
2827 1.08 
2829 1.25 
2831 0.61 
2833 0.69 
2835 1.23 
2837 0.73 
2838 0.28 
2840 0.78 
2842 0.74 
2844 0.76 
2846 0.58 
2848 0.99 
2849 1.20 
2850 0.06 
2850 0.04 
2850 0.05 
2851 0.53 
2853 1.26 
2855 1.33 
2857 1.06 
2859 0.35 
2861 0.84 
2863 1.64 
2865 0.69 
2867 1.32 
2869 0.84 
2871 0.96 
2872 0.42 
2874 0.40 
2876 0.47 
2878 0.72 
2880 0.76 
2880 0.04 
2880 0.13 
2880 0.03 
2882 0.86 
2883 0.61 
2885 1.07 
2887 0.97 
2889 0.61 
2891 1.02 
2893 1.13 
2895 0.89 
2896 1.25 
2898 1.06 
2900 1.08 
2902 0.50 
2904 1.06 
2906 1.76 
2908 0.84 
2910 0.92 
2910 0.04 
2910 0.05 
2910 0.08 
2911 0.89 
2913 0.82 
2915 0.82 
2917 0.85 
2919 1.09 
2921 1.12 
2923 1.06 
2924 0.98 
2926 1.05 
2928 1.18 
2930 1.32 
2932 1.20 
2934 0.64 
2936 0.38 
2938 1.13 
2939 0.82 
2940 0.03 
2940 0.02 
2940 0.03 
2941 0.27 
2943 1.77 
2945 1.73 
2947 1.52 
2949 1.32 
2951 1.16 
2953 0.40 
2955 1.70 
2957 1.55 
2959 1.30 
2960 0.66 
2962 0.74 
2964 0.50 
2966 0.73 
2968 1.25 
2970 1.13 
2970 0.08 
2970 0.03 
2970 0.03 
2971 1.19 
2973 0.83 
2975 0.90 
2977 1.06 
2979 2.35 
2981 1.27 
2983 0.94 
2984 0.88 
2986 0.91 
2988 1.24 
2990 0.90 
2992 0.89 
2994 0.92 
2996 0.88 
2998 1.03 
2999 0.91 
3000 0.02 
3000 0.13 
3000 0.07 
3001 0.82 
3003 1.29 
3005 0.74 
3007 1.36 
3009 0.51 
3011 1.08 
3012 0.62 
3014 1.26 
3016 0.75 
3018 0.87 
3020 1.82 
3022 1.42 
3024 0.49 
3026 0.96 
3028 1.60 
3030 1.67 
3030 0.04 
3030 0.04 
3030 0.03 
3031 0.43 
3033 1.16 
3035 1.17 
3037 1.26 
3039 0.80 
3041 1.50 
3043 1.28 
3045 1.14 
3046 1.88 
3048 1.27 
3050 0.70 
3052 0.89 
3054 0.79 
3056 1.21 
3058 1.55 
3059 0.69 
3060 0.03 
3060 0.03 
3060 0.04 
3061 0.64 
3063 1.59 
3065 1.06 
3067 1.41 
3069 1.29 
3070 0.83 
3072 1.02 
3074 0.66 
3076 0.73 
3078 0.76 
3080 0.65 
3081 1.03 
3083 0.70 
3085 1.14 
3087 1.41 
3089 1.16 
3090 0.53 
3090 0.06 
3090 0.03 
3092 1.18 
3093 1.43 
3095 1.38 
3097 1.58 
3099 1.36 
3101 0.62 
3103 1.05 
3105 1.46 
3107 0.98 
3109 1.13 
3110 1.35 
3112 1.37 
3114 0.40 
3116 0.53 
3118 1.18 
3120 0.91 
3120 0.04 
3120 0.04 
3120 0.05 
3122 1.23 
3124 1.29 
3126 0.56 
3128 1.10 
3129 0.44 
3131 0.79 
3133 1.50 
3135 0.77 
3137 0.68 
3139 0.58 
3141 0.54 
3143 1.04 
3145 0.79 
3147 0.82 
3148 0.66 
3150 0.96 
3150 0.03 
3150 0.04 
3150 0.04 
3151 1.16 
3153 0.95 
3155 0.95 
3157 1.08 
3159 1.07 
3161 1.23 
3163 1.17 
3165 1.06 
3167 0.89 
3168 0.62 
3170 0.71 
3172 1.09 
3174 0.54 
3176 0.79 
3178 0.70 
3180 0.66 
3180 0.04 
3180 0.04 
3180 0.04 
3181 0.70 
3183 1.46 
3185 0.62 
3187 0.87 
3189 1.12 
3191 1.09 
3193 1.33 
3195 0.98 
3197 0.65 
3198 0.75 
3200 0.60 
3202 0.78 
3204 0.94 
3206 0.92 
3208 0.87 
3210 0.66 
3210 0.03 
3210 0.04 
3210 0.04 
3211 1.02 
3213 0.98 
3215 1.36 
3217 1.33 
3219 0.99 
3221 1.25 
3223 1.11 
3225 1.00 
3227 0.72 
3229 0.72 
3231 0.70 
3233 0.77 
3235 0.31 
3237 1.48 
3238 1.06 
3240 0.50 
3240 0.05 
3240 0.04 
3240 0.03 
3241 0.50 
3243 0.85 
3245 0.20 
3247 0.66 
3249 1.56 
3251 0.85 
3252 0.78 
3254 0.76 
3256 0.89 
3258 0.95 
3260 0.77 
3262 0.38 
3264 0.34 
3265 0.67 
3267 0.44 
3269 0.65 
3270 0.02 
3270 0.06 
3270 0.05 
3272 1.45 
3274 1.07 
3276 0.76 
3278 0.58 
3280 1.14 
3281 1.52 
3283 1.33 
3285 0.84 
3287 0.82 
3289 0.85 
3291 0.75 
3293 0.69 
3295 1.25 
3297 1.36 
3299 1.14 
3300 0.22 
3300 0.03 
3300 0.06 
3301 1.16 
3303 0.87 
3305 1.06 
3307 0.84 
3309 1.10 
3311 0.63 
3313 0.68 
3315 0.92 
3317 0.56 
3319 0.98 
3320 0.77 
3322 0.97 
3324 1.44 
3326 1.10 
3328 0.50 
3330 0.43 
3330 0.16 
3330 0.05 
3330 0.09 
3332 1.10 
3334 1.79 
3335 1.40 
3337 0.86 
3339 1.03 
3341 0.64 
3343 0.94 
3345 0.81 
3347 0.89 
3348 0.97 
3350 1.01 
3352 1.58 
3354 1.20 
3356 0.57 
3358 0.99 
3359 0.78 
3360 0.05 
3360 0.08 
3360 0.08 
3362 1.39 
3364 1.33 
3366 0.55 
3368 0.65 
3370 0.70 
3372 0.71 
3373 0.53 
3375 0.94 
3377 0.69 
3379 0.56 
3381 1.39 
3383 0.59 
3385 1.15 
3387 0.61 
3388 0.88 
3390 0.32 
3390 0.09 
3390 0.08 
3390 0.04 
3391 0.57 
3393 1.09 
3395 0.72 
3397 1.02 
3399 0.38 
3401 0.74 
3402 0.71 
3404 0.56 
3406 0.53 
3408 0.35 
3410 0.41 
3412 0.82 
3414 1.02 
3416 0.75 
3418 1.26 
3420 0.74 
3420 0.14 
3420 0.07 
3420 0.06 
3422 1.02 
3424 0.64 
3426 1.01 
3428 0.80 
3429 0.82 
3431 1.15 
3433 0.77 
3435 1.03 
3437 0.63 
3439 0.92 
3441 0.77 
3443 1.11 
3445 0.84 
3447 0.77 
3449 0.64 
3450 0.18 
3450 0.05 
3450 0.19 
3452 1.08 
3454 1.29 
3456 0.40 
3457 0.87 
3459 0.50 
3461 0.43 
3463 0.56 
3465 0.82 
3467 1.15 
3468 0.39 
3470 0.40 
3472 1.02 
3474 1.15 
3476 1.05 
3478 0.64 
3480 0.33 
3480 0.06 
3480 0.05 
3480 0.04 
3482 1.41 
3484 0.90 
3486 0.73 
3488 0.96 
3490 0.96 
3492 0.94 
3494 0.48 
3496 0.59 
3497 0.49 
3499 0.53 
3501 0.80 
3503 0.97 
3505 0.26 
3507 0.58 
3509 0.48 
3510 0.18 
3510 0.06 
3510 0.08 
3511 1.27 
3513 1.03 
3515 0.60 
3517 0.60 
3519 0.76 
3521 0.74 
3523 0.78 
3525 1.06 
3527 1.08 
3529 0.53 
3531 1.33 
3533 0.63 
3534 0.67 
3536 0.68 
3538 0.98 
3540 0.72 
3540 0.08 
3540 0.06 
3540 0.06 
3542 0.67 
3544 0.82 
3546 0.94 
3548 0.53 
3550 1.00 
3552 0.62 
3553 1.28 
3555 0.49 
3557 0.72 
3559 0.37 
3561 0.69 
3563 0.55 
3565 0.46 
3567 0.46 
3569 0.73 
3570 0.04 
3570 0.05 
3570 0.05 
3572 0.91 
3574 0.49 
3575 0.42 
3577 0.62 
3579 0.57 
3581 0.74 
3583 0.45 
3585 1.34 
3587 0.96 
3589 0.85 
3590 0.59 
3592 0.88 
3594 0.87 
3596 0.96 
3598 1.04 
3600 0.94 
3600 0.05 
3600 0.08 
3600 0.12 
3602 0.44 
3604 0.73 
3606 0.45 
3608 0.74 
3610 0.32 
3611 0.31 
3613 0.68 
3615 0.43 
3617 0.65 
3619 0.59 
3621 0.83 
3623 0.69 
3625 0.82 
3627 0.69 
3629 0.47 
3630 0.04 
