25 201 0.002908468246459961 1 1
26 201 0.0043926239013671875 1 1
27 201 0.014250040054321289 1 1
28 201 0.002594470977783203 1 1
29 201 0.0032324790954589844 1 1
55 201 0.004054546356201172 1 1
56 201 0.00397181510925293 1 1
57 201 0.002839326858520508 1 1
58 201 0.002939462661743164 1 1
58 201 0.002727508544921875 1 1
85 201 0.0039174556732177734 1 1
86 201 0.004591464996337891 1 1
87 201 0.003113269805908203 1 1
88 201 0.002707958221435547 1 1
89 201 0.003347635269165039 1 1
114 201 0.003886699676513672 1 1
115 201 0.0036079883575439453 1 1
116 201 0.003378152847290039 1 1
118 timeout 0.05 1 1
119 timeout 0.05 1 1
144 201 0.0036153793334960938 1 1
145 201 0.0026848316192626953 1 1
146 timeout 0.05 1 1
147 201 0.0030481815338134766 1 1
148 201 0.0034236907958984375 1 1
174 201 0.004281044006347656 1 1
175 timeout 0.05 1 1
176 201 0.002842426300048828 1 1
177 201 0.003195047378540039 1 1
178 201 0.002248525619506836 1 1
204 201 0.0028243064880371094 1 1
205 201 0.002771139144897461 1 1
206 201 0.003489971160888672 1 1
208 201 0.0032362937927246094 1 1
209 201 0.0033416748046875 1 1
235 201 0.0034341812133789062 1 1
236 201 0.00579380989074707 1 1
237 201 0.0028634071350097656 1 1
238 201 0.004248380661010742 1 1
239 201 0.004546642303466797 1 1
265 201 0.004991292953491211 1 1
266 201 0.011070966720581055 1 1
267 201 0.002761363983154297 1 1
268 201 0.003554821014404297 1 1
268 201 0.002998828887939453 1 1
294 201 0.002979278564453125 1 1
295 201 0.003247499465942383 1 1
296 201 0.0046885013580322266 1 1
297 201 0.0028274059295654297 1 1
298 201 0.0037848949432373047 1 1
324 201 0.004766941070556641 1 1
325 201 0.003176450729370117 1 1
326 201 0.0028328895568847656 1 1
327 timeout 0.05 1 1
328 201 0.0023374557495117188 1 1
354 201 0.002964019775390625 1 1
355 201 0.0036575794219970703 1 1
356 201 0.002870798110961914 1 1
357 201 0.0032608509063720703 1 1
358 201 0.002465963363647461 1 1
385 201 0.0071163177490234375 1 1
386 201 0.004138469696044922 1 1
386 201 0.0029838085174560547 1 1
387 201 0.003967761993408203 1 1
388 timeout 0.05 1 1
414 201 0.0033292770385742188 1 1
415 201 0.004306316375732422 1 1
416 timeout 0.05 1 1
417 timeout 0.05 1 1
418 201 0.0023686885833740234 1 1
445 201 0.012766599655151367 1 1
446 201 0.004244327545166016 1 1
447 201 0.0055429935455322266 1 1
448 201 0.005440711975097656 1 1
448 201 0.0037555694580078125 1 1
474 201 0.0036020278930664062 1 1
476 timeout 0.05 1 1
477 201 0.002519845962524414 1 1
478 201 0.0026404857635498047 1 1
478 201 0.0031423568725585938 1 1
504 201 0.003095388412475586 1 1
505 201 0.0022063255310058594 1 1
506 201 0.002398967742919922 1 1
507 201 0.007101297378540039 1 1
508 201 0.0034759044647216797 1 1
534 201 0.003229856491088867 1 1
535 201 0.004111051559448242 1 1
536 201 0.0027246475219726562 1 1
537 201 0.0024535655975341797 1 1
538 201 0.0026531219482421875 1 1
564 201 0.0026929378509521484 1 1
565 201 0.002996683120727539 1 1
566 201 0.0027892589569091797 1 1
567 201 0.0036706924438476562 1 1
568 201 0.0030455589294433594 1 1
594 201 0.0033540725708007812 1 1
595 201 0.0026559829711914062 1 1
596 201 0.00452876091003418 1 1
597 201 0.003909111022949219 1 1
598 201 0.0028960704803466797 1 1
624 201 0.0038225650787353516 1 1
626 timeout 0.05 1 1
626 201 0.004257678985595703 1 1
627 timeout 0.05 1 1
628 timeout 0.05 1 1
654 201 0.0029668807983398438 1 1
655 201 0.003162384033203125 1 1
656 201 0.002947092056274414 1 1
657 201 0.003317594528198242 1 1
658 201 0.003353595733642578 1 1
684 201 0.0034966468811035156 1 1
685 201 0.0025196075439453125 1 1
686 201 0.004640340805053711 1 1
687 201 0.002475738525390625 1 1
688 201 0.0050678253173828125 1 1
714 201 0.0028841495513916016 1 1
715 201 0.0032389163970947266 1 1
717 timeout 0.05 1 1
717 201 0.003161907196044922 1 1
718 201 0.0023336410522460938 1 1
744 201 0.003970623016357422 1 2
745 201 0.006623983383178711 1 2
746 201 0.003060579299926758 1 2
747 201 0.0027577877044677734 1 2
748 201 0.002492666244506836 1 2
774 timeout 0.05 1 2
775 201 0.0029184818267822266 1 2
776 timeout 0.05 1 2
777 201 0.00405120849609375 1 2
778 201 0.004719972610473633 1 2
804 201 0.004114389419555664 1 2
805 201 0.0029282569885253906 1 2
806 201 0.005207538604736328 1 2
808 timeout 0.05 1 2
808 201 0.002457857131958008 1 2
834 201 0.004333972930908203 1 2
835 timeout 0.05 1 2
836 timeout 0.05 1 2
837 201 0.003165006637573242 1 2
838 201 0.004343748092651367 1 2
864 timeout 0.05 1 2
865 201 0.004502773284912109 1 2
866 201 0.0028619766235351562 1 2
867 201 0.0035660266876220703 1 2
868 201 0.0038292407989501953 1 2
894 201 0.004400014877319336 1 2
895 timeout 0.05 1 2
896 timeout 0.05 1 2
897 timeout 0.05 1 2
898 201 0.0052530765533447266 1 2
924 201 0.0045871734619140625 1 2
925 201 0.003690004348754883 1 2
926 timeout 0.05 1 2
927 timeout 0.05 1 2
928 timeout 0.05 1 2
954 201 0.0031371116638183594 1 2
955 201 0.0036017894744873047 1 2
956 201 0.0038900375366210938 1 2
957 201 0.0024788379669189453 1 2
958 201 0.0031795501708984375 1 2
984 timeout 0.05 1 2
985 201 0.0031960010528564453 1 2
986 201 0.007200002670288086 1 2
987 201 0.004774570465087891 1 2
988 201 0.003995180130004883 1 2
1014 201 0.00402522087097168 1 2
1015 201 0.0028645992279052734 1 2
1016 201 0.0032596588134765625 1 2
1017 201 0.005554676055908203 1 2
1018 201 0.002505779266357422 1 2
1044 201 0.0070307254791259766 1 2
1045 201 0.0034193992614746094 1 2
1046 timeout 0.05 1 2
1047 timeout 0.05 1 2
1048 201 0.0032968521118164062 1 2
1074 timeout 0.05 1 2
1075 201 0.003158092498779297 1 2
1076 timeout 0.05 1 2
1077 201 0.003264904022216797 1 2
1078 201 0.005934476852416992 1 2
1104 201 0.005597591400146484 1 2
1105 201 0.0026693344116210938 1 2
1106 201 0.00410771369934082 1 2
1107 201 0.0036993026733398438 1 2
1108 201 0.005640745162963867 1 2
1134 201 0.005751609802246094 1 2
1135 201 0.00437474250793457 1 2
1136 timeout 0.05 1 2
1137 timeout 0.05 1 2
1138 201 0.0027632713317871094 1 2
1164 201 0.0036199092864990234 1 2
1165 201 0.0032911300659179688 1 2
1166 201 0.0038993358612060547 1 2
1167 timeout 0.05 1 2
1168 201 0.0028867721557617188 1 2
1194 201 0.0035753250122070312 1 2
1195 timeout 0.05 1 2
1196 timeout 0.05 1 2
1197 201 0.010134220123291016 1 2
1198 201 0.002908945083618164 1 2
1224 201 0.003570079803466797 1 2
1225 201 0.0035419464111328125 1 2
1226 201 0.0033609867095947266 1 2
1227 201 0.0038754940032958984 1 2
1228 201 0.0037505626678466797 1 2
1254 201 0.005010366439819336 1 2
1255 201 0.004875659942626953 1 2
1256 201 0.00836634635925293 1 2
1257 201 0.004485368728637695 1 2
1258 timeout 0.05 1 2
1285 timeout 0.05 1 2
1285 timeout 0.05 1 2
1286 201 0.005643367767333984 1 2
1287 201 0.005038738250732422 1 2
1288 201 0.0028374195098876953 1 2
1314 201 0.003828763961791992 1 2
1315 201 0.0040628910064697266 1 2
1316 timeout 0.05 1 2
1317 201 0.004044771194458008 1 2
1318 timeout 0.05 1 2
1344 timeout 0.05 1 2
1345 201 0.004177093505859375 1 2
1346 timeout 0.05 1 2
1347 timeout 0.05 1 2
1348 201 0.004276275634765625 1 2
1374 201 0.008190631866455078 1 2
1375 201 0.004338979721069336 1 2
1376 201 0.003598451614379883 1 2
1377 201 0.002653360366821289 1 2
1378 201 0.006380558013916016 1 2
1404 201 0.00397038459777832 1 2
1405 201 0.003961324691772461 1 2
1406 201 0.00247955322265625 1 2
1407 timeout 0.05 1 2
1408 201 0.0062541961669921875 1 2
1434 201 0.0046291351318359375 1 2
1435 201 0.0043447017669677734 1 2
1436 timeout 0.05 1 2
1437 201 0.0028066635131835938 1 2
1438 201 0.0037784576416015625 1 2
1465 201 0.022821903228759766 1 2
1466 201 0.0073659420013427734 1 2
1467 201 0.0035533905029296875 1 2
1467 201 0.003626585006713867 1 2
1468 201 0.003232240676879883 1 2
1494 201 0.003735780715942383 1 2
1495 201 0.0037577152252197266 1 2
1496 201 0.0042383670806884766 1 2
1497 201 0.0031769275665283203 1 2
1498 201 0.004441261291503906 1 2
1524 timeout 0.05 1 2
1525 201 0.0049898624420166016 1 2
1526 timeout 0.05 1 2
1527 201 0.0034444332122802734 1 2
1528 201 0.003076314926147461 1 2
1554 201 0.006893157958984375 1 2
1555 timeout 0.05 1 2
1556 201 0.0030193328857421875 1 2
1557 timeout 0.05 1 2
1558 201 0.005734443664550781 1 2
1584 201 0.003409147262573242 1 2
1585 201 0.010635614395141602 1 2
1586 201 0.003078937530517578 1 2
1587 timeout 0.05 1 2
1588 201 0.0035088062286376953 1 2
1614 201 0.0035724639892578125 1 2
1615 201 0.006463289260864258 1 2
1616 201 0.0035855770111083984 1 2
1617 201 0.003812074661254883 1 2
1618 201 0.0031859874725341797 1 2
1644 201 0.003989219665527344 1 2
1645 201 0.012245655059814453 1 2
1646 201 0.0036497116088867188 1 2
1647 201 0.004177570343017578 1 2
1648 201 0.004034280776977539 1 2
1674 201 0.00335693359375 1 2
1675 201 0.01092839241027832 1 2
1677 201 0.009392976760864258 1 2
1677 201 0.0038988590240478516 1 2
1678 201 0.005576372146606445 1 2
1704 timeout 0.05 1 2
1705 201 0.0039615631103515625 1 2
1706 201 0.0033464431762695312 1 2
1707 201 0.0031995773315429688 1 2
1708 timeout 0.05 1 2
1734 201 0.004346370697021484 1 2
1735 201 0.0038814544677734375 1 2
1736 201 0.004196882247924805 1 2
1737 201 0.003420591354370117 1 2
1738 201 0.004713773727416992 1 2
1764 201 0.004140377044677734 1 2
1765 201 0.004992008209228516 1 2
1767 201 0.014568328857421875 1 2
1768 201 0.0036592483520507812 1 2
1769 201 0.0038156509399414062 1 2
1794 201 0.0052912235260009766 1 2
1795 201 0.003875255584716797 1 2
1796 201 0.0035686492919921875 1 2
1797 201 0.0033559799194335938 1 2
1798 201 0.0037505626678466797 1 2
1824 201 0.004767656326293945 1 2
1825 201 0.004305362701416016 1 2
1826 201 0.0040318965911865234 1 2
1827 201 0.003453493118286133 1 2
1828 201 0.0034475326538085938 1 2
1854 201 0.00415492057800293 1 2
1855 201 0.0047032833099365234 1 2
1856 201 0.004606485366821289 1 2
1857 201 0.0034453868865966797 1 2
1858 201 0.0049152374267578125 1 2
1884 201 0.002879619598388672 1 2
1885 201 0.0032677650451660156 1 2
1886 201 0.003677845001220703 1 2
1887 201 0.003596067428588867 1 2
1888 201 0.0025250911712646484 1 2
1914 201 0.003830432891845703 1 2
1915 201 0.003367900848388672 1 2
1916 201 0.0041806697845458984 1 2
1917 201 0.003652334213256836 1 2
1918 201 0.003738880157470703 1 2
1944 201 0.0039942264556884766 1 2
1945 timeout 0.05 1 2
1946 201 0.003641843795776367 1 2
1947 201 0.01253652572631836 1 2
1948 201 0.003325939178466797 1 2
1975 201 0.003913402557373047 1 2
1975 timeout 0.05 1 2
1976 201 0.003497600555419922 1 2
1977 201 0.005564451217651367 1 2
1978 201 0.0043048858642578125 1 2
2005 201 0.006025791168212891 1 2
2006 201 0.0051038265228271484 1 2
2007 201 0.006748676300048828 1 2
2008 201 0.0052258968353271484 1 2
2009 201 0.005039215087890625 1 2
2035 201 0.0049364566802978516 1 2
2036 201 0.004714012145996094 1 2
2037 201 0.0046939849853515625 1 2
2038 201 0.005007266998291016 1 2
2039 201 0.003927707672119141 1 2
2064 timeout 0.05 1 2
2065 201 0.0035583972930908203 1 2
2066 201 0.003570556640625 1 2
2067 201 0.003557443618774414 1 2
2068 201 0.0034856796264648438 1 2
2095 201 0.0041162967681884766 1 2
2096 201 0.0042536258697509766 1 2
2097 201 0.0038022994995117188 1 2
2097 201 0.004044294357299805 1 2
2098 201 0.004235506057739258 1 2
2125 201 0.006224632263183594 1 2
2126 201 0.004938840866088867 1 2
2127 201 0.0047779083251953125 1 2
2128 201 0.008646965026855469 1 2
2128 201 0.010914802551269531 1 2
2155 201 0.00460505485534668 1 2
2156 201 0.005880832672119141 1 2
2157 201 0.007554054260253906 1 2
2158 201 0.003689289093017578 1 2
2159 201 0.0030291080474853516 1 2
2184 201 0.0037467479705810547 1 2
2185 201 0.00424957275390625 1 2
2186 201 0.0036475658416748047 1 2
2187 201 0.0034101009368896484 1 2
2188 timeout 0.05 1 2
2214 201 0.0035767555236816406 1 2
2215 201 0.0032172203063964844 1 2
2216 201 0.002872943878173828 1 2
2217 201 0.0030994415283203125 1 2
2218 201 0.0034263134002685547 1 2
2244 201 0.0035598278045654297 1 2
2245 201 0.0037047863006591797 1 2
2246 201 0.003719806671142578 1 2
2247 201 0.0041692256927490234 1 2
2248 201 0.004448652267456055 1 2
2274 201 0.0039920806884765625 1 2
2275 201 0.0037009716033935547 1 2
2276 timeout 0.05 1 2
2277 201 0.0028836727142333984 1 2
2278 201 0.0037908554077148438 1 2
2304 201 0.007959365844726562 1 2
2305 201 0.0030481815338134766 1 2
2306 201 0.0030465126037597656 1 2
2307 timeout 0.05 1 2
2308 timeout 0.05 1 2
2334 201 0.0035719871520996094 1 2
2335 201 0.0027043819427490234 1 2
2337 timeout 0.05 1 2
2338 201 0.002647876739501953 1 2
2339 201 0.0028247833251953125 1 2
2365 201 0.006890535354614258 1 2
2365 201 0.0034940242767333984 1 2
2367 timeout 0.05 1 2
2368 timeout 0.05 1 2
2369 201 0.006069183349609375 1 2
2394 201 0.0038475990295410156 1 2
2395 201 0.005014181137084961 1 2
2396 201 0.003503084182739258 1 2
2397 201 0.0032050609588623047 1 2
2398 201 0.003313302993774414 1 2
2424 201 0.00515437126159668 1 2
2425 201 0.00594329833984375 1 2
2426 201 0.002999544143676758 1 2
2427 timeout 0.05 1 2
2428 201 0.004434108734130859 1 2
2454 201 0.0037107467651367188 1 2
2455 201 0.0038750171661376953 1 2
2456 201 0.003719329833984375 1 2
2457 201 0.003160715103149414 1 2
2458 timeout 0.05 1 2
2484 201 0.008289337158203125 1 2
2485 timeout 0.05 1 2
2486 201 0.008416891098022461 1 2
2487 201 0.0034494400024414062 1 2
2488 201 0.0032956600189208984 1 2
2514 201 0.004620075225830078 1 2
2515 201 0.0035696029663085938 1 2
2517 timeout 0.05 1 2
2517 timeout 0.05 1 2
2518 201 0.004434823989868164 1 2
2544 201 0.0031218528747558594 1 2
2545 201 0.003441333770751953 1 2
2546 timeout 0.05 1 2
2547 201 0.0048503875732421875 1 2
2548 201 0.003515958786010742 1 2
2574 201 0.0033805370330810547 1 2
2575 201 0.003915071487426758 1 2
2576 201 0.0029144287109375 1 2
2577 timeout 0.05 1 2
2578 201 0.002660989761352539 1 2
2604 201 0.0035414695739746094 1 2
2605 timeout 0.05 1 2
2606 201 0.0035789012908935547 1 2
2607 201 0.005089282989501953 1 2
2608 201 0.004011631011962891 1 2
2635 201 0.010233402252197266 1 2
2636 201 0.0039975643157958984 1 2
2636 201 0.003041505813598633 1 2
2637 201 0.008822441101074219 1 2
2638 201 0.0032601356506347656 1 2
2664 201 0.00475311279296875 1 2
2665 201 0.004595756530761719 1 2
2666 201 0.0033860206604003906 1 2
2667 201 0.004275798797607422 1 2
2668 201 0.004327535629272461 1 2
2694 201 0.003765106201171875 1 2
2695 201 0.006204128265380859 1 2
2696 timeout 0.05 1 2
2697 201 0.003996372222900391 1 2
2698 201 0.0034584999084472656 1 2
2724 timeout 0.05 1 2
2725 201 0.003559112548828125 1 2
2726 201 0.003695249557495117 1 2
2727 201 0.003473520278930664 1 2
2728 201 0.0051670074462890625 1 2
2754 201 0.00382232666015625 1 2
2755 201 0.00926065444946289 1 2
2756 201 0.004062175750732422 1 2
2757 201 0.002889394760131836 1 2
2758 201 0.007110595703125 1 2
2784 timeout 0.05 1 2
2785 201 0.0027053356170654297 1 2
2786 201 0.0028824806213378906 1 2
2787 201 0.004617929458618164 1 2
2788 201 0.0026400089263916016 1 2
2814 201 0.006628274917602539 1 2
2815 timeout 0.05 1 2
2816 201 0.0038099288940429688 1 2
2817 201 0.0031583309173583984 1 2
2818 timeout 0.05 1 2
2844 201 0.004158973693847656 1 2
2845 201 0.004269599914550781 1 2
2846 201 0.003912448883056641 1 2
2847 201 0.0035996437072753906 1 2
2848 201 0.003479480743408203 1 2
2874 201 0.004193782806396484 1 2
2875 201 0.004242897033691406 1 2
2876 201 0.0034236907958984375 1 2
2877 201 0.0038747787475585938 1 2
2878 201 0.004567861557006836 1 2
2905 timeout 0.05 1 2
2906 timeout 0.05 1 2
2906 201 0.002821207046508789 1 2
2907 201 0.0023615360260009766 1 2
2908 201 0.0027115345001220703 1 2
2934 201 0.0035943984985351562 1 2
2935 201 0.002712726593017578 1 2
2936 201 0.003243684768676758 1 2
2937 201 0.003482341766357422 1 2
2938 201 0.0033173561096191406 1 2
2964 201 0.00480198860168457 1 2
2965 201 0.004456996917724609 1 2
2966 timeout 0.05 1 2
2967 201 0.008075714111328125 1 2
2968 201 0.003509521484375 1 2
2994 201 0.0060117244720458984 1 2
2995 201 0.0032122135162353516 1 2
2996 201 0.016455650329589844 1 2
2997 201 0.0031294822692871094 1 2
2998 201 0.002287626266479492 1 2
3024 201 0.005637168884277344 1 2
3025 201 0.0035448074340820312 1 2
3026 201 0.0052411556243896484 1 2
3027 201 0.0035245418548583984 1 2
3028 201 0.005079507827758789 1 2
3054 201 0.0039217472076416016 1 2
3055 201 0.004238128662109375 1 2
3056 201 0.0033168792724609375 1 2
3057 201 0.0032806396484375 1 2
3058 timeout 0.05 1 2
3084 201 0.004300117492675781 1 2
3085 201 0.004030942916870117 1 2
3086 201 0.003519773483276367 1 2
3087 201 0.0030791759490966797 1 2
3088 201 0.002724170684814453 1 2
3114 timeout 0.05 1 2
3115 timeout 0.05 1 2
3116 timeout 0.05 1 2
3117 201 0.0039026737213134766 1 2
3118 201 0.0035448074340820312 1 2
3144 201 0.004426240921020508 1 2
3145 201 0.0037474632263183594 1 2
3146 201 0.004502773284912109 1 2
3147 201 0.003402233123779297 1 2
3148 timeout 0.05 1 2
3175 timeout 0.05 1 2
3175 timeout 0.05 1 2
3176 timeout 0.05 1 2
3177 201 0.0033597946166992188 1 2
3178 201 0.003645658493041992 1 2
3204 201 0.0035262107849121094 1 2
3205 201 0.003445148468017578 1 2
3206 201 0.0032110214233398438 1 2
3207 201 0.004007816314697266 1 2
3208 201 0.002798318862915039 1 2
3234 201 0.004002094268798828 1 2
3235 201 0.003010988235473633 1 2
3236 201 0.0048563480377197266 1 2
3237 201 0.01052403450012207 1 2
3238 201 0.0030438899993896484 1 2
3264 201 0.0039904117584228516 1 2
3265 201 0.006266355514526367 1 2
3266 201 0.003531217575073242 1 2
3267 timeout 0.05 1 2
3268 timeout 0.05 1 2
3294 201 0.0036177635192871094 1 2
3295 201 0.0036351680755615234 1 2
3296 201 0.0037767887115478516 1 2
3297 201 0.004295825958251953 1 2
3298 201 0.006328582763671875 1 2
3324 201 0.0042095184326171875 1 2
3325 201 0.0037813186645507812 1 2
3326 201 0.007958650588989258 1 2
3327 201 0.003213644027709961 1 2
3328 timeout 0.05 1 2
3354 201 0.00394892692565918 1 2
3355 timeout 0.05 1 2
3356 201 0.003448009490966797 1 2
3357 201 0.0056798458099365234 1 2
3358 201 0.004057168960571289 1 2
3384 201 0.0039675235748291016 1 2
3385 timeout 0.05 1 2
3386 201 0.0030815601348876953 1 2
3387 201 0.0036034584045410156 1 2
3388 201 0.00872659683227539 1 2
3414 201 0.0034873485565185547 1 2
3415 201 0.003923892974853516 1 2
3416 201 0.0034873485565185547 1 2
3417 201 0.0028247833251953125 1 2
3418 201 0.0027489662170410156 1 2
3444 201 0.0050754547119140625 1 2
3445 timeout 0.05 1 2
3447 timeout 0.05 1 2
3448 timeout 0.05 1 2
3448 201 0.003417491912841797 1 2
3474 201 0.003464221954345703 1 2
3475 201 0.0054264068603515625 1 2
3476 201 0.005003690719604492 1 2
3477 201 0.004244804382324219 1 2
3478 201 0.003030538558959961 1 2
3504 201 0.005672931671142578 1 2
3505 201 0.004039764404296875 1 2
3506 201 0.006108283996582031 1 2
3507 201 0.0034761428833007812 1 2
3508 201 0.0037539005279541016 1 2
3534 201 0.003796815872192383 1 2
3535 timeout 0.05 1 2
3536 201 0.0039043426513671875 1 2
3537 201 0.0027239322662353516 1 2
3538 timeout 0.05 1 2
3564 201 0.008198261260986328 1 2
3565 201 0.0032727718353271484 1 2
3566 201 0.0036344528198242188 1 2
3567 timeout 0.05 1 2
3568 201 0.003061532974243164 1 2
3594 201 0.0048427581787109375 1 2
3595 201 0.0037877559661865234 1 2
3596 timeout 0.05 1 2
3597 timeout 0.05 1 2
3598 201 0.0034525394439697266 1 2
3624 201 0.004084110260009766 1 2
3625 201 0.003796815872192383 1 2
3626 201 0.003307342529296875 1 2
3627 201 0.003312826156616211 1 2
3628 timeout 0.05 1 2
