1 101.24 
3 101.46 
5 102.49 
7 99.01 
9 73.41 
11 69.48 
13 51.75 
15 52.19 
17 30.68 
19 38.80 
21 54.15 
23 40.15 
25 19.62 
27 37.45 
29 34.18 
30 0.24 
30 0.12 
30 2.79 
31 102.67 
33 102.48 
35 93.78 
37 89.65 
39 75.45 
41 52.53 
43 85.00 
45 50.30 
47 41.60 
49 33.59 
51 30.95 
53 45.06 
55 73.71 
57 33.32 
59 63.18 
60 0.30 
60 0.15 
60 0.17 
61 101.99 
63 101.69 
65 101.85 
67 100.37 
69 89.17 
71 57.86 
73 64.25 
75 52.88 
77 36.92 
79 32.61 
81 39.93 
83 48.23 
85 27.84 
87 22.58 
89 59.40 
90 0.35 
90 0.11 
90 2.18 
91 102.20 
93 99.35 
95 79.06 
97 89.54 
99 91.60 
101 47.01 
103 84.29 
105 55.72 
107 23.02 
109 24.88 
111 35.10 
113 41.09 
115 32.85 
117 27.44 
119 65.67 
120 1.02 
120 0.19 
120 0.18 
122 102.02 
124 79.22 
126 65.37 
128 74.57 
130 55.11 
132 86.02 
134 54.51 
136 26.61 
138 42.86 
140 25.07 
142 30.88 
144 32.27 
145 41.19 
147 27.69 
149 28.05 
150 0.22 
150 0.22 
150 0.17 
151 101.78 
153 101.86 
155 100.59 
157 90.27 
159 97.50 
161 76.89 
163 46.93 
165 22.05 
167 36.29 
169 41.82 
171 67.42 
173 27.26 
175 39.09 
177 52.65 
179 31.90 
180 14.21 
180 0.07 
180 0.29 
182 100.76 
184 78.93 
186 80.09 
188 71.58 
190 67.92 
192 46.75 
194 53.00 
196 47.80 
198 36.61 
200 27.03 
202 82.54 
204 49.25 
206 31.94 
208 37.76 
210 32.32 
210 0.17 
210 0.21 
210 0.14 
210 102.05 
212 102.07 
214 102.47 
216 100.48 
218 85.61 
220 44.81 
222 31.13 
224 47.89 
226 37.03 
228 38.47 
230 43.77 
232 38.55 
234 33.10 
236 33.03 
238 34.74 
240 46.41 
240 0.15 
240 0.20 
240 0.14 
242 102.21 
244 103.34 
246 103.00 
248 96.96 
250 69.85 
251 66.95 
253 87.06 
255 99.24 
257 58.58 
259 78.22 
261 50.62 
263 51.49 
265 61.26 
267 40.41 
269 48.15 
270 0.20 
270 0.25 
270 0.09 
271 102.49 
273 102.81 
275 102.41 
277 101.89 
279 102.34 
281 103.63 
283 67.08 
285 97.16 
287 58.42 
289 49.82 
291 49.51 
293 31.78 
295 38.84 
297 90.89 
299 48.45 
300 1.64 
300 0.12 
300 0.22 
302 100.97 
304 105.76 
306 103.17 
308 101.36 
310 79.25 
312 39.92 
314 75.73 
316 85.64 
318 50.28 
320 65.67 
321 25.34 
323 26.04 
325 32.94 
327 25.21 
329 41.52 
330 0.31 
330 0.13 
330 0.61 
332 100.64 
334 100.62 
336 101.01 
338 102.70 
340 87.93 
342 68.66 
344 60.33 
346 67.60 
348 71.57 
350 71.54 
352 48.22 
354 49.76 
356 29.05 
358 31.27 
360 33.64 
360 0.08 
360 0.13 
360 0.12 
362 101.02 
364 102.27 
365 101.58 
367 83.75 
369 70.02 
371 43.57 
373 43.10 
375 62.80 
377 89.41 
379 56.55 
381 102.56 
383 22.94 
385 68.91 
386 36.25 
388 33.66 
390 73.01 
390 0.19 
390 0.25 
390 0.13 
390 102.69 
391 101.79 
393 102.41 
395 102.45 
397 102.19 
399 102.88 
401 102.93 
403 102.71 
405 92.90 
407 65.45 
409 62.52 
411 39.97 
413 30.56 
415 37.93 
417 43.08 
419 27.83 
420 7.56 
420 0.20 
420 1.23 
420 0.12 
420 101.02 
422 101.82 
424 102.50 
426 102.57 
428 101.14 
430 102.10 
431 101.55 
433 102.20 
435 101.53 
437 102.92 
439 101.99 
441 104.26 
443 100.71 
445 102.55 
447 102.75 
449 76.79 
450 16.36 
450 0.12 
450 0.11 
452 100.85 
454 102.14 
456 102.20 
458 98.24 
460 84.25 
462 89.24 
464 77.61 
466 55.20 
468 55.98 
470 99.91 
471 45.52 
473 55.82 
475 42.38 
477 41.00 
479 46.54 
480 0.17 
480 0.43 
480 0.09 
481 104.22 
483 101.14 
485 105.77 
487 104.82 
489 103.47 
491 103.48 
493 102.31 
495 103.08 
497 102.48 
499 81.84 
501 86.70 
503 60.76 
505 42.66 
507 57.54 
509 61.01 
510 16.82 
510 0.16 
510 0.12 
510 0.12 
510 104.36 
512 101.34 
514 101.58 
515 101.03 
517 102.13 
519 101.97 
521 102.69 
523 102.36 
525 102.98 
527 74.59 
529 96.33 
531 59.81 
533 45.64 
535 53.69 
537 43.88 
539 23.53 
540 25.03 
540 0.23 
540 0.84 
540 0.13 
540 105.29 
541 101.02 
543 102.04 
545 101.90 
547 102.35 
549 102.03 
551 102.19 
553 101.18 
555 101.65 
557 103.07 
559 101.87 
561 103.23 
563 101.61 
565 77.02 
567 55.18 
569 40.53 
570 11.71 
570 0.16 
570 1.39 
572 101.49 
574 101.32 
576 102.33 
577 102.22 
579 99.62 
581 96.29 
583 80.56 
585 44.74 
587 46.13 
588 53.95 
590 57.58 
592 75.72 
594 101.14 
596 79.45 
598 75.74 
600 54.81 
600 0.12 
600 1.31 
600 0.13 
600 100.31 
601 101.77 
603 101.36 
605 101.33 
607 102.09 
609 102.58 
611 102.55 
613 102.29 
615 101.90 
617 104.58 
619 101.06 
621 102.53 
623 101.01 
625 86.00 
627 50.92 
629 48.58 
630 17.23 
630 0.09 
630 1.24 
630 0.12 
630 102.42 
631 103.04 
633 102.07 
635 101.06 
637 100.32 
639 101.00 
641 76.84 
643 64.46 
645 41.92 
647 49.71 
649 59.58 
650 43.48 
652 83.33 
654 77.47 
656 41.53 
658 68.12 
660 41.99 
660 0.39 
660 0.13 
660 0.14 
660 101.23 
661 102.74 
663 97.14 
665 103.23 
667 101.75 
669 101.50 
671 101.77 
673 101.82 
674 103.00 
676 103.79 
678 102.66 
680 102.32 
682 103.67 
684 101.28 
686 102.08 
688 79.18 
690 60.18 
690 0.27 
690 0.16 
690 0.17 
691 101.83 
693 101.84 
695 100.53 
697 98.02 
699 103.29 
701 98.23 
703 94.89 
705 98.21 
707 52.55 
709 71.99 
711 69.15 
713 64.89 
715 77.46 
717 39.01 
719 56.14 
720 13.81 
720 0.18 
720 0.10 
722 102.67 
722 102.32 
723 103.09 
723 103.09 
725 97.45 
725 102.99 
727 89.46 
727 105.17 
729 88.03 
729 103.80 
731 69.61 
731 103.94 
733 47.67 
733 95.01 
735 77.89 
735 63.60 
737 21.51 
737 35.62 
739 43.66 
739 38.72 
741 38.09 
741 29.12 
742 20.99 
742 21.65 
744 22.31 
744 34.20 
746 41.95 
746 51.76 
748 34.96 
748 38.16 
750 33.44 
750 27.45 
750 0.09 
750 0.13 
750 0.17 
750 0.15 
750 0.11 
750 0.13 
750 101.24 
750 102.26 
752 102.40 
752 102.44 
754 102.70 
754 102.50 
756 103.12 
756 102.50 
758 102.83 
758 102.79 
760 84.73 
760 103.24 
762 74.04 
762 103.31 
763 73.54 
763 103.61 
765 56.44 
765 103.14 
767 61.45 
767 103.74 
769 40.66 
769 103.27 
771 37.78 
771 103.64 
773 54.80 
773 103.10 
775 35.15 
775 94.87 
777 37.09 
777 101.44 
779 24.17 
779 49.75 
780 14.40 
780 20.46 
780 0.17 
780 0.20 
780 0.57 
780 0.06 
780 0.14 
780 0.13 
780 100.26 
780 102.82 
781 101.84 
781 102.11 
783 103.09 
783 103.07 
785 102.96 
785 102.46 
787 103.89 
787 100.53 
789 102.82 
789 85.02 
791 101.62 
791 78.32 
793 103.80 
793 56.65 
795 103.51 
795 61.15 
797 103.29 
797 67.03 
798 59.42 
798 55.29 
800 43.54 
800 57.07 
802 94.25 
802 43.49 
804 103.24 
804 30.94 
806 82.67 
806 54.53 
808 34.41 
808 36.94 
810 31.45 
810 27.79 
810 0.21 
810 0.23 
810 0.16 
810 0.15 
810 0.11 
810 0.13 
812 103.58 
812 100.87 
814 101.80 
814 101.62 
815 90.05 
815 101.77 
817 84.84 
817 102.24 
819 33.18 
819 103.49 
821 46.56 
821 100.57 
823 39.80 
823 103.38 
825 52.57 
825 103.13 
827 15.91 
827 98.08 
828 20.90 
828 79.03 
830 32.50 
830 54.15 
832 75.96 
832 53.70 
834 15.30 
834 18.17 
836 33.14 
836 34.67 
838 36.07 
838 21.00 
840 87.52 
840 58.74 
840 0.19 
840 0.16 
840 0.15 
840 0.14 
840 0.21 
840 0.17 
842 104.59 
842 103.75 
844 102.50 
844 101.26 
846 102.92 
846 103.42 
848 97.30 
848 104.09 
850 83.31 
850 83.48 
851 68.76 
851 63.29 
853 82.88 
853 48.11 
855 81.05 
855 87.37 
857 76.42 
857 67.14 
859 68.60 
859 51.75 
861 46.84 
861 46.45 
863 38.99 
863 44.18 
865 35.87 
865 33.23 
867 57.24 
867 71.02 
869 48.15 
869 54.82 
870 0.09 
870 0.10 
870 0.20 
870 0.13 
870 0.11 
870 0.09 
871 101.45 
871 102.03 
873 102.49 
873 101.27 
875 105.07 
875 107.70 
877 102.57 
877 101.26 
879 102.05 
879 90.12 
881 102.52 
881 41.09 
883 102.56 
883 19.75 
885 102.62 
885 52.65 
887 104.34 
887 58.06 
889 102.42 
889 87.68 
891 104.47 
891 46.44 
892 102.17 
892 38.06 
894 103.77 
894 33.29 
896 102.85 
896 19.66 
898 101.99 
898 21.42 
900 102.32 
900 73.35 
900 100.81 
900 0.08 
900 92.52 
900 0.10 
900 0.12 
900 0.12 
902 102.26 
902 103.10 
904 102.25 
904 102.40 
906 102.96 
906 102.75 
907 92.61 
907 103.52 
909 64.73 
909 103.98 
911 32.84 
911 102.24 
913 42.12 
913 103.91 
915 72.43 
915 103.98 
917 72.54 
917 104.70 
919 80.54 
919 102.27 
921 41.01 
921 103.36 
923 63.01 
923 103.15 
925 36.78 
925 102.71 
927 22.30 
927 100.11 
928 24.52 
928 50.75 
930 11.42 
930 36.32 
930 0.07 
930 0.09 
930 0.15 
930 0.19 
930 0.12 
930 0.13 
930 103.68 
930 102.24 
931 102.10 
931 101.34 
933 100.95 
933 100.75 
935 102.76 
935 101.92 
937 102.46 
937 103.09 
939 93.03 
939 76.17 
941 55.18 
941 49.61 
943 56.57 
943 41.65 
945 25.98 
945 27.29 
946 27.33 
946 29.60 
948 69.59 
948 68.65 
950 58.55 
950 88.66 
952 31.76 
952 32.53 
954 43.14 
954 48.22 
956 63.88 
956 36.07 
958 21.70 
958 21.95 
960 26.40 
960 28.90 
960 0.11 
960 0.10 
960 1.43 
960 0.23 
960 0.17 
960 0.19 
962 102.93 
962 101.78 
963 101.24 
963 103.18 
965 95.25 
965 96.85 
967 70.73 
967 70.75 
969 53.79 
969 54.04 
971 71.63 
971 63.41 
973 43.30 
973 60.97 
975 76.54 
975 89.57 
977 65.44 
977 102.88 
979 63.04 
979 99.71 
981 82.80 
981 96.36 
983 53.12 
983 62.70 
984 45.63 
984 44.54 
986 55.17 
986 61.05 
988 64.26 
988 67.17 
990 30.18 
990 30.53 
990 0.24 
990 0.22 
990 1.70 
990 1.35 
990 0.14 
990 0.14 
990 101.85 
990 103.55 
991 101.63 
991 104.41 
993 103.82 
993 101.41 
995 87.90 
995 87.46 
997 75.87 
997 94.59 
999 53.35 
999 66.87 
1001 89.38 
1001 71.25 
1002 74.80 
1002 77.74 
1004 70.43 
1004 65.24 
1006 51.06 
1006 73.04 
1008 36.65 
1008 69.50 
1010 32.64 
1010 25.97 
1012 103.57 
1012 105.09 
1014 78.21 
1014 78.12 
1016 39.87 
1016 58.61 
1017 36.95 
1017 38.32 
1019 58.26 
1019 55.99 
1020 0.08 
1020 0.09 
1020 0.14 
1020 0.18 
1020 0.09 
1020 0.10 
1021 101.27 
1021 101.86 
1023 98.84 
1023 100.20 
1025 100.14 
1025 95.38 
1027 90.61 
1027 104.60 
1029 101.42 
1029 105.92 
1031 80.64 
1031 88.93 
1033 78.18 
1033 64.93 
1035 98.99 
1035 91.87 
1037 82.38 
1037 84.19 
1039 81.32 
1039 66.37 
1041 66.78 
1041 54.73 
1043 55.62 
1043 76.97 
1045 68.29 
1045 42.43 
1047 69.19 
1047 48.40 
1048 34.24 
1048 52.94 
1050 24.49 
1050 21.05 
1050 0.18 
1050 0.22 
1050 1.27 
1050 1.36 
1050 0.12 
1050 0.12 
1050 103.59 
1050 101.04 
1051 105.95 
1051 103.48 
1053 102.61 
1053 102.83 
1055 102.76 
1055 102.42 
1057 91.21 
1057 103.41 
1059 97.58 
1059 103.25 
1061 96.16 
1061 103.35 
1063 75.51 
1063 103.85 
1065 90.92 
1065 96.77 
1067 80.12 
1067 70.68 
1069 36.50 
1069 58.37 
1071 58.24 
1071 25.52 
1072 25.18 
1072 22.30 
1074 15.89 
1074 23.36 
1076 26.12 
1076 23.75 
1078 36.88 
1078 25.72 
1080 23.13 
1080 65.76 
1080 0.14 
1080 0.09 
1080 0.12 
1080 0.10 
1080 0.18 
1080 0.18 
1081 102.43 
1081 96.47 
1083 89.71 
1083 97.69 
1085 101.96 
1085 101.69 
1087 96.85 
1087 99.56 
1089 83.04 
1089 84.08 
1091 61.69 
1091 92.75 
1093 72.96 
1093 74.07 
1094 53.84 
1094 47.13 
1096 76.40 
1096 79.50 
1098 50.53 
1098 48.84 
1100 36.36 
1100 62.88 
1102 102.92 
1102 73.61 
1104 53.79 
1104 45.61 
1106 90.14 
1106 53.97 
1108 57.69 
1108 65.04 
1110 97.61 
1110 32.68 
1110 0.18 
1110 0.13 
1110 0.25 
1110 0.28 
1110 0.10 
1110 0.11 
1112 102.26 
1112 102.04 
1114 101.99 
1114 102.05 
1116 102.71 
1116 102.21 
1118 102.89 
1118 103.14 
1119 94.28 
1119 67.80 
1121 97.34 
1121 50.65 
1123 98.59 
1123 84.81 
1125 97.65 
1125 104.99 
1127 61.39 
1127 75.61 
1129 55.34 
1129 63.52 
1131 36.58 
1131 30.16 
1133 29.40 
1133 38.34 
1135 49.03 
1135 39.97 
1136 81.54 
1136 39.28 
1138 19.06 
1138 19.56 
1140 38.74 
1140 67.01 
1140 0.17 
1140 0.16 
1140 0.16 
1140 0.18 
1140 0.12 
1140 0.13 
1140 103.16 
1140 103.79 
1141 101.57 
1141 101.21 
1143 102.10 
1143 99.36 
1145 102.95 
1145 102.66 
1147 101.11 
1147 102.08 
1149 102.66 
1149 98.18 
1151 85.49 
1151 69.33 
1153 65.68 
1153 63.44 
1155 75.62 
1155 98.59 
1156 28.64 
1156 52.92 
1158 34.81 
1158 81.99 
1160 45.54 
1160 36.26 
1162 32.40 
1162 56.17 
1164 18.88 
1164 18.96 
1166 38.38 
1166 53.64 
1167 49.61 
1167 35.77 
1169 86.04 
1169 56.35 
1170 0.08 
1170 0.10 
1170 0.13 
1170 0.22 
1170 0.16 
1170 0.12 
1171 103.24 
1171 102.30 
1173 102.62 
1173 102.53 
1175 103.29 
1175 102.26 
1177 102.49 
1177 103.37 
1179 102.60 
1179 102.70 
1181 104.86 
1181 102.66 
1183 101.90 
1183 99.90 
1185 101.30 
1185 103.24 
1186 103.68 
1186 100.93 
1188 104.98 
1188 103.05 
1190 103.61 
1190 103.26 
1192 104.75 
1192 103.51 
1194 102.00 
1194 103.03 
1196 96.34 
1196 102.48 
1198 75.18 
1198 101.11 
1200 75.36 
1200 95.62 
1200 0.18 
1200 0.31 
1200 0.34 
1200 0.22 
1200 0.29 
1200 0.22 
1201 102.39 
1201 100.85 
1203 99.75 
1203 101.71 
1205 83.97 
1205 100.57 
1207 86.50 
1207 106.60 
1209 70.92 
1209 96.40 
1211 70.82 
1211 99.47 
1213 42.95 
1213 57.59 
1214 41.94 
1214 60.37 
1216 53.10 
1216 71.13 
1218 50.57 
1218 48.78 
1220 65.46 
1220 44.56 
1222 43.37 
1222 31.35 
1224 32.64 
1224 30.75 
1226 73.75 
1226 63.35 
1228 41.02 
1228 40.19 
1230 24.70 
1230 36.40 
1230 0.18 
1230 0.17 
1230 0.20 
1230 0.21 
1230 0.09 
1230 0.10 
1231 104.27 
1231 100.04 
1233 102.87 
1233 103.16 
1235 103.65 
1235 102.59 
1237 74.48 
1237 92.50 
1239 75.78 
1239 80.26 
1241 82.39 
1241 60.11 
1243 26.17 
1243 16.95 
1245 15.53 
1245 15.69 
1246 32.33 
1246 21.04 
1248 43.20 
1248 54.97 
1250 59.13 
1250 80.39 
1252 42.97 
1252 77.68 
1254 86.00 
1254 58.20 
1256 71.40 
1256 62.99 
1258 22.46 
1258 30.85 
1260 25.45 
1260 20.90 
1260 0.21 
1260 0.16 
1260 9.38 
1260 0.14 
1260 0.13 
1260 0.11 
1262 102.71 
1262 98.31 
1263 102.83 
1263 103.88 
1265 102.07 
1265 97.79 
1267 97.34 
1267 100.91 
1269 83.20 
1269 100.70 
1271 60.75 
1271 78.21 
1273 31.64 
1273 51.46 
1275 37.78 
1275 45.01 
1277 58.83 
1277 26.62 
1278 39.42 
1278 31.25 
1280 39.70 
1280 42.37 
1282 35.67 
1282 24.86 
1284 22.88 
1284 32.92 
1286 34.43 
1286 30.67 
1288 72.64 
1288 69.00 
1290 57.99 
1290 43.04 
1290 0.17 
1290 0.20 
1290 0.33 
1290 0.21 
1290 0.14 
1290 0.12 
1290 101.70 
1290 102.19 
1292 102.73 
1292 100.50 
1294 100.54 
1294 103.50 
1296 88.22 
1296 94.25 
1298 82.59 
1298 70.09 
1299 78.80 
1299 72.96 
1301 53.96 
1301 59.38 
1303 52.82 
1303 43.55 
1305 44.61 
1305 41.00 
1307 78.48 
1307 84.24 
1309 92.01 
1309 103.50 
1311 52.32 
1311 103.37 
1313 43.82 
1313 77.69 
1314 67.94 
1314 67.85 
1316 91.17 
1316 70.60 
1318 33.45 
1318 62.39 
1320 33.03 
1320 32.72 
1320 0.16 
1320 0.16 
1320 0.11 
1320 1.36 
1320 0.12 
1320 0.11 
1320 102.16 
1320 101.62 
1322 102.93 
1322 101.50 
1324 97.28 
1324 101.60 
1326 92.01 
1326 98.81 
1328 104.80 
1328 98.54 
1330 83.67 
1330 82.42 
1332 71.73 
1332 83.45 
1334 55.47 
1334 43.80 
1335 63.49 
1335 75.03 
1337 33.75 
1337 38.84 
1339 36.15 
1339 62.08 
1341 52.45 
1341 78.23 
1343 44.22 
1343 91.54 
1345 27.42 
1345 29.45 
1347 23.15 
1347 34.15 
1349 24.58 
1349 17.45 
1350 6.88 
1350 10.35 
1350 0.14 
1350 0.10 
1350 0.66 
1350 0.65 
1351 101.76 
1351 104.99 
1353 102.53 
1353 101.82 
1355 85.76 
1355 101.72 
1357 51.68 
1357 80.38 
1359 41.50 
1359 36.68 
1361 52.25 
1361 29.78 
1363 74.96 
1363 57.11 
1365 59.84 
1365 57.59 
1367 49.23 
1367 63.51 
1369 40.94 
1369 77.56 
1370 85.94 
1370 87.87 
1372 95.47 
1372 58.46 
1374 85.91 
1374 95.05 
1376 52.68 
1376 65.36 
1378 46.63 
1378 58.65 
1380 25.40 
1380 31.21 
1380 0.10 
1380 0.11 
1380 0.11 
1380 0.10 
1380 0.12 
1380 0.13 
1380 102.85 
1380 102.61 
1381 103.94 
1381 102.32 
1383 102.28 
1383 102.31 
1385 102.29 
1385 99.06 
1387 100.19 
1387 89.96 
1389 82.91 
1389 65.28 
1391 55.35 
1391 43.06 
1393 36.04 
1393 41.64 
1395 31.62 
1395 29.87 
1396 46.57 
1396 40.94 
1398 50.12 
1398 59.15 
1400 97.56 
1400 88.87 
1402 55.96 
1402 65.60 
1404 39.76 
1404 74.66 
1406 36.53 
1406 60.78 
1408 24.73 
1408 42.89 
1410 23.49 
1410 32.99 
1410 0.16 
1410 0.13 
1410 0.11 
1410 0.16 
1410 0.18 
1410 0.15 
1410 103.55 
1410 103.61 
1412 99.77 
1412 103.66 
1414 104.68 
1414 102.98 
1416 102.63 
1416 91.47 
1417 81.90 
1417 85.75 
1419 72.60 
1419 76.77 
1421 40.48 
1421 65.57 
1423 51.63 
1423 53.00 
1425 55.68 
1425 76.40 
1427 95.30 
1427 46.58 
1429 40.72 
1429 42.97 
1431 92.25 
1431 97.72 
1433 41.74 
1433 89.90 
1435 40.84 
1435 48.86 
1437 20.04 
1437 39.89 
1438 20.25 
1438 25.49 
1440 25.79 
1440 32.81 
1440 0.08 
1440 0.09 
1440 0.14 
1440 1.26 
1440 0.12 
1440 0.13 
1440 102.67 
1440 101.99 
1441 105.92 
1441 102.24 
1443 104.62 
1443 101.93 
1445 84.31 
1445 101.63 
1447 46.93 
1447 103.14 
1449 52.57 
1449 102.44 
1451 47.85 
1451 103.10 
1453 54.71 
1453 102.02 
1455 79.37 
1455 102.32 
1457 50.42 
1457 102.72 
1459 54.91 
1459 102.11 
1461 80.88 
1461 102.68 
1463 29.09 
1463 100.98 
1465 57.36 
1465 74.35 
1467 31.73 
1467 47.22 
1469 57.38 
1469 35.82 
1470 19.12 
1470 7.76 
1470 0.12 
1470 0.11 
1470 0.26 
1470 0.17 
1470 0.12 
1470 0.12 
1470 102.35 
1470 102.14 
1471 102.37 
1471 101.81 
1473 99.97 
1473 100.81 
1475 101.55 
1475 101.15 
1477 102.88 
1477 95.18 
1479 102.97 
1479 70.59 
1481 102.31 
1481 51.47 
1483 103.98 
1483 79.43 
1485 103.41 
1485 43.77 
1487 102.40 
1487 51.12 
1489 94.02 
1489 35.60 
1491 97.38 
1491 37.86 
1493 62.66 
1493 40.46 
1495 43.18 
1495 23.22 
1497 55.74 
1497 37.89 
1499 32.91 
1499 41.46 
1500 10.12 
1500 31.49 
1500 0.18 
1500 0.22 
1500 0.26 
1500 1.32 
1501 99.93 
1501 101.45 
1503 103.68 
1503 104.49 
1505 102.44 
1505 97.98 
1507 103.89 
1507 97.37 
1509 102.96 
1509 69.11 
1511 104.40 
1511 62.04 
1513 104.50 
1513 28.42 
1515 102.94 
1515 29.30 
1517 102.87 
1517 28.50 
1519 102.57 
1519 93.84 
1521 101.96 
1521 42.03 
1523 102.70 
1523 64.39 
1525 93.66 
1525 19.29 
1526 100.14 
1526 14.38 
1528 101.79 
1528 11.36 
1530 55.52 
1530 23.88 
1530 0.08 
1530 0.07 
1530 0.11 
1530 0.09 
1530 0.13 
1530 0.16 
1530 102.65 
1530 103.69 
1532 100.43 
1532 101.37 
1534 103.41 
1534 101.47 
1536 102.51 
1536 101.30 
1538 101.49 
1538 85.20 
1540 92.14 
1540 51.22 
1542 51.31 
1542 69.07 
1544 62.00 
1544 35.55 
1546 65.77 
1546 31.77 
1548 39.26 
1548 40.69 
1550 84.12 
1550 31.48 
1552 37.37 
1552 57.93 
1553 20.32 
1553 44.15 
1555 19.44 
1555 21.99 
1557 33.58 
1557 32.64 
1559 14.46 
1559 39.16 
1560 0.14 
1560 0.43 
1560 0.11 
1560 0.09 
1560 0.10 
1560 0.10 
1561 102.86 
1561 103.44 
1563 102.57 
1563 103.57 
1565 106.07 
1565 104.59 
1567 104.73 
1567 63.54 
1569 103.50 
1569 41.67 
1571 102.06 
1571 32.61 
1572 102.29 
1572 40.17 
1574 103.66 
1574 31.21 
1576 103.93 
1576 45.07 
1578 103.09 
1578 50.78 
1580 102.47 
1580 54.92 
1582 102.74 
1582 51.21 
1584 77.19 
1584 32.05 
1586 70.30 
1586 21.42 
1588 38.00 
1588 46.95 
1590 30.99 
1590 88.23 
1590 0.14 
1590 0.15 
1590 0.23 
1590 0.39 
1590 0.14 
1590 0.11 
1592 100.80 
1592 101.57 
1594 102.22 
1594 103.67 
1595 99.40 
1595 102.50 
1597 48.49 
1597 102.90 
1599 52.73 
1599 101.52 
1601 82.66 
1601 102.43 
1603 68.28 
1603 80.15 
1605 52.49 
1605 71.67 
1607 36.06 
1607 43.36 
1609 25.22 
1609 60.76 
1611 31.49 
1611 36.55 
1613 38.55 
1613 27.93 
1615 19.51 
1615 44.98 
1616 23.50 
1616 34.04 
1618 38.55 
1618 26.85 
1620 32.87 
1620 34.17 
1620 0.11 
1620 0.09 
1620 1.25 
1620 0.09 
1620 0.12 
1620 0.11 
1620 102.56 
1620 102.08 
1621 104.86 
1621 102.83 
1623 101.39 
1623 99.74 
1625 103.17 
1625 103.12 
1627 103.50 
1627 101.14 
1629 103.29 
1629 98.00 
1631 102.78 
1631 87.71 
1633 103.18 
1633 52.62 
1635 102.04 
1635 59.89 
1637 93.13 
1637 43.39 
1639 88.42 
1639 43.56 
1641 87.33 
1641 55.02 
1643 36.22 
1643 22.20 
1644 26.56 
1644 15.35 
1646 25.98 
1646 29.06 
1648 50.73 
1648 39.93 
1650 21.55 
1650 29.63 
1650 0.19 
1650 0.23 
1650 0.56 
1650 1.02 
1650 0.12 
1650 0.12 
1650 101.82 
1650 101.97 
1651 104.05 
1651 105.23 
1653 101.95 
1653 102.74 
1655 103.00 
1655 102.28 
1657 102.31 
1657 102.46 
1659 95.99 
1659 102.59 
1661 68.76 
1661 102.82 
1663 65.62 
1663 104.06 
1665 51.66 
1665 103.43 
1667 51.36 
1667 102.50 
1669 39.72 
1669 104.08 
1671 53.16 
1671 73.06 
1673 31.36 
1673 75.10 
1675 52.92 
1675 49.51 
1677 51.42 
1677 43.22 
1679 66.66 
1679 43.83 
1680 0.15 
1680 0.16 
1680 0.08 
1680 0.08 
1680 0.15 
1680 0.15 
1682 101.93 
1682 101.49 
1684 101.12 
1684 93.08 
1686 102.51 
1686 45.86 
1688 102.47 
1688 34.14 
1690 102.97 
1690 65.47 
1692 102.98 
1692 64.96 
1694 103.01 
1694 43.40 
1696 103.04 
1696 37.66 
1698 101.20 
1698 61.15 
1700 66.95 
1700 69.01 
1702 42.19 
1702 24.96 
1704 21.46 
1704 15.90 
1705 14.78 
1705 18.60 
1707 18.48 
1707 79.42 
1709 35.81 
1709 24.27 
1710 0.21 
1710 0.31 
1710 0.19 
1710 0.19 
1710 0.09 
1710 0.55 
1712 98.66 
1712 97.73 
1714 84.18 
1714 78.12 
1716 104.69 
1716 71.03 
1718 85.06 
1718 50.32 
1720 54.63 
1720 76.49 
1722 43.46 
1722 46.48 
1724 29.99 
1724 66.83 
1726 24.74 
1726 49.48 
1728 24.50 
1728 15.67 
1730 18.47 
1730 20.89 
1731 25.85 
1731 24.16 
1733 21.81 
1733 16.28 
1735 30.14 
1735 27.21 
1737 18.86 
1737 35.94 
1739 72.06 
1739 56.41 
1740 0.21 
1740 0.38 
1740 0.09 
1740 0.08 
1740 1.24 
1740 0.22 
1741 75.66 
1741 96.95 
1743 46.06 
1743 35.12 
1745 70.16 
1745 73.81 
1747 64.33 
1747 66.20 
1749 62.15 
1749 46.85 
1751 25.56 
1751 41.89 
1753 40.03 
1753 27.32 
1755 42.09 
1755 59.26 
1757 34.50 
1757 36.96 
1759 36.33 
1759 40.26 
1761 36.73 
1761 31.55 
1763 38.19 
1763 70.34 
1765 26.19 
1765 34.94 
1767 29.18 
1767 33.35 
1769 56.52 
1769 64.87 
1770 13.15 
1770 9.61 
1770 0.11 
1770 0.10 
1770 0.89 
1770 1.76 
1770 0.15 
1770 0.13 
1770 99.95 
1770 100.35 
1771 102.19 
1771 101.56 
1773 103.13 
1773 101.86 
1775 97.49 
1775 84.97 
1777 69.76 
1777 77.20 
1779 64.58 
1779 58.89 
1781 51.50 
1781 47.60 
1783 25.74 
1783 30.57 
1785 24.30 
1785 34.20 
1787 20.48 
1787 23.67 
1789 46.25 
1789 42.35 
1791 20.83 
1791 29.81 
1793 31.89 
1793 25.81 
1795 29.28 
1795 51.15 
1797 29.29 
1797 26.12 
1799 37.44 
1799 40.47 
1800 8.65 
1800 2.04 
1800 0.17 
1800 0.15 
1800 0.09 
1800 0.09 
1802 85.69 
1802 97.50 
1804 75.75 
1804 102.79 
1805 64.15 
1805 70.80 
1807 42.72 
1807 101.77 
1809 58.50 
1809 51.42 
1811 69.03 
1811 94.50 
1813 76.09 
1813 85.59 
1815 81.52 
1815 62.45 
1817 72.92 
1817 44.23 
1819 31.89 
1819 40.45 
1821 29.95 
1821 26.74 
1823 27.93 
1823 26.23 
1825 78.35 
1825 20.42 
1827 41.35 
1827 26.22 
1829 25.43 
1829 42.81 
1830 0.09 
1830 0.12 
1830 0.14 
1830 0.16 
1830 0.20 
1830 0.22 
1831 103.13 
1831 101.70 
1833 89.28 
1833 98.50 
1835 84.92 
1835 84.49 
1837 50.42 
1837 98.67 
1839 35.06 
1839 58.07 
1841 36.49 
1841 49.97 
1843 22.75 
1843 75.65 
1845 67.76 
1845 33.03 
1847 29.44 
1847 22.80 
1849 24.26 
1849 32.22 
1851 58.35 
1851 31.02 
1853 28.89 
1853 24.43 
1855 21.82 
1855 23.73 
1856 49.59 
1856 25.51 
1858 15.48 
1858 20.42 
1860 13.20 
1860 18.01 
1860 0.13 
1860 0.12 
1860 0.23 
1860 0.21 
1860 0.13 
1860 0.13 
1860 102.68 
1860 101.39 
1861 98.48 
1861 103.31 
1863 95.90 
1863 98.30 
1865 82.83 
1865 101.48 
1867 56.72 
1867 89.62 
1869 58.00 
1869 54.49 
1871 38.98 
1871 85.55 
1873 32.54 
1873 56.67 
1875 29.89 
1875 35.06 
1877 38.07 
1877 27.67 
1879 74.68 
1879 49.54 
1880 15.94 
1880 18.46 
1882 41.08 
1882 32.76 
1884 28.09 
1884 28.74 
1886 12.28 
1886 58.90 
1888 27.41 
1888 32.47 
1890 13.02 
1890 11.64 
1890 0.23 
1890 0.49 
1890 1.19 
1890 1.09 
1890 0.13 
1890 0.11 
1890 102.45 
1890 102.57 
1892 100.98 
1892 102.09 
1894 98.43 
1894 102.41 
1896 101.85 
1896 100.86 
1898 100.82 
1898 82.38 
1900 70.64 
1900 67.29 
1902 41.07 
1902 45.48 
1904 50.66 
1904 36.41 
1906 36.38 
1906 38.37 
1908 47.05 
1908 46.83 
1910 21.23 
1910 24.25 
1912 17.35 
1912 23.68 
1913 67.21 
1913 26.17 
1915 57.04 
1915 17.87 
1917 52.64 
1917 39.76 
1919 27.40 
1919 31.42 
1920 0.07 
1920 0.14 
1920 0.20 
1920 0.25 
1920 0.21 
1920 0.17 
1921 89.26 
1921 92.19 
1923 65.91 
1923 70.88 
1925 102.59 
1925 77.54 
1927 103.18 
1927 49.23 
1929 74.76 
1929 50.21 
1931 101.55 
1931 24.92 
1933 73.06 
1933 42.67 
1935 53.50 
1935 27.93 
1937 36.41 
1937 47.59 
1939 24.87 
1939 17.91 
1941 17.25 
1941 8.68 
1943 27.76 
1943 29.35 
1945 8.58 
1945 13.88 
1947 31.64 
1947 16.21 
1949 22.00 
1949 17.56 
1950 0.39 
1950 0.18 
1950 0.15 
1950 0.10 
1950 1.08 
1950 0.16 
1951 72.90 
1951 77.58 
1953 86.97 
1953 101.03 
1955 75.73 
1955 92.70 
1957 36.17 
1957 98.12 
1959 44.08 
1959 54.41 
1961 33.70 
1961 38.64 
1963 32.26 
1963 30.50 
1965 38.32 
1965 34.70 
1967 42.12 
1967 29.42 
1969 52.96 
1969 26.32 
1971 14.83 
1971 22.58 
1973 24.33 
1973 11.02 
1975 27.75 
1975 23.46 
1977 39.11 
1977 25.94 
1979 24.31 
1979 18.94 
1980 0.37 
1980 0.14 
1980 0.11 
1980 0.11 
1980 0.13 
1980 1.42 
1982 89.77 
1982 81.71 
1984 41.31 
1984 95.60 
1986 39.89 
1986 60.65 
1988 54.97 
1988 69.83 
1990 47.03 
1990 59.12 
1992 37.12 
1992 35.05 
1994 22.14 
1994 30.89 
1996 40.55 
1996 19.25 
1998 15.12 
1998 15.35 
2000 29.56 
2000 19.75 
2002 27.07 
2002 17.07 
2004 35.30 
2004 23.50 
2006 39.25 
2006 15.41 
2008 22.94 
2008 49.44 
2010 22.24 
2010 22.08 
2010 0.12 
2010 0.09 
2010 0.16 
2010 0.13 
2010 0.14 
2010 0.13 
2012 77.58 
2012 90.33 
2014 55.08 
2014 101.58 
2016 54.67 
2016 66.15 
2018 58.20 
2018 54.18 
2020 40.03 
2020 49.57 
2022 30.47 
2022 21.49 
2024 36.96 
2024 48.10 
2026 36.92 
2026 21.61 
2028 21.36 
2028 58.31 
2030 26.74 
2030 26.84 
2032 19.97 
2032 17.75 
2034 20.35 
2034 14.44 
2036 50.81 
2036 21.95 
2038 28.91 
2038 20.72 
2040 15.22 
2040 27.55 
2040 0.08 
2040 0.08 
2040 0.14 
2040 0.16 
2040 0.19 
2040 0.15 
2042 82.46 
2042 89.74 
2043 32.09 
2043 28.12 
2045 50.16 
2045 65.84 
2047 36.05 
2047 49.73 
2049 60.03 
2049 25.68 
2051 70.08 
2051 44.28 
2053 34.54 
2053 26.54 
2055 49.97 
2055 30.86 
2057 22.60 
2057 27.35 
2059 41.64 
2059 30.00 
2061 44.68 
2061 33.34 
2063 45.63 
2063 20.70 
2065 30.50 
2065 30.37 
2067 20.10 
2067 29.74 
2069 25.17 
2069 25.00 
2070 0.13 
2070 0.51 
2070 0.15 
2070 0.15 
2070 0.22 
2070 0.19 
2072 75.70 
2072 70.82 
2074 72.74 
2074 52.66 
2076 59.40 
2076 68.34 
2078 64.50 
2078 48.38 
2080 49.51 
2080 53.16 
2082 38.10 
2082 40.22 
2084 66.02 
2084 25.15 
2086 35.18 
2086 50.47 
2088 17.93 
2088 20.14 
2090 21.63 
2090 18.68 
2092 23.93 
2092 32.21 
2094 65.83 
2094 23.15 
2096 17.48 
2096 22.71 
2098 14.15 
2098 26.16 
2100 29.71 
2100 26.00 
2100 0.18 
2100 0.14 
2100 1.04 
2100 0.10 
2100 0.11 
2100 0.09 
2100 99.44 
2100 101.22 
2102 97.13 
2102 80.06 
2104 63.74 
2104 102.43 
2106 29.87 
2106 73.08 
2108 43.73 
2108 46.63 
2110 19.23 
2110 22.52 
2112 30.93 
2112 55.13 
2114 54.20 
2114 43.06 
2116 45.58 
2116 42.56 
2118 36.30 
2118 21.60 
2120 13.76 
2120 16.42 
2122 12.21 
2122 12.99 
2124 29.08 
2124 21.72 
2126 29.29 
2126 24.31 
2128 27.60 
2128 36.10 
2130 14.86 
2130 10.00 
2130 0.17 
2130 0.18 
2130 0.15 
2130 0.13 
2130 0.17 
2130 0.19 
2131 100.06 
2131 81.40 
2133 101.73 
2133 58.51 
2135 67.21 
2135 81.63 
2137 35.50 
2137 48.67 
2139 35.72 
2139 40.93 
2141 58.66 
2141 28.65 
2143 38.14 
2143 68.30 
2145 37.64 
2145 31.34 
2147 34.19 
2147 48.84 
2149 23.00 
2149 14.99 
2151 16.86 
2151 13.36 
2153 22.02 
2153 28.80 
2155 18.24 
2155 19.31 
2157 30.19 
2157 14.82 
2159 22.42 
2159 27.41 
2160 0.09 
2160 0.11 
2160 0.11 
2160 0.16 
2160 0.08 
2160 0.09 
2161 102.37 
2161 96.59 
2163 79.40 
2163 86.14 
2165 76.81 
2165 52.03 
2167 56.50 
2167 46.46 
2169 68.14 
2169 63.37 
2171 45.68 
2171 74.55 
2173 55.75 
2173 48.45 
2175 49.96 
2175 39.27 
2177 34.98 
2177 41.57 
2179 29.55 
2179 54.39 
2181 56.17 
2181 38.48 
2183 22.66 
2183 19.89 
2185 16.71 
2185 11.60 
2186 76.84 
2186 43.00 
2188 25.42 
2188 33.00 
2190 67.30 
2190 14.13 
2190 1.16 
2190 0.20 
2190 1.49 
2190 2.79 
2190 0.12 
2190 0.11 
2190 100.32 
2190 101.42 
2191 101.66 
2191 101.97 
2193 102.95 
2193 103.49 
2195 101.97 
2195 89.35 
2197 48.62 
2197 65.78 
2199 46.15 
2199 42.90 
2201 44.16 
2201 45.56 
2203 59.05 
2203 63.48 
2205 47.09 
2205 45.67 
2207 38.10 
2207 32.87 
2209 43.09 
2209 37.23 
2211 29.33 
2211 32.05 
2213 40.64 
2213 30.64 
2215 76.03 
2215 26.60 
2217 43.79 
2217 28.04 
2219 22.41 
2219 23.39 
2220 0.13 
2220 0.14 
2220 0.07 
2220 0.06 
2220 0.24 
2220 0.19 
2221 102.11 
2221 101.96 
2223 103.28 
2223 95.39 
2225 97.93 
2225 101.24 
2227 88.42 
2227 104.74 
2229 58.92 
2229 76.22 
2231 57.23 
2231 72.96 
2233 37.28 
2233 37.24 
2235 44.72 
2235 28.98 
2237 39.64 
2237 33.94 
2239 24.62 
2239 29.88 
2241 27.94 
2241 52.21 
2243 35.95 
2243 32.37 
2245 22.84 
2245 66.01 
2247 35.13 
2247 84.65 
2249 54.42 
2249 34.50 
2250 35.05 
2250 21.31 
2250 0.18 
2250 0.19 
2250 0.21 
2250 2.96 
2250 0.11 
2250 0.11 
2250 103.41 
2250 99.74 
2252 100.97 
2252 102.59 
2253 104.03 
2253 88.57 
2255 103.16 
2255 80.52 
2257 102.45 
2257 58.88 
2259 102.35 
2259 78.38 
2261 103.16 
2261 62.97 
2263 102.71 
2263 56.97 
2265 102.13 
2265 27.53 
2267 102.77 
2267 19.52 
2269 102.27 
2269 23.86 
2271 101.38 
2271 17.98 
2273 103.77 
2273 27.58 
2275 89.14 
2275 19.61 
2277 41.81 
2277 35.46 
2279 56.06 
2279 18.57 
2280 11.96 
2280 6.21 
2280 0.09 
2280 0.08 
2280 1.11 
2280 1.17 
2282 101.77 
2282 102.03 
2284 102.53 
2284 101.84 
2286 103.23 
2286 88.33 
2288 100.09 
2288 72.22 
2290 102.20 
2290 53.48 
2292 83.90 
2292 48.79 
2294 49.94 
2294 44.11 
2296 31.10 
2296 41.49 
2298 43.93 
2298 31.45 
2300 19.05 
2300 34.56 
2301 43.66 
2301 22.01 
2303 23.37 
2303 18.17 
2305 22.31 
2305 25.54 
2307 19.30 
2307 18.25 
2309 48.10 
2309 23.52 
2310 1.11 
2310 0.93 
2310 0.14 
2310 0.17 
2310 1.26 
2310 0.97 
2312 82.02 
2312 101.92 
2314 93.72 
2314 101.50 
2316 101.80 
2316 94.36 
2318 104.25 
2318 65.42 
2320 100.90 
2320 31.39 
2322 101.17 
2322 44.03 
2323 102.57 
2323 23.99 
2325 103.36 
2325 45.73 
2327 103.44 
2327 23.76 
2329 103.07 
2329 47.93 
2331 93.60 
2331 30.09 
2333 52.87 
2333 58.01 
2335 39.98 
2335 35.50 
2337 22.41 
2337 46.40 
2339 42.98 
2339 36.46 
2340 0.65 
2340 0.18 
2340 0.23 
2340 0.30 
2340 0.12 
2340 0.15 
2342 101.55 
2342 95.88 
2344 104.16 
2344 103.85 
2346 97.38 
2346 84.39 
2348 93.63 
2348 88.97 
2350 78.25 
2350 63.19 
2352 50.99 
2352 99.61 
2354 38.85 
2354 53.57 
2356 38.75 
2356 35.87 
2358 36.77 
2358 43.68 
2360 26.37 
2360 30.98 
2362 38.92 
2362 31.09 
2364 27.14 
2364 21.05 
2366 42.32 
2366 19.36 
2368 71.31 
2368 32.67 
2370 19.30 
2370 17.62 
2370 0.09 
2370 0.09 
2370 0.18 
2370 0.21 
2370 0.10 
2370 0.14 
2372 101.05 
2372 101.33 
2374 92.67 
2374 102.95 
2376 92.42 
2376 96.68 
2378 102.06 
2378 83.32 
2380 102.82 
2380 60.04 
2382 103.12 
2382 58.12 
2384 103.66 
2384 46.80 
2386 101.94 
2386 44.32 
2388 91.66 
2388 41.01 
2389 84.66 
2389 19.72 
2391 45.82 
2391 47.04 
2393 102.74 
2393 21.94 
2395 100.43 
2395 45.60 
2397 28.85 
2397 14.42 
2399 43.36 
2399 22.90 
2400 1.30 
2400 1.90 
2400 0.12 
2400 0.09 
2400 0.21 
2400 0.60 
2402 101.26 
2402 100.89 
2404 102.24 
2404 102.65 
2405 102.69 
2405 100.04 
2407 101.89 
2407 101.58 
2409 103.36 
2409 68.43 
2411 103.39 
2411 64.37 
2413 102.30 
2413 68.83 
2415 102.67 
2415 38.69 
2417 79.89 
2417 21.21 
2419 102.20 
2419 34.25 
2421 102.94 
2421 54.62 
2423 103.07 
2423 31.58 
2425 101.89 
2425 60.92 
2427 104.30 
2427 28.28 
2429 103.61 
2429 52.73 
2430 33.67 
2430 8.46 
2430 0.15 
2430 0.15 
2430 0.61 
2430 0.68 
2430 0.12 
2430 0.11 
2430 102.30 
2430 102.48 
2432 101.02 
2432 101.64 
2434 102.68 
2434 102.60 
2436 102.15 
2436 101.85 
2438 102.11 
2438 102.62 
2440 102.60 
2440 102.58 
2441 102.64 
2441 102.99 
2443 101.39 
2443 101.24 
2445 102.54 
2445 102.39 
2447 104.05 
2447 102.89 
2449 103.54 
2449 96.36 
2451 71.16 
2451 60.01 
2453 52.74 
2453 31.40 
2455 38.26 
2455 34.52 
2457 74.05 
2457 43.07 
2459 40.87 
2459 35.95 
2460 1.93 
2460 0.87 
2460 0.16 
2460 0.29 
2460 1.03 
2460 0.57 
2462 95.07 
2462 101.22 
2463 104.60 
2463 103.70 
2465 96.67 
2465 80.97 
2467 91.56 
2467 96.62 
2469 84.18 
2469 83.46 
2471 66.32 
2471 68.17 
2473 49.60 
2473 59.13 
2475 38.75 
2475 88.63 
2477 40.36 
2477 54.71 
2479 22.20 
2479 30.48 
2481 20.27 
2481 28.28 
2483 11.17 
2483 14.62 
2484 22.82 
2484 19.52 
2486 47.62 
2486 24.99 
2488 15.56 
2488 21.35 
2490 16.30 
2490 17.34 
2490 0.13 
2490 0.13 
2490 0.10 
2490 1.87 
2490 0.13 
2490 0.14 
2490 103.07 
2490 103.04 
2491 103.11 
2491 104.34 
2493 99.12 
2493 89.14 
2495 96.27 
2495 72.74 
2497 92.45 
2497 56.13 
2499 88.78 
2499 63.53 
2501 64.67 
2501 83.90 
2503 48.77 
2503 66.34 
2505 43.20 
2505 73.30 
2506 30.81 
2506 39.99 
2508 74.41 
2508 66.66 
2510 49.90 
2510 27.05 
2512 73.72 
2512 38.45 
2514 38.48 
2514 35.60 
2516 45.13 
2516 40.12 
2518 63.78 
2518 79.65 
2520 42.75 
2520 43.47 
2520 0.12 
2520 0.10 
2520 0.21 
2520 1.12 
2520 0.11 
2520 0.11 
2522 102.31 
2522 102.41 
2524 102.38 
2524 100.22 
2526 94.04 
2526 83.35 
2527 54.38 
2527 36.43 
2529 37.26 
2529 44.77 
2531 36.86 
2531 47.08 
2533 28.04 
2533 48.89 
2535 24.17 
2535 28.55 
2537 62.61 
2537 33.90 
2539 31.29 
2539 30.65 
2541 18.91 
2541 15.27 
2543 74.46 
2543 85.26 
2545 80.90 
2545 34.45 
2546 33.15 
2546 26.16 
2548 16.56 
2548 14.97 
2550 15.66 
2550 8.59 
2550 0.17 
2550 0.18 
2550 0.11 
2550 0.10 
2550 0.13 
2550 0.12 
2550 104.65 
2550 101.03 
2552 101.66 
2552 101.86 
2554 102.46 
2554 100.48 
2556 74.77 
2556 58.23 
2558 60.55 
2558 74.78 
2560 81.63 
2560 62.77 
2562 69.78 
2562 77.81 
2564 65.29 
2564 48.27 
2566 43.77 
2566 47.46 
2568 40.22 
2568 36.69 
2569 24.47 
2569 21.53 
2571 28.17 
2571 25.39 
2573 26.31 
2573 21.08 
2575 20.67 
2575 18.39 
2577 14.56 
2577 17.33 
2579 18.16 
2579 21.91 
2580 4.08 
2580 46.59 
2580 0.14 
2580 0.22 
2580 0.09 
2580 1.34 
2581 102.30 
2581 102.16 
2583 102.96 
2583 102.61 
2585 102.78 
2585 103.10 
2587 81.47 
2587 103.61 
2589 93.73 
2589 102.71 
2591 44.43 
2591 103.27 
2593 56.26 
2593 104.16 
2595 46.22 
2595 102.17 
2597 37.46 
2597 102.38 
2599 21.92 
2599 100.04 
2600 38.94 
2600 101.03 
2602 30.07 
2602 102.42 
2604 15.04 
2604 92.86 
2606 27.85 
2606 102.26 
2608 20.66 
2608 55.18 
2610 74.59 
2610 49.34 
2610 0.16 
2610 0.18 
2610 0.16 
2610 0.22 
2610 0.11 
2610 0.08 
2610 104.46 
2610 100.94 
2612 99.88 
2612 101.12 
2614 102.30 
2614 101.70 
2616 99.60 
2616 102.01 
2618 55.49 
2618 84.33 
2619 44.55 
2619 81.07 
2621 35.47 
2621 50.60 
2623 43.95 
2623 56.64 
2625 39.18 
2625 47.53 
2627 56.55 
2627 53.44 
2629 32.16 
2629 78.43 
2631 44.86 
2631 41.63 
2633 49.94 
2633 49.55 
2635 27.71 
2635 39.14 
2637 102.70 
2637 39.42 
2639 41.29 
2639 67.91 
2640 0.07 
2640 0.13 
2640 0.06 
2640 0.08 
2640 0.09 
2640 0.09 
2641 102.43 
2641 102.23 
2643 102.08 
2643 102.22 
2645 101.67 
2645 103.19 
2647 97.29 
2647 99.73 
2649 75.98 
2649 86.93 
2651 65.92 
2651 73.35 
2653 18.27 
2653 27.21 
2655 24.80 
2655 29.82 
2656 36.79 
2656 26.39 
2658 98.25 
2658 99.18 
2660 58.06 
2660 55.06 
2662 35.64 
2662 49.99 
2664 61.40 
2664 67.42 
2666 54.43 
2666 63.23 
2668 50.10 
2668 82.01 
2670 63.79 
2670 61.99 
2670 0.14 
2670 0.17 
2670 0.16 
2670 1.40 
2670 0.13 
2670 0.12 
2670 102.95 
2670 104.47 
2671 101.08 
2671 102.61 
2673 102.76 
2673 102.17 
2675 101.57 
2675 98.46 
2677 95.98 
2677 75.80 
2679 75.29 
2679 79.25 
2681 62.24 
2681 60.03 
2683 53.11 
2683 44.66 
2684 43.83 
2684 40.99 
2686 38.85 
2686 42.39 
2688 21.10 
2688 21.52 
2690 102.07 
2690 48.04 
2692 26.99 
2692 27.28 
2694 43.46 
2694 29.12 
2696 68.64 
2696 40.87 
2697 35.60 
2697 49.98 
2699 24.79 
2699 29.18 
2700 0.16 
2700 0.19 
2700 0.28 
2700 0.29 
2700 0.18 
2700 0.23 
2701 102.27 
2701 102.49 
2703 97.38 
2703 102.98 
2705 103.52 
2705 103.30 
2707 99.06 
2707 102.40 
2709 78.97 
2709 102.49 
2711 70.29 
2711 101.55 
2713 58.26 
2713 102.45 
2714 46.21 
2714 102.27 
2716 60.80 
2716 101.66 
2718 46.29 
2718 103.46 
2720 54.60 
2720 102.61 
2722 78.75 
2722 102.83 
2724 41.02 
2724 88.74 
2726 45.83 
2726 81.86 
2728 22.11 
2728 57.69 
2730 43.46 
2730 38.63 
2730 0.10 
2730 101.04 
2730 0.19 
2730 0.17 
2730 0.13 
2730 0.14 
2731 101.33 
2731 95.51 
2733 102.08 
2733 98.89 
2735 73.90 
2735 92.30 
2737 59.47 
2737 54.94 
2739 101.49 
2739 92.62 
2741 103.75 
2741 82.77 
2743 104.84 
2743 87.53 
2745 93.90 
2745 57.37 
2747 97.50 
2747 61.35 
2749 102.74 
2749 18.52 
2750 59.31 
2750 16.56 
2752 85.10 
2752 48.95 
2754 59.13 
2754 32.71 
2756 66.15 
2756 102.35 
2758 62.78 
2758 64.54 
2760 33.63 
2760 45.80 
2760 0.12 
2760 0.13 
2760 1.39 
2760 0.59 
2760 0.13 
2760 0.12 
2760 101.43 
2760 96.31 
2761 106.50 
2761 101.35 
2763 99.19 
2763 102.92 
2765 77.38 
2765 100.51 
2767 93.32 
2767 101.56 
2769 78.17 
2769 104.42 
2771 101.10 
2771 102.39 
2772 95.22 
2772 79.94 
2774 66.18 
2774 52.03 
2776 80.38 
2776 41.20 
2778 88.44 
2778 43.84 
2780 32.82 
2780 19.34 
2782 38.46 
2782 34.37 
2784 30.65 
2784 46.02 
2786 21.20 
2786 52.11 
2788 36.25 
2788 51.58 
2789 44.77 
2789 28.42 
2790 0.08 
2790 0.13 
2790 0.10 
2790 0.21 
2790 0.10 
2790 0.10 
2791 103.80 
2791 102.94 
2793 102.23 
2793 101.58 
2795 103.68 
2795 103.71 
2797 95.41 
2797 102.08 
2799 97.51 
2799 98.33 
2801 68.80 
2801 49.15 
2803 54.99 
2803 43.67 
2805 88.72 
2805 72.38 
2807 65.64 
2807 45.64 
2808 54.51 
2808 62.78 
2810 37.02 
2810 34.94 
2812 38.13 
2812 45.52 
2814 78.11 
2814 34.65 
2816 27.17 
2816 27.60 
2818 32.66 
2818 40.32 
2820 21.41 
2820 25.64 
2820 0.19 
2820 0.26 
2820 0.36 
2820 0.15 
2820 0.09 
2820 0.10 
2821 99.75 
2821 103.01 
2823 99.70 
2823 103.32 
2825 88.26 
2825 101.65 
2827 80.10 
2827 96.13 
2829 72.09 
2829 87.37 
2831 75.43 
2831 41.29 
2833 65.11 
2833 64.61 
2835 57.71 
2835 61.20 
2836 41.71 
2836 65.94 
2838 34.28 
2838 35.77 
2840 32.66 
2840 34.04 
2842 33.53 
2842 27.43 
2844 36.58 
2844 29.95 
2846 30.16 
2846 28.69 
2848 28.67 
2848 61.18 
2849 30.84 
2849 30.24 
2850 0.09 
2850 0.11 
2850 0.14 
2850 0.24 
2850 0.13 
2850 0.12 
2851 102.95 
2851 102.22 
2853 102.44 
2853 103.68 
2855 102.64 
2855 103.77 
2857 85.07 
2857 77.53 
2859 58.33 
2859 44.72 
2861 60.02 
2861 78.05 
2863 74.03 
2863 52.29 
2865 43.82 
2865 35.79 
2867 44.96 
2867 50.04 
2869 47.84 
2869 51.75 
2871 42.16 
2871 44.19 
2873 58.36 
2873 85.44 
2874 24.78 
2874 19.47 
2876 45.58 
2876 31.36 
2878 26.54 
2878 20.81 
2880 36.71 
2880 49.17 
2880 0.15 
2880 0.10 
2880 0.25 
2880 0.23 
2880 0.12 
2880 0.12 
2882 98.83 
2882 100.70 
2883 94.48 
2883 85.50 
2885 100.86 
2885 101.97 
2887 89.52 
2887 98.49 
2889 59.78 
2889 64.35 
2891 67.17 
2891 85.31 
2893 56.37 
2893 92.05 
2895 64.28 
2895 91.56 
2897 92.72 
2897 65.19 
2899 72.03 
2899 73.96 
2900 100.64 
2900 77.49 
2902 50.84 
2902 80.80 
2904 79.26 
2904 44.18 
2906 45.33 
2906 40.87 
2908 53.07 
2908 70.35 
2910 52.45 
2910 35.52 
2910 0.11 
2910 0.15 
2910 0.19 
2910 0.22 
2910 0.13 
2910 0.15 
2910 107.12 
2910 103.85 
2912 103.28 
2912 103.60 
2913 100.16 
2913 104.14 
2915 90.69 
2915 101.85 
2917 53.37 
2917 102.24 
2919 97.05 
2919 102.72 
2921 96.33 
2921 102.92 
2923 62.88 
2923 100.41 
2925 71.57 
2925 102.89 
2927 72.70 
2927 89.55 
2928 87.92 
2928 94.41 
2930 57.74 
2930 81.75 
2932 70.46 
2932 72.83 
2934 42.02 
2934 28.62 
2936 102.55 
2936 36.70 
2938 34.78 
2938 52.98 
2940 43.43 
2940 56.55 
2940 0.16 
2940 0.15 
2940 0.16 
2940 0.18 
2940 0.13 
2940 0.13 
2941 102.60 
2941 100.39 
2943 103.00 
2943 100.86 
2945 102.04 
2945 101.44 
2947 101.97 
2947 101.40 
2949 101.73 
2949 104.84 
2951 55.67 
2951 103.03 
2953 58.90 
2953 102.84 
2955 76.45 
2955 102.32 
2957 68.24 
2957 102.70 
2959 41.39 
2959 104.40 
2961 54.40 
2961 99.64 
2962 17.03 
2962 58.39 
2964 36.02 
2964 103.12 
2966 38.15 
2966 102.69 
2968 63.89 
2968 90.04 
2970 38.08 
2970 56.16 
2970 0.16 
2970 0.13 
2970 0.10 
2970 0.12 
2970 0.11 
2970 0.11 
2970 105.37 
2970 104.74 
2972 101.32 
2972 102.42 
2973 98.71 
2973 95.71 
2975 105.26 
2975 103.55 
2977 82.36 
2977 84.97 
2979 91.01 
2979 80.31 
2981 78.78 
2981 51.72 
2983 51.63 
2983 57.84 
2985 74.52 
2985 84.99 
2987 75.66 
2987 47.28 
2988 55.55 
2988 48.04 
2990 91.05 
2990 45.06 
2992 90.50 
2992 60.87 
2994 40.88 
2994 71.04 
2996 41.00 
2996 41.79 
2998 60.91 
2998 65.87 
3000 21.80 
3000 16.82 
3000 0.07 
3000 0.08 
3000 0.19 
3000 0.20 
3000 0.17 
3000 0.17 
3000 103.47 
3000 104.29 
3002 100.27 
3002 101.73 
3004 102.80 
3004 102.42 
3006 92.78 
3006 96.26 
3007 104.39 
3007 76.16 
3009 90.09 
3009 65.30 
3011 49.09 
3011 56.29 
3013 53.06 
3013 47.64 
3015 48.14 
3015 27.39 
3017 37.37 
3017 30.31 
3018 59.02 
3018 70.79 
3020 90.83 
3020 95.33 
3022 61.06 
3022 42.39 
3024 46.17 
3024 32.20 
3026 61.95 
3026 52.99 
3028 47.27 
3028 71.98 
3030 75.90 
3030 78.40 
3030 0.22 
3030 0.14 
3030 0.14 
3030 0.09 
3030 0.12 
3030 0.15 
3030 100.61 
3030 100.61 
3032 100.67 
3032 102.39 
3034 101.68 
3034 102.05 
3035 102.77 
3035 104.07 
3037 103.05 
3037 104.30 
3039 101.79 
3039 102.70 
3041 102.59 
3041 101.83 
3043 103.66 
3043 102.14 
3045 103.69 
3045 103.93 
3047 104.67 
3047 68.56 
3049 102.34 
3049 56.42 
3051 85.13 
3051 36.31 
3052 64.50 
3052 33.10 
3054 83.85 
3054 35.58 
3056 71.93 
3056 54.13 
3058 88.58 
3058 98.70 
3060 20.58 
3060 70.34 
3060 0.16 
3060 0.12 
3060 0.10 
3060 0.09 
3060 0.14 
3060 0.12 
3060 102.88 
3060 101.53 
3062 100.69 
3062 100.37 
3064 103.42 
3064 103.33 
3065 103.43 
3065 95.65 
3067 102.65 
3067 102.68 
3069 104.09 
3069 85.55 
3071 103.32 
3071 53.14 
3073 104.49 
3073 57.00 
3075 103.74 
3075 48.08 
3077 104.77 
3077 75.62 
3078 104.08 
3078 38.19 
3080 101.92 
3080 24.53 
3082 102.79 
3082 42.03 
3084 104.17 
3084 57.65 
3086 104.51 
3086 28.51 
3088 104.61 
3088 54.90 
3089 103.20 
3089 91.16 
3090 0.10 
3090 0.10 
3090 0.35 
3090 0.20 
3090 0.10 
3090 0.09 
3091 101.02 
3091 100.59 
3093 102.36 
3093 102.20 
3095 104.52 
3095 102.92 
3097 103.39 
3097 103.63 
3099 94.84 
3099 91.61 
3101 67.91 
3101 61.39 
3103 47.02 
3103 45.39 
3104 92.73 
3104 65.32 
3106 76.36 
3106 68.05 
3108 70.29 
3108 52.40 
3110 51.06 
3110 103.48 
3112 48.51 
3112 55.36 
3114 16.55 
3114 32.36 
3116 15.55 
3116 27.94 
3118 46.73 
3118 40.29 
3120 42.36 
3120 64.32 
3120 0.08 
3120 0.14 
3120 0.23 
3120 0.27 
3120 0.13 
3120 0.15 
3121 101.39 
3121 100.92 
3123 101.60 
3123 101.18 
3125 99.96 
3125 99.86 
3127 98.62 
3127 90.37 
3129 56.13 
3129 47.56 
3131 54.49 
3131 63.36 
3133 47.73 
3133 77.56 
3135 49.05 
3135 56.34 
3137 74.41 
3137 67.82 
3139 48.03 
3139 37.96 
3141 35.58 
3141 37.66 
3143 67.67 
3143 85.26 
3144 50.53 
3144 37.28 
3146 30.45 
3146 24.46 
3148 17.92 
3148 45.78 
3150 42.00 
3150 44.29 
3150 0.07 
3150 0.06 
3150 0.12 
3150 0.13 
3150 0.12 
3150 0.11 
3150 104.13 
3150 102.07 
3151 103.67 
3151 102.88 
3153 103.74 
3153 106.04 
3155 99.74 
3155 102.30 
3157 103.46 
3157 103.63 
3159 98.31 
3159 89.71 
3161 97.14 
3161 85.94 
3163 47.84 
3163 38.44 
3164 53.51 
3164 58.13 
3166 54.79 
3166 99.04 
3168 38.52 
3168 35.21 
3170 22.46 
3170 37.30 
3172 30.13 
3172 27.52 
3174 26.10 
3174 34.61 
3176 71.85 
3176 48.89 
3178 31.44 
3178 23.90 
3179 19.81 
3179 25.05 
3180 0.08 
3180 0.10 
3180 0.15 
3180 0.16 
3180 0.15 
3180 0.14 
3181 102.33 
3181 101.91 
3183 102.18 
3183 103.89 
3185 100.18 
3185 102.52 
3187 100.73 
3187 84.70 
3189 98.02 
3189 64.84 
3191 104.60 
3191 82.51 
3193 103.71 
3193 55.98 
3195 101.77 
3195 40.65 
3196 84.94 
3196 64.25 
3198 100.21 
3198 49.70 
3200 63.21 
3200 36.65 
3202 47.99 
3202 20.14 
3204 37.34 
3204 61.67 
3206 48.03 
3206 45.09 
3208 28.01 
3208 25.82 
3210 25.98 
3210 16.02 
3210 0.13 
3210 0.14 
3210 0.13 
3210 0.10 
3210 0.10 
3210 0.13 
3211 97.17 
3211 101.74 
3213 99.10 
3213 102.24 
3215 102.50 
3215 102.04 
3217 100.70 
3217 103.55 
3219 91.46 
3219 103.69 
3221 76.33 
3221 104.39 
3223 52.73 
3223 104.12 
3225 63.01 
3225 102.02 
3227 41.49 
3227 103.23 
3229 27.95 
3229 103.21 
3231 50.15 
3231 101.73 
3233 32.10 
3233 64.75 
3235 30.92 
3235 69.58 
3237 45.69 
3237 47.06 
3238 46.25 
3238 50.91 
3240 37.78 
3240 63.44 
3240 0.16 
3240 0.16 
3240 1.38 
3240 0.60 
3240 0.13 
3240 0.14 
3240 101.55 
3240 101.24 
3241 99.75 
3241 98.60 
3243 105.28 
3243 103.69 
3245 95.65 
3245 75.33 
3247 103.15 
3247 101.10 
3249 95.34 
3249 103.46 
3251 67.68 
3251 102.55 
3252 55.67 
3252 67.74 
3254 57.98 
3254 41.85 
3256 30.52 
3256 50.04 
3258 28.64 
3258 29.46 
3260 22.05 
3260 17.19 
3262 38.39 
3262 28.38 
3264 11.55 
3264 13.00 
3265 22.95 
3265 33.27 
3267 15.45 
3267 31.46 
3269 25.14 
3269 63.30 
3270 1.25 
3270 0.18 
3270 0.26 
3270 0.32 
3270 0.15 
3270 0.17 
3272 101.70 
3272 102.00 
3274 101.84 
3274 103.67 
3276 84.96 
3276 100.84 
3278 85.97 
3278 101.07 
3280 75.38 
3280 89.53 
3282 70.33 
3282 74.41 
3284 70.02 
3284 74.84 
3285 49.25 
3285 55.69 
3287 80.03 
3287 66.35 
3289 36.26 
3289 33.53 
3291 41.09 
3291 78.37 
3293 43.08 
3293 49.59 
3295 59.55 
3295 46.92 
3297 61.81 
3297 40.32 
3299 45.02 
3299 39.50 
3300 10.34 
3300 7.95 
3300 0.11 
3300 0.18 
3300 0.07 
3300 1.38 
3302 100.68 
3302 100.62 
3304 102.21 
3304 102.99 
3306 103.68 
3306 102.15 
3308 96.75 
3308 103.57 
3309 66.45 
3309 77.45 
3311 51.68 
3311 46.63 
3313 53.34 
3313 71.85 
3315 47.19 
3315 33.69 
3317 58.65 
3317 40.46 
3319 32.51 
3319 46.26 
3321 37.94 
3321 37.99 
3322 54.89 
3322 43.69 
3324 63.18 
3324 98.31 
3326 62.57 
3326 46.45 
3328 41.79 
3328 26.61 
3330 18.79 
3330 41.55 
3330 0.23 
3330 0.31 
3330 0.12 
3330 0.17 
3330 0.19 
3330 0.19 
3330 102.29 
3330 100.24 
3332 101.10 
3332 101.05 
3334 100.97 
3334 101.37 
3336 101.75 
3336 101.49 
3338 102.85 
3338 68.93 
3339 103.52 
3339 61.71 
3341 58.72 
3341 43.23 
3343 43.39 
3343 41.71 
3345 40.89 
3345 38.02 
3347 66.64 
3347 52.78 
3349 64.59 
3349 67.00 
3350 44.27 
3350 32.95 
3352 44.03 
3352 52.94 
3354 35.30 
3354 85.68 
3356 46.75 
3356 50.26 
3358 34.90 
3358 39.88 
3360 26.88 
3360 45.70 
3360 0.16 
3360 0.22 
3360 0.20 
3360 0.24 
3360 0.17 
3360 0.18 
3361 101.83 
3361 102.05 
3363 101.78 
3363 101.90 
3365 103.95 
3365 103.67 
3367 88.44 
3367 103.23 
3369 58.20 
3369 78.52 
3371 62.96 
3371 67.54 
3373 32.65 
3373 35.92 
3375 29.32 
3375 52.88 
3377 36.67 
3377 35.85 
3378 30.05 
3378 60.23 
3380 31.46 
3380 24.64 
3382 65.70 
3382 40.83 
3384 68.07 
3384 39.60 
3386 34.49 
3386 79.25 
3388 27.98 
3388 31.41 
3390 36.65 
3390 83.90 
3390 0.14 
3390 0.16 
3390 0.13 
3390 0.17 
3390 0.18 
3390 0.28 
3392 102.22 
3392 102.40 
3393 102.58 
3393 100.95 
3395 99.17 
3395 60.15 
3397 102.86 
3397 70.23 
3399 86.05 
3399 59.98 
3401 49.30 
3401 69.79 
3403 33.14 
3403 40.02 
3405 24.04 
3405 33.90 
3406 59.44 
3407 58.67 
3408 16.46 
3408 16.55 
3410 15.04 
3410 30.14 
3412 48.24 
3412 55.01 
3414 36.91 
3414 42.29 
3416 50.74 
3416 34.92 
3418 37.22 
3418 69.04 
3420 34.21 
3420 38.81 
3420 0.33 
3420 0.56 
3420 0.36 
3420 0.46 
3420 0.17 
3420 0.17 
3420 101.68 
3420 101.74 
3422 102.55 
3422 99.63 
3424 101.30 
3424 101.70 
3426 103.52 
3426 103.22 
3428 101.58 
3428 99.71 
3430 104.71 
3430 93.18 
3432 88.71 
3432 59.63 
3434 57.13 
3434 52.50 
3436 60.71 
3436 56.28 
3438 31.25 
3438 47.24 
3440 77.89 
3440 59.53 
3442 71.29 
3442 37.66 
3444 35.91 
3444 40.25 
3445 31.15 
3445 37.90 
3447 35.88 
3447 29.62 
3449 27.76 
3449 19.67 
3450 0.17 
3450 0.16 
3450 0.19 
3450 0.16 
3450 0.22 
3450 0.15 
3451 103.74 
3451 102.02 
3453 103.11 
3453 102.88 
3455 89.42 
3455 93.12 
3457 65.72 
3457 96.99 
3459 66.88 
3459 102.86 
3461 45.63 
3461 103.22 
3463 17.43 
3463 101.57 
3464 25.64 
3464 103.05 
3466 65.84 
3466 101.91 
3468 31.89 
3468 75.89 
3470 66.58 
3470 43.57 
3472 50.01 
3472 76.73 
3474 53.17 
3474 51.37 
3476 73.91 
3476 46.26 
3478 45.41 
3478 24.68 
3480 23.68 
3480 16.07 
3480 0.11 
3480 0.12 
3480 0.15 
3480 0.21 
3480 0.19 
3480 0.16 
3482 103.44 
3482 102.37 
3484 102.54 
3484 101.75 
3486 83.25 
3486 102.25 
3488 72.43 
3488 104.45 
3490 65.51 
3490 102.00 
3492 61.02 
3492 103.54 
3493 34.65 
3493 102.40 
3495 42.09 
3495 102.16 
3497 31.06 
3497 102.99 
3499 25.06 
3499 102.54 
3501 33.43 
3501 103.35 
3503 33.46 
3503 100.42 
3505 15.28 
3505 35.99 
3507 22.88 
3507 47.35 
3509 16.60 
3509 23.28 
3510 88.29 
3510 12.59 
3510 0.25 
3510 0.23 
3510 0.25 
3510 0.28 
3510 0.11 
3510 0.11 
3510 102.31 
3510 101.43 
3511 102.01 
3511 102.14 
3513 101.56 
3513 100.59 
3515 101.12 
3515 100.27 
3517 101.78 
3517 77.34 
3519 102.36 
3519 80.80 
3521 101.38 
3521 64.17 
3523 104.97 
3523 63.53 
3525 103.54 
3525 54.51 
3527 93.44 
3527 64.35 
3528 83.61 
3528 36.56 
3530 74.29 
3530 56.53 
3532 96.60 
3532 51.40 
3534 47.39 
3534 47.14 
3536 26.36 
3536 27.65 
3538 25.67 
3538 20.74 
3540 26.82 
3540 61.21 
3540 0.33 
3540 0.33 
3540 0.28 
3540 0.36 
3540 0.16 
3540 0.14 
3540 103.79 
3540 103.77 
3542 100.13 
3542 103.82 
3544 101.55 
3544 100.47 
3546 102.96 
3546 81.02 
3547 102.18 
3547 49.15 
3549 101.58 
3549 84.43 
3551 102.81 
3551 62.16 
3553 103.52 
3553 47.01 
3555 102.04 
3555 43.13 
3557 104.07 
3557 48.09 
3559 72.18 
3559 21.36 
3561 87.09 
3561 41.43 
3563 38.53 
3563 39.53 
3565 41.59 
3565 35.69 
3567 25.29 
3567 34.90 
3569 101.22 
3569 37.42 
3570 76.98 
3570 1.39 
3570 0.22 
3570 0.27 
3570 1.20 
3570 0.30 
3572 101.88 
3572 98.56 
3573 101.73 
3573 102.28 
3575 93.13 
3575 95.51 
3577 88.86 
3577 93.91 
3579 52.26 
3579 58.27 
3581 56.18 
3581 70.24 
3583 36.15 
3583 54.08 
3585 36.13 
3585 57.07 
3587 63.20 
3587 47.52 
3589 31.32 
3589 24.44 
3590 31.53 
3590 20.16 
3592 22.63 
3592 39.92 
3594 47.90 
3594 39.38 
3596 25.28 
3596 42.39 
3598 32.26 
3598 29.52 
3600 28.34 
3600 28.74 
3600 0.14 
3600 0.17 
3600 0.25 
3600 0.22 
3600 0.13 
3600 0.14 
3600 105.26 
3600 105.29 
3602 101.39 
3602 103.87 
3604 104.76 
3604 105.20 
3606 104.29 
3606 67.05 
3608 102.14 
3608 45.32 
3610 102.68 
3610 35.60 
3612 104.33 
3612 30.47 
3614 103.79 
3614 44.34 
3616 99.97 
3616 43.96 
3618 103.44 
3618 44.08 
3620 64.53 
3620 29.22 
3622 50.90 
3622 48.59 
3624 47.67 
3624 23.26 
3626 55.75 
3626 27.09 
3627 65.65 
3627 26.64 
3629 102.15 
3629 51.75 
3630 100.47 
3630 0.20 
