25 201 0.01852560043334961 1 1
26 201 0.02554488182067871 1 1
27 201 0.030835390090942383 1 1
28 201 0.009869813919067383 1 1
29 201 0.009977102279663086 1 1
55 201 0.00658416748046875 1 1
56 201 0.0051991939544677734 1 1
57 201 0.005022287368774414 1 1
58 201 0.0046999454498291016 1 1
59 201 0.006638050079345703 1 1
85 201 0.005540370941162109 1 1
86 201 0.005000114440917969 1 1
87 201 0.0040836334228515625 1 1
88 201 0.004573345184326172 1 1
89 201 0.004775524139404297 1 1
115 201 0.0044841766357421875 1 1
116 201 0.005435466766357422 1 1
117 201 0.005068063735961914 1 1
118 201 0.005160331726074219 1 1
119 201 0.020663976669311523 1 1
144 201 0.006103038787841797 1 1
145 201 0.006846427917480469 1 1
146 201 0.005127429962158203 1 1
147 201 0.00477290153503418 1 1
148 201 0.005526065826416016 1 1
174 201 0.004172563552856445 1 1
175 201 0.005144834518432617 1 1
176 201 0.005078315734863281 1 1
177 201 0.0070781707763671875 1 1
178 201 0.005141019821166992 1 1
205 201 0.0051958560943603516 1 1
206 201 0.0059125423431396484 1 1
207 201 0.00511932373046875 1 1
208 201 0.005100727081298828 1 1
209 201 0.008239030838012695 1 1
235 201 0.005015373229980469 1 1
236 201 0.007082462310791016 1 1
237 201 0.005816221237182617 1 1
238 201 0.004260063171386719 1 1
239 201 0.004678964614868164 1 1
265 201 0.0042417049407958984 1 1
266 201 0.00471806526184082 1 1
267 201 0.004441976547241211 1 1
268 201 0.004717588424682617 1 1
268 201 0.004002094268798828 1 1
294 201 0.004950046539306641 1 1
295 201 0.003975391387939453 1 1
296 201 0.004019498825073242 1 1
297 201 0.004406452178955078 1 1
298 201 0.004332065582275391 1 1
324 201 0.004557132720947266 1 1
325 201 0.004530191421508789 1 1
326 201 0.004606008529663086 1 1
327 201 0.005336284637451172 1 1
328 201 0.005738496780395508 1 1
354 201 0.0038025379180908203 1 1
355 201 0.005759716033935547 1 1
356 201 0.0045282840728759766 1 1
357 201 0.004190921783447266 1 1
358 201 0.005251646041870117 1 1
384 201 0.004236459732055664 1 1
386 201 0.005557060241699219 1 1
386 201 0.004899263381958008 1 1
387 201 0.004312038421630859 1 1
388 201 0.004949331283569336 1 1
414 201 0.004742860794067383 1 1
415 201 0.005059242248535156 1 1
416 201 0.004708051681518555 1 1
417 201 0.006566762924194336 1 1
418 201 0.0032396316528320312 1 1
445 201 0.010721445083618164 1 1
446 201 0.0033180713653564453 1 1
447 201 0.004293680191040039 1 1
448 201 0.0058405399322509766 1 1
448 201 0.0035560131072998047 1 1
474 201 0.004047870635986328 1 1
475 201 0.0042591094970703125 1 1
476 201 0.00465083122253418 1 1
477 201 0.005898475646972656 1 1
478 201 0.003359556198120117 1 1
504 201 0.005385398864746094 1 1
505 201 0.004570484161376953 1 1
506 201 0.003925323486328125 1 1
507 201 0.0040912628173828125 1 1
508 201 0.0038750171661376953 1 1
534 201 0.0046234130859375 1 1
535 201 0.004176139831542969 1 1
536 201 0.00447845458984375 1 1
537 201 0.0038399696350097656 1 1
538 201 0.004765987396240234 1 1
564 201 0.004920482635498047 1 1
565 201 0.0072362422943115234 1 1
566 201 0.004332542419433594 1 1
567 201 0.005948305130004883 1 1
568 201 0.0037834644317626953 1 1
594 201 0.004713535308837891 1 1
595 201 0.004566669464111328 1 1
596 201 0.004137516021728516 1 1
597 201 0.004242658615112305 1 1
598 201 0.003721952438354492 1 1
624 201 0.003952503204345703 1 1
625 201 0.006124734878540039 1 1
626 201 0.003988742828369141 1 1
627 201 0.005063056945800781 1 1
628 201 0.005025625228881836 1 1
654 201 0.003927469253540039 1 1
655 201 0.004037141799926758 1 1
656 201 0.004564762115478516 1 1
657 201 0.006084442138671875 1 1
658 201 0.004416227340698242 1 1
684 201 0.0044214725494384766 1 1
685 201 0.0062503814697265625 1 1
686 201 0.006322383880615234 1 1
687 201 0.005150794982910156 1 1
688 201 0.005379438400268555 1 1
714 201 0.0053195953369140625 1 1
715 201 0.004868984222412109 1 1
716 201 0.003336668014526367 1 1
717 201 0.0036728382110595703 1 1
718 201 0.004333972930908203 1 1
744 201 0.004032135009765625 1 1
745 201 0.0067141056060791016 1 1
746 201 0.005078792572021484 1 1
747 201 0.003632783889770508 1 1
748 201 0.003584146499633789 1 1
774 201 0.003473043441772461 1 1
775 201 0.0034940242767333984 1 1
776 201 0.003504514694213867 1 1
777 201 0.003489255905151367 1 1
778 201 0.002926349639892578 1 1
804 201 0.004821300506591797 1 1
805 201 0.0042111873626708984 1 1
806 201 0.004421710968017578 1 1
807 201 0.0037796497344970703 1 1
808 201 0.003139495849609375 1 1
834 201 0.0038347244262695312 1 1
835 201 0.0030641555786132812 1 1
836 201 0.0035173892974853516 1 1
837 201 0.005326747894287109 1 1
838 201 0.004126548767089844 1 1
864 201 0.0057256221771240234 1 1
865 201 0.0050792694091796875 1 1
866 201 0.003907442092895508 1 1
867 201 0.004027366638183594 1 1
868 201 0.003643035888671875 1 1
894 201 0.006753444671630859 1 1
895 201 0.0061702728271484375 1 1
896 201 0.0039033889770507812 1 1
897 201 0.00283050537109375 1 1
898 201 0.0036585330963134766 1 1
924 201 0.004025459289550781 1 1
925 201 0.003973722457885742 1 1
926 201 0.010089635848999023 1 1
927 201 0.00410914421081543 1 1
928 201 0.005861520767211914 1 1
954 201 0.006185054779052734 1 1
955 201 0.0038785934448242188 1 1
956 201 0.005282402038574219 1 1
957 201 0.003958702087402344 1 1
958 201 0.004282474517822266 1 1
984 201 0.0036890506744384766 1 1
985 201 0.0036623477935791016 1 1
986 201 0.003694295883178711 1 1
987 201 0.004670858383178711 1 1
988 201 0.0035872459411621094 1 1
1014 201 0.0041828155517578125 1 1
1015 201 0.005593299865722656 1 1
1016 201 0.00423121452331543 1 1
1017 201 0.0066835880279541016 1 1
1018 201 0.004014015197753906 1 1
1044 201 0.007949113845825195 1 1
1045 201 0.004082202911376953 1 1
1046 201 0.003632783889770508 1 1
1047 201 0.003391265869140625 1 1
1048 201 0.003287792205810547 1 1
1074 201 0.002347707748413086 1 1
1075 201 0.0036847591400146484 1 1
1076 201 0.0035223960876464844 1 1
1077 201 0.004286050796508789 1 1
1078 201 0.003869295120239258 1 1
1104 201 0.004449367523193359 1 1
1105 201 0.00415492057800293 1 1
1106 201 0.003845691680908203 1 1
1107 201 0.006477832794189453 1 1
1108 201 0.0038056373596191406 1 1
1134 201 0.003942251205444336 1 1
1135 201 0.007395505905151367 1 1
1136 201 0.00585484504699707 1 1
1137 201 0.003159761428833008 1 1
1138 201 0.00521397590637207 1 1
1164 201 0.0049822330474853516 1 1
1165 201 0.00532984733581543 1 1
1166 201 0.004737377166748047 1 1
1167 201 0.003275632858276367 1 1
1168 201 0.0034155845642089844 1 1
1194 201 0.006066799163818359 1 1
1195 201 0.025079011917114258 1 1
1196 201 0.006079435348510742 1 1
1197 201 0.009909629821777344 1 1
1198 201 0.0036749839782714844 1 1
1224 201 0.0036885738372802734 1 1
1225 201 0.004322528839111328 1 1
1226 201 0.0037584304809570312 1 1
1227 201 0.0041351318359375 1 1
1228 201 0.005331516265869141 1 1
1254 201 0.004698991775512695 1 1
1255 201 0.004644155502319336 1 1
1256 201 0.005093097686767578 1 1
1257 201 0.006865501403808594 1 1
1258 201 0.004463672637939453 1 1
1284 201 0.00499415397644043 1 1
1285 201 0.005677461624145508 1 1
1286 201 0.004180192947387695 1 1
1287 201 0.004257678985595703 1 1
1288 timeout 0.05 1 1
1314 201 0.0042688846588134766 1 1
1315 201 0.0034232139587402344 1 1
1316 201 0.00450587272644043 1 1
1317 201 0.0044193267822265625 1 1
1318 201 0.0040552616119384766 1 1
1344 201 0.0035021305084228516 1 1
1345 201 0.0037512779235839844 1 1
1346 201 0.003289461135864258 1 1
1347 201 0.004914283752441406 1 1
1348 201 0.003797769546508789 1 1
1374 201 0.0030336380004882812 1 1
1375 201 0.005022764205932617 1 1
1376 201 0.003762960433959961 1 1
1377 201 0.005754947662353516 1 1
1378 201 0.003943204879760742 1 1
1404 201 0.00424957275390625 1 1
1405 201 0.004030704498291016 1 1
1406 201 0.005562305450439453 1 1
1407 201 0.003690481185913086 1 1
1408 201 0.006145954132080078 1 1
1434 201 0.0045015811920166016 1 1
1435 201 0.004303693771362305 1 1
1436 201 0.0040705204010009766 1 1
1437 201 0.0037543773651123047 1 1
1438 201 0.003039836883544922 1 1
1464 201 0.004511356353759766 1 1
1465 201 0.0042591094970703125 1 1
1466 201 0.004923105239868164 1 1
1467 201 0.004084110260009766 1 1
1468 201 0.004060268402099609 1 1
1494 201 0.004674196243286133 1 1
1495 201 0.006949663162231445 1 1
1496 201 0.0061244964599609375 1 1
1497 201 0.0039014816284179688 1 1
1498 201 0.00716853141784668 1 1
1524 201 0.0037276744842529297 1 1
1525 201 0.005816459655761719 1 1
1526 201 0.005864620208740234 1 1
1527 201 0.00420379638671875 1 1
1528 201 0.005370140075683594 1 1
1554 201 0.0043184757232666016 1 1
1555 201 0.004479408264160156 1 1
1556 201 0.0036554336547851562 1 1
1557 201 0.004329681396484375 1 1
1558 201 0.0043485164642333984 1 1
1584 201 0.0046939849853515625 1 1
1585 201 0.0037958621978759766 1 1
1586 201 0.004425048828125 1 1
1587 201 0.003668069839477539 1 1
1588 201 0.004339694976806641 1 1
1614 201 0.005388021469116211 1 1
1615 201 0.0045244693756103516 1 1
1616 201 0.0042836666107177734 1 1
1617 201 0.004935741424560547 1 1
1618 201 0.004622936248779297 1 1
1644 201 0.0033223628997802734 1 1
1645 201 0.014581680297851562 1 1
1646 201 0.0045664310455322266 1 1
1647 201 0.004940032958984375 1 1
1648 201 0.0052416324615478516 1 1
1674 201 0.003928422927856445 1 1
1675 201 0.004160642623901367 1 1
1676 201 0.007346630096435547 1 1
1677 201 0.004407405853271484 1 1
1678 201 0.004197359085083008 1 1
1704 201 0.004795551300048828 1 1
1705 201 0.004981517791748047 1 1
1706 201 0.006176948547363281 1 1
1707 201 0.0064733028411865234 1 1
1708 201 0.0042612552642822266 1 1
1734 201 0.005159139633178711 1 1
1735 201 0.004234790802001953 1 1
1736 201 0.0045588016510009766 1 1
1737 201 0.0047779083251953125 1 1
1738 201 0.0045680999755859375 1 1
1765 201 0.0062007904052734375 1 1
1766 201 0.006667137145996094 1 1
1767 201 0.010212421417236328 1 1
1768 201 0.00491023063659668 1 1
1769 201 0.00540614128112793 1 1
1794 201 0.0045583248138427734 1 1
1795 201 0.004494428634643555 1 1
1796 201 0.003929853439331055 1 1
1797 201 0.004254817962646484 1 1
1798 201 0.003907918930053711 1 1
1824 201 0.0045778751373291016 1 1
1825 201 0.004716634750366211 1 1
1826 201 0.004698276519775391 1 1
1827 201 0.004828929901123047 1 1
1828 201 0.00465083122253418 1 1
1854 201 0.004170417785644531 1 1
1855 201 0.0051898956298828125 1 1
1856 201 0.00410151481628418 1 1
1857 201 0.005057811737060547 1 1
1858 201 0.004935026168823242 1 1
1884 201 0.005049228668212891 1 1
1885 201 0.0044689178466796875 1 1
1886 201 0.004229307174682617 1 1
1887 201 0.004770040512084961 1 1
1888 201 0.003742218017578125 1 1
1915 201 0.006455898284912109 1 1
1916 201 0.005652904510498047 1 1
1917 201 0.004972219467163086 1 1
1918 201 0.005970001220703125 1 1
1919 201 0.004886627197265625 1 1
1944 201 0.0050432682037353516 1 1
1945 201 0.005304574966430664 1 1
1946 201 0.006360054016113281 1 1
1947 201 0.004567861557006836 1 1
1948 201 0.0046215057373046875 1 1
1975 201 0.0067822933197021484 1 1
1975 201 0.005209207534790039 1 1
1976 201 0.0049211978912353516 1 1
1977 201 0.00835418701171875 1 1
1978 201 0.00383758544921875 1 1
2005 201 0.007975101470947266 1 1
2006 201 0.00552821159362793 1 1
2007 201 0.005425453186035156 1 1
2008 201 0.0060443878173828125 1 1
2009 201 0.004994869232177734 1 1
2035 201 0.005085468292236328 1 1
2036 201 0.006395578384399414 1 1
2037 201 0.005342245101928711 1 1
2038 201 0.005494356155395508 1 1
2039 201 0.005743265151977539 1 1
2064 201 0.0063669681549072266 1 1
2065 201 0.012701749801635742 1 1
2066 201 0.008493185043334961 1 1
2067 201 0.004467010498046875 1 1
2068 201 0.004737138748168945 1 1
2095 201 0.005213499069213867 1 1
2096 201 0.006813526153564453 1 1
2097 201 0.004689455032348633 1 1
2097 201 0.004599332809448242 1 1
2098 201 0.004626750946044922 1 1
2125 201 0.006787776947021484 1 1
2126 201 0.005434513092041016 1 1
2127 201 0.004716157913208008 1 1
2128 201 0.005244016647338867 1 1
2128 201 0.013939857482910156 1 1
2155 201 0.005352497100830078 1 1
2156 201 0.00526881217956543 1 1
2157 201 0.0055866241455078125 1 1
2158 201 0.005334377288818359 1 1
2159 201 0.0046825408935546875 1 1
2184 201 0.004057407379150391 1 1
2185 201 0.005408048629760742 1 1
2186 201 0.005124568939208984 1 1
2187 201 0.004013776779174805 1 1
2188 201 0.004334449768066406 1 1
2214 201 0.005403041839599609 1 1
2215 201 0.00418400764465332 1 1
2216 201 0.005223989486694336 1 1
2217 201 0.006161689758300781 1 1
2218 201 0.004371166229248047 1 1
2244 201 0.003882169723510742 1 1
2245 201 0.0050144195556640625 1 1
2246 201 0.0047376155853271484 1 1
2247 201 0.008214235305786133 1 1
2248 201 0.004317283630371094 1 1
2274 201 0.0048563480377197266 1 1
2275 201 0.0039064884185791016 1 1
2276 201 0.006352424621582031 1 1
2277 201 0.004313230514526367 1 1
2278 201 0.004182100296020508 1 1
2304 201 0.016153812408447266 1 1
2305 201 0.004259824752807617 1 1
2306 201 0.0060520172119140625 1 1
2307 201 0.007734537124633789 1 1
2308 201 0.004383563995361328 1 1
2335 201 0.006592512130737305 1 1
2335 201 0.00451350212097168 1 1
2336 201 0.005643367767333984 1 1
2337 201 0.004488706588745117 1 1
2338 201 0.0040166378021240234 1 1
2364 201 0.004920244216918945 1 1
2365 201 0.005208015441894531 1 1
2366 201 0.005326986312866211 1 1
2367 201 0.004491329193115234 1 1
2368 201 0.004851818084716797 1 1
2394 201 0.006654977798461914 1 1
2395 201 0.005194902420043945 1 1
2396 201 0.0043451786041259766 1 1
2397 201 0.004518747329711914 1 1
2398 201 0.00589752197265625 1 1
2424 201 0.00506138801574707 1 1
2425 201 0.010401010513305664 1 1
2426 201 0.004042387008666992 1 1
2427 201 0.00379180908203125 1 1
2428 201 0.0044994354248046875 1 1
2454 201 0.0039038658142089844 1 1
2455 201 0.0061342716217041016 1 1
2456 201 0.0041811466217041016 1 1
2457 201 0.003640890121459961 1 1
2458 201 0.0032820701599121094 1 1
2484 201 0.003929853439331055 1 1
2485 201 0.0052318572998046875 1 1
2486 201 0.0045948028564453125 1 1
2487 201 0.003975391387939453 1 1
2488 201 0.004249095916748047 1 1
2514 201 0.0037512779235839844 1 1
2515 201 0.0043315887451171875 1 1
2516 201 0.005298614501953125 1 1
2517 201 0.004204988479614258 1 1
2518 201 0.0036249160766601562 1 1
2545 201 0.007142543792724609 1 1
2545 201 0.004075527191162109 1 1
2546 201 0.004823207855224609 1 1
2547 201 0.004747629165649414 1 1
2548 201 0.006257295608520508 1 1
2574 201 0.004006147384643555 1 1
2575 201 0.004601001739501953 1 1
2576 201 0.004191875457763672 1 1
2577 201 0.0052127838134765625 1 1
2578 201 0.003908395767211914 1 1
2604 201 0.004219770431518555 1 1
2605 201 0.0037534236907958984 1 1
2606 201 0.0038297176361083984 1 1
2607 201 0.0046575069427490234 1 1
2608 201 0.0030622482299804688 1 1
2634 201 0.004402875900268555 1 1
2635 201 0.004275083541870117 1 1
2636 201 0.0032439231872558594 1 1
2637 201 0.0035631656646728516 1 1
2638 201 0.005175113677978516 1 1
2664 201 0.0040929317474365234 1 1
2665 201 0.004961490631103516 1 1
2666 201 0.0051915645599365234 1 1
2667 201 0.0037453174591064453 1 1
2668 201 0.003989696502685547 1 1
2694 201 0.008037090301513672 1 1
2695 201 0.004609346389770508 1 1
2696 201 0.004471540451049805 1 1
2697 201 0.004873752593994141 1 1
2698 201 0.004346370697021484 1 1
2724 201 0.0053026676177978516 1 1
2725 201 0.004633665084838867 1 1
2726 201 0.005320072174072266 1 1
2727 201 0.005472660064697266 1 1
2728 201 0.005228281021118164 1 1
2754 201 0.0038008689880371094 1 1
2755 201 0.004517316818237305 1 1
2756 201 0.005731344223022461 1 1
2757 201 0.0039348602294921875 1 1
2758 201 0.003795623779296875 1 1
2784 201 0.004053592681884766 1 1
2785 201 0.005624294281005859 1 1
2786 201 0.004358530044555664 1 1
2787 201 0.004317283630371094 1 1
2788 201 0.00400853157043457 1 1
2814 201 0.0058155059814453125 1 1
2815 201 0.004973649978637695 1 1
2816 201 0.004216670989990234 1 1
2817 201 0.0058536529541015625 1 1
2818 201 0.0037674903869628906 1 1
2844 201 0.005781650543212891 1 1
2845 201 0.004943370819091797 1 1
2846 201 0.004082441329956055 1 1
2847 201 0.004312276840209961 1 1
2848 201 0.004625082015991211 1 1
2874 201 0.0036385059356689453 1 1
2875 201 0.004829883575439453 1 1
2876 201 0.004624366760253906 1 1
2877 201 0.004261970520019531 1 1
2878 201 0.004967451095581055 1 1
2904 201 0.0037043094635009766 1 1
2905 201 0.004130363464355469 1 1
2906 201 0.005462646484375 1 1
2907 201 0.0037856101989746094 1 1
2908 201 0.004087209701538086 1 1
2934 201 0.005253314971923828 1 1
2935 201 0.004674196243286133 1 1
2936 201 0.003630399703979492 1 1
2937 201 0.004941463470458984 1 1
2938 201 0.004079103469848633 1 1
2964 201 0.003954648971557617 1 1
2965 201 0.003679037094116211 1 1
2966 201 0.004082202911376953 1 1
2967 201 0.003313302993774414 1 1
2968 201 0.005552530288696289 1 1
2994 201 0.0040776729583740234 1 1
2995 201 0.005280733108520508 1 1
2996 201 0.003924369812011719 1 1
2997 201 0.0036187171936035156 1 1
2998 201 0.0038270950317382812 1 1
3024 201 0.004984617233276367 1 1
3025 201 0.004154682159423828 1 1
3026 201 0.004549264907836914 1 1
3027 201 0.0039556026458740234 1 1
3028 201 0.004248380661010742 1 1
3054 201 0.0047817230224609375 1 1
3055 201 0.003767251968383789 1 1
3056 201 0.005345582962036133 1 1
3057 201 0.005341768264770508 1 1
3058 201 0.004780292510986328 1 1
3084 201 0.0048503875732421875 1 1
3085 201 0.005387306213378906 1 1
3086 201 0.004141092300415039 1 1
3087 201 0.0039403438568115234 1 1
3088 201 0.0038530826568603516 1 1
3114 201 0.0068759918212890625 1 1
3115 201 0.006625175476074219 1 1
3116 201 0.0035181045532226562 1 1
3117 201 0.004468679428100586 1 1
3118 201 0.0034987926483154297 1 1
3144 201 0.014871358871459961 1 1
3145 201 0.0031163692474365234 1 1
3146 201 0.0055696964263916016 1 1
3147 201 0.004969358444213867 1 1
3148 201 0.0032753944396972656 1 1
3174 201 0.004434347152709961 1 1
3175 201 0.0035936832427978516 1 1
3176 201 0.004247903823852539 1 1
3177 201 0.0034880638122558594 1 1
3178 201 0.0035479068756103516 1 1
3204 201 0.003669261932373047 1 1
3205 201 0.004425764083862305 1 1
3206 201 0.003924846649169922 1 1
3207 201 0.004633426666259766 1 1
3208 201 0.005292415618896484 1 1
3234 201 0.0052716732025146484 1 1
3235 201 0.0042400360107421875 1 1
3236 201 0.004718780517578125 1 1
3237 201 0.004026651382446289 1 1
3238 201 0.0034770965576171875 1 1
3264 201 0.004148960113525391 1 1
3265 201 0.0046176910400390625 1 1
3266 201 0.003885507583618164 1 1
3267 201 0.006919384002685547 1 1
3268 201 0.004056692123413086 1 1
3294 201 0.004750967025756836 1 1
3295 201 0.004461526870727539 1 1
3296 201 0.006314754486083984 1 1
3297 201 0.004379987716674805 1 1
3298 201 0.006079912185668945 1 1
3324 201 0.003740549087524414 1 1
3325 201 0.0055239200592041016 1 1
3326 201 0.0046215057373046875 1 1
3327 201 0.0036957263946533203 1 1
3328 201 0.0034627914428710938 1 1
3354 201 0.004536628723144531 1 1
3355 201 0.004454851150512695 1 1
3356 201 0.003772258758544922 1 1
3357 201 0.004129171371459961 1 1
3358 201 0.003208160400390625 1 1
3384 201 0.004700422286987305 1 1
3385 201 0.004438877105712891 1 1
3386 201 0.004198789596557617 1 1
3387 201 0.004082918167114258 1 1
3388 201 0.004601240158081055 1 1
3414 201 0.004645347595214844 1 1
3415 201 0.005032539367675781 1 1
3416 201 0.0064945220947265625 1 1
3417 201 0.004350900650024414 1 1
3418 201 0.004249095916748047 1 1
3444 201 0.005435943603515625 1 1
3445 201 0.004085063934326172 1 1
3446 201 0.0051043033599853516 1 1
3447 201 0.005131721496582031 1 1
3448 201 0.003460407257080078 1 1
3474 201 0.005035877227783203 1 1
3475 201 0.005087614059448242 1 1
3476 201 0.004122495651245117 1 1
3477 201 0.004616737365722656 1 1
3478 201 0.0040171146392822266 1 1
3504 201 0.005705118179321289 1 1
3505 201 0.005844593048095703 1 1
3506 201 0.004628658294677734 1 1
3507 201 0.005486011505126953 1 1
3508 201 0.004826068878173828 1 1
3534 201 0.0031747817993164062 1 1
3535 201 0.004098176956176758 1 1
3536 201 0.003626585006713867 1 1
3537 201 0.005192279815673828 1 1
3538 201 0.004168510437011719 1 1
3564 201 0.003573179244995117 1 1
3565 201 0.005415678024291992 1 1
3566 201 0.0065462589263916016 1 1
3567 201 0.0042307376861572266 1 1
3568 201 0.0041387081146240234 1 1
3594 201 0.003858804702758789 1 1
3595 201 0.009458541870117188 1 1
3596 201 0.005509614944458008 1 1
3597 201 0.004007101058959961 1 1
3598 201 0.002750873565673828 1 1
3624 201 0.0041277408599853516 1 1
3626 201 0.008114814758300781 1 1
3627 201 0.00539851188659668 1 1
3627 201 0.0048677921295166016 1 1
3628 201 0.0050089359283447266 1 1
