1 0.13 
3 0.14 
5 0.14 
7 0.23 
9 0.13 
11 0.13 
13 0.11 
15 0.13 
17 0.11 
19 0.16 
21 0.10 
23 0.13 
25 7.13 
27 6.61 
29 3.43 
30 0.21 
30 0.11 
30 0.12 
31 47.62 
33 19.74 
35 9.59 
37 27.07 
39 16.25 
41 25.61 
43 18.74 
45 16.41 
47 14.76 
49 32.50 
51 10.72 
53 4.90 
55 16.28 
57 15.48 
59 16.69 
60 0.28 
60 0.14 
60 0.15 
61 36.46 
63 24.67 
65 18.74 
67 40.97 
69 21.52 
71 15.60 
73 12.13 
75 49.08 
77 6.50 
79 12.69 
81 51.01 
83 27.83 
85 12.57 
87 13.19 
89 15.20 
90 0.17 
90 0.10 
90 0.19 
91 66.37 
93 19.46 
95 13.66 
97 101.88 
99 43.91 
101 16.11 
103 43.10 
105 22.73 
107 7.18 
109 4.82 
111 15.19 
113 7.42 
115 7.18 
117 6.83 
119 12.06 
120 0.07 
120 0.18 
120 0.34 
121 26.49 
123 31.49 
125 26.95 
127 17.20 
129 34.05 
131 17.32 
133 19.56 
135 17.87 
137 12.41 
139 12.96 
141 12.33 
143 9.99 
145 12.97 
147 8.65 
149 6.30 
150 6.33 
150 0.19 
150 1.21 
152 18.12 
154 20.35 
156 34.78 
158 13.32 
160 10.27 
162 7.12 
164 18.60 
166 11.73 
167 7.91 
169 13.74 
171 1.96 
173 6.51 
175 15.28 
177 43.24 
179 19.89 
180 0.49 
180 0.10 
180 0.30 
181 24.43 
183 26.97 
185 11.55 
187 9.36 
189 13.34 
191 10.62 
193 8.52 
195 29.86 
197 39.77 
199 9.36 
201 12.57 
203 22.88 
205 12.45 
207 18.00 
209 9.80 
210 0.14 
210 0.15 
210 0.18 
211 32.70 
213 21.11 
215 17.16 
217 13.23 
219 29.24 
221 6.95 
223 28.32 
225 11.34 
227 17.91 
229 5.53 
231 9.81 
233 9.82 
235 9.77 
237 27.03 
239 55.49 
240 0.19 
240 0.18 
240 0.38 
241 77.98 
243 32.92 
245 32.17 
247 101.11 
249 45.21 
251 32.12 
253 29.73 
255 7.02 
257 19.69 
259 31.82 
261 37.73 
263 31.95 
265 23.09 
267 20.04 
269 6.89 
270 2.22 
270 0.34 
270 0.20 
272 56.70 
274 27.98 
276 27.40 
278 55.04 
280 35.88 
282 22.84 
284 16.34 
286 35.51 
288 11.22 
290 23.59 
292 28.71 
294 29.68 
296 19.96 
298 26.74 
300 14.33 
300 0.11 
300 0.11 
300 0.11 
301 37.20 
303 22.48 
305 70.53 
307 50.34 
309 42.25 
311 23.38 
313 25.99 
315 16.33 
317 17.87 
319 16.34 
321 12.43 
323 15.37 
325 5.12 
327 21.11 
329 15.89 
330 15.48 
330 0.11 
330 1.20 
330 0.17 
330 99.55 
332 64.15 
334 35.19 
336 32.74 
338 59.19 
340 48.16 
342 42.22 
344 16.69 
346 20.01 
347 30.02 
349 31.65 
351 24.42 
353 84.80 
355 14.53 
357 14.44 
359 5.15 
360 0.14 
360 0.12 
360 0.16 
361 36.26 
363 25.40 
365 38.51 
367 14.63 
369 15.70 
371 26.19 
373 32.72 
375 5.95 
377 6.72 
379 27.77 
380 12.74 
382 27.63 
384 30.02 
386 44.70 
388 15.01 
390 14.94 
390 0.17 
390 0.44 
390 0.15 
390 101.05 
391 39.12 
393 48.37 
395 94.08 
397 38.63 
399 39.05 
401 18.35 
403 39.16 
405 14.35 
407 25.00 
409 27.91 
411 17.21 
413 49.86 
415 11.86 
416 30.56 
418 16.08 
420 11.25 
420 0.18 
420 1.42 
420 0.17 
420 100.80 
421 29.18 
423 70.87 
425 95.48 
427 53.01 
429 25.22 
431 37.87 
433 16.32 
435 19.65 
437 15.24 
439 17.89 
441 21.94 
443 29.11 
445 11.82 
447 16.09 
449 7.33 
450 11.31 
450 0.20 
450 1.07 
450 0.11 
450 99.39 
452 75.40 
454 97.17 
455 36.97 
457 51.41 
459 45.17 
461 28.17 
463 15.41 
465 15.65 
467 11.16 
469 10.97 
471 10.73 
473 23.15 
475 14.15 
477 21.98 
479 15.31 
480 4.14 
480 0.73 
480 1.03 
482 54.48 
484 103.14 
486 27.13 
487 31.95 
489 31.97 
491 18.45 
493 36.91 
495 15.72 
497 29.60 
499 45.42 
501 49.80 
503 40.47 
505 28.27 
507 33.07 
509 16.33 
510 1.82 
510 0.17 
510 0.16 
511 43.44 
513 38.89 
515 35.37 
517 53.95 
519 54.83 
521 32.04 
523 23.54 
525 22.25 
527 20.98 
529 27.74 
531 9.64 
532 19.38 
534 10.72 
536 38.23 
538 4.33 
540 16.32 
540 0.27 
540 1.13 
540 0.14 
540 101.38 
541 4.88 
543 72.08 
545 55.24 
547 69.14 
549 56.33 
551 24.47 
553 33.03 
555 27.86 
557 21.06 
559 31.29 
561 24.00 
563 22.88 
565 20.48 
567 22.75 
569 23.05 
570 1.45 
570 0.17 
570 0.12 
570 0.17 
570 102.69 
571 9.19 
573 50.53 
575 53.50 
577 35.17 
579 16.87 
581 37.95 
583 14.72 
584 12.33 
586 19.26 
588 17.33 
590 30.70 
592 32.66 
594 26.37 
596 15.94 
598 15.00 
600 18.47 
600 0.23 
600 0.98 
600 0.17 
600 100.28 
601 13.52 
603 61.00 
605 33.38 
607 96.40 
609 73.67 
611 48.25 
613 14.07 
615 29.02 
617 13.57 
618 44.25 
620 28.06 
622 32.64 
624 30.20 
626 20.22 
628 27.50 
630 11.90 
630 0.09 
630 0.97 
630 0.12 
630 101.60 
631 52.46 
633 31.85 
635 21.52 
637 35.50 
639 64.70 
641 15.64 
643 21.59 
644 18.49 
646 21.93 
648 26.98 
650 20.60 
652 40.94 
654 26.79 
656 13.56 
658 18.87 
660 23.69 
660 0.20 
660 0.15 
660 0.26 
660 99.45 
662 63.12 
664 48.07 
666 43.56 
667 34.62 
669 27.71 
671 34.18 
673 16.16 
675 15.89 
677 30.42 
679 22.39 
681 17.47 
683 13.97 
685 35.41 
686 23.01 
688 23.00 
690 23.85 
690 0.38 
690 1.10 
690 0.13 
690 100.52 
691 35.98 
693 31.74 
695 35.88 
697 47.26 
699 30.91 
701 27.26 
703 31.85 
705 38.19 
707 32.04 
709 19.08 
711 19.91 
713 35.54 
715 30.54 
717 45.81 
719 9.41 
720 2.45 
720 0.20 
720 0.11 
720 0.13 
720 100.85 
721 52.97 
723 56.79 
725 50.54 
727 51.52 
729 40.87 
731 48.57 
733 45.78 
735 21.07 
737 17.39 
739 21.18 
740 19.58 
742 13.44 
744 17.78 
746 33.15 
748 21.41 
750 29.47 
750 0.08 
750 0.18 
750 0.11 
750 101.72 
752 88.31 
754 82.15 
755 71.46 
757 24.84 
759 20.28 
761 47.51 
763 39.32 
765 24.94 
767 27.05 
769 21.13 
771 21.04 
773 6.19 
774 30.06 
776 20.75 
778 79.25 
780 6.41 
780 0.14 
780 0.09 
780 0.16 
780 100.55 
781 75.05 
783 49.24 
785 100.55 
787 45.19 
788 18.64 
790 22.34 
792 36.70 
794 54.94 
796 22.24 
798 17.06 
800 102.70 
802 25.62 
804 57.45 
806 28.34 
808 29.91 
810 12.09 
810 0.19 
810 0.23 
810 0.10 
811 44.71 
813 70.22 
815 39.16 
817 45.17 
819 18.03 
821 28.42 
822 29.22 
824 26.44 
826 11.89 
828 20.61 
830 24.00 
832 60.08 
834 6.72 
835 16.90 
837 13.07 
839 24.14 
840 0.16 
840 0.15 
840 1.86 
841 37.49 
843 102.44 
845 80.49 
847 63.04 
849 41.80 
851 34.57 
853 40.72 
855 31.73 
857 25.15 
859 35.49 
861 43.09 
863 36.10 
865 7.97 
867 26.51 
869 31.94 
870 5.92 
870 0.12 
870 0.10 
871 71.93 
873 45.00 
875 52.66 
877 38.68 
879 45.03 
881 17.12 
883 12.50 
885 29.47 
887 76.64 
889 52.96 
891 22.54 
893 35.93 
895 49.92 
896 14.64 
898 4.82 
900 18.70 
900 0.07 
900 0.13 
900 0.19 
900 100.24 
902 86.10 
904 83.96 
906 52.16 
908 26.61 
909 28.78 
911 10.07 
913 53.85 
915 37.04 
917 25.45 
919 32.98 
921 31.81 
923 17.53 
925 10.62 
927 17.18 
928 6.78 
930 8.88 
930 0.07 
930 0.19 
930 0.16 
930 100.05 
931 51.54 
933 98.47 
935 91.00 
937 86.99 
939 45.17 
941 39.40 
943 16.43 
944 17.52 
946 17.56 
948 27.95 
950 32.61 
952 17.95 
954 32.72 
956 19.11 
958 10.83 
960 8.62 
960 0.11 
960 0.30 
960 0.18 
960 104.03 
961 73.77 
963 73.49 
965 55.71 
967 56.48 
969 38.21 
971 39.61 
973 32.14 
974 46.96 
976 25.67 
978 46.07 
980 41.84 
982 31.38 
984 34.24 
986 24.61 
988 18.60 
990 17.24 
990 0.36 
990 1.11 
990 0.26 
990 101.53 
992 79.58 
994 73.23 
995 99.96 
997 99.93 
999 102.32 
1001 102.82 
1003 98.34 
1005 49.52 
1007 100.98 
1008 32.79 
1010 42.53 
1012 29.44 
1014 40.14 
1016 25.97 
1018 30.00 
1020 53.39 
1020 0.10 
1020 0.16 
1020 0.11 
1020 105.08 
1022 74.92 
1023 58.43 
1025 68.21 
1027 45.85 
1029 88.35 
1031 56.75 
1033 56.57 
1035 36.39 
1037 54.54 
1039 33.31 
1041 22.58 
1043 73.84 
1045 49.47 
1047 32.58 
1049 23.34 
1050 15.43 
1050 0.23 
1050 1.02 
1050 0.13 
1050 100.87 
1051 66.67 
1053 85.40 
1055 55.73 
1057 39.60 
1059 57.35 
1061 31.28 
1063 30.70 
1065 32.31 
1067 20.76 
1069 28.10 
1071 10.39 
1072 10.24 
1074 18.17 
1076 54.59 
1078 22.50 
1080 13.73 
1080 0.15 
1080 0.11 
1080 0.31 
1081 76.28 
1083 94.76 
1085 93.53 
1087 88.17 
1089 28.48 
1091 25.80 
1092 42.48 
1094 22.49 
1096 101.61 
1098 36.48 
1100 45.57 
1102 30.37 
1104 14.47 
1106 17.97 
1107 27.82 
1109 36.49 
1110 0.10 
1110 0.22 
1110 0.14 
1111 51.70 
1113 101.82 
1115 77.88 
1117 56.70 
1119 42.46 
1121 23.42 
1123 24.17 
1125 24.14 
1127 43.19 
1129 35.05 
1131 27.52 
1133 24.58 
1134 14.25 
1136 14.73 
1138 12.97 
1140 23.98 
1140 0.19 
1140 0.14 
1140 0.15 
1140 102.23 
1142 46.86 
1144 65.57 
1146 63.56 
1147 26.11 
1149 44.46 
1151 42.44 
1153 37.93 
1155 17.75 
1157 46.55 
1159 44.50 
1161 65.13 
1162 15.70 
1164 12.88 
1166 31.12 
1168 58.83 
1170 38.08 
1170 0.11 
1170 0.28 
1170 0.17 
1172 77.28 
1173 61.97 
1175 62.47 
1177 59.40 
1179 53.42 
1181 34.63 
1183 21.66 
1185 13.57 
1187 18.99 
1188 46.26 
1190 18.39 
1192 35.50 
1194 24.73 
1196 66.65 
1198 21.49 
1200 16.78 
1200 0.18 
1200 0.32 
1200 0.24 
1200 104.48 
1202 54.74 
1203 61.88 
1205 34.24 
1207 55.44 
1209 33.16 
1211 19.79 
1213 27.49 
1215 30.83 
1216 29.77 
1218 35.59 
1220 12.48 
1222 44.10 
1224 11.69 
1226 40.23 
1228 21.11 
1230 32.18 
1230 0.14 
1230 0.18 
1230 0.09 
1230 101.57 
1231 65.49 
1233 103.30 
1235 71.95 
1237 45.03 
1239 46.76 
1241 21.74 
1243 7.21 
1245 10.45 
1246 25.22 
1248 46.37 
1250 102.99 
1252 45.51 
1254 55.64 
1256 28.83 
1258 12.42 
1260 12.65 
1260 0.16 
1260 0.18 
1260 0.19 
1260 105.90 
1262 59.66 
1263 100.01 
1265 82.01 
1267 42.69 
1269 39.07 
1271 34.54 
1273 24.37 
1275 30.71 
1277 45.50 
1278 23.42 
1280 50.37 
1282 31.09 
1284 11.30 
1286 17.13 
1288 31.05 
1290 19.08 
1290 0.19 
1290 0.23 
1290 0.12 
1290 98.62 
1292 97.86 
1294 98.53 
1296 68.71 
1298 56.10 
1299 40.57 
1301 46.00 
1303 17.10 
1305 25.11 
1307 57.67 
1309 17.97 
1311 28.13 
1313 12.44 
1314 12.50 
1316 20.03 
1318 23.00 
1320 8.71 
1320 0.15 
1320 0.13 
1320 0.22 
1320 102.89 
1322 80.76 
1324 42.01 
1326 33.31 
1328 65.73 
1329 45.43 
1331 58.42 
1333 30.05 
1335 36.36 
1337 25.76 
1339 29.48 
1341 52.40 
1343 23.04 
1345 23.71 
1347 8.92 
1349 34.33 
1350 15.97 
1350 0.11 
1350 2.86 
1350 0.12 
1350 103.61 
1351 77.44 
1353 76.70 
1355 58.62 
1357 17.83 
1359 35.23 
1361 26.41 
1363 31.85 
1364 27.64 
1366 46.34 
1368 41.80 
1370 24.36 
1372 24.62 
1374 34.92 
1376 18.02 
1378 45.07 
1380 22.73 
1380 0.11 
1380 1.33 
1380 0.15 
1380 101.40 
1382 76.67 
1384 46.71 
1386 60.87 
1388 55.26 
1390 31.03 
1391 17.73 
1393 30.52 
1395 9.98 
1397 39.60 
1399 21.44 
1401 29.75 
1403 14.66 
1405 54.70 
1407 35.62 
1408 17.83 
1410 9.22 
1410 0.16 
1410 0.09 
1410 0.15 
1410 103.42 
1411 56.20 
1413 102.32 
1415 79.06 
1417 54.94 
1419 44.12 
1421 28.04 
1423 25.82 
1425 45.89 
1427 37.99 
1429 35.69 
1431 25.14 
1432 19.66 
1434 7.38 
1436 13.61 
1438 9.24 
1440 23.77 
1440 0.13 
1440 0.20 
1440 0.19 
1440 99.79 
1442 65.65 
1444 56.62 
1446 22.76 
1448 17.54 
1449 24.24 
1451 15.56 
1453 31.57 
1455 30.82 
1457 20.46 
1459 37.04 
1461 11.89 
1463 10.13 
1465 38.67 
1467 24.54 
1469 15.84 
1470 2.31 
1470 0.09 
1470 0.22 
1472 87.66 
1474 85.88 
1476 39.25 
1478 34.57 
1480 38.87 
1482 30.87 
1484 37.58 
1485 21.69 
1487 58.25 
1489 24.73 
1491 23.82 
1493 21.79 
1495 37.08 
1497 31.79 
1499 9.80 
1500 0.43 
1500 0.16 
1500 0.17 
1502 99.80 
1504 86.25 
1506 51.37 
1508 76.73 
1510 21.98 
1512 27.29 
1513 20.90 
1515 24.26 
1517 11.36 
1519 11.13 
1521 34.31 
1523 9.35 
1525 15.06 
1527 16.30 
1528 10.08 
1530 6.84 
1530 0.08 
1530 0.09 
1530 0.17 
1530 102.06 
1531 77.06 
1533 52.86 
1535 44.63 
1537 23.29 
1539 21.54 
1541 21.40 
1543 18.02 
1545 35.39 
1547 40.50 
1549 42.45 
1551 34.25 
1553 10.47 
1555 14.51 
1556 19.32 
1558 13.87 
1560 6.27 
1560 0.54 
1560 0.16 
1560 0.19 
1560 100.84 
1561 67.92 
1563 33.92 
1565 28.34 
1567 48.82 
1569 20.94 
1571 23.75 
1573 21.35 
1574 23.10 
1576 21.22 
1578 32.08 
1580 34.11 
1582 18.99 
1584 16.19 
1586 9.28 
1588 16.52 
1590 40.03 
1590 0.22 
1590 0.29 
1590 0.19 
1590 98.72 
1592 69.74 
1594 62.74 
1595 28.05 
1597 42.46 
1599 11.63 
1601 14.21 
1603 32.65 
1605 11.70 
1607 15.84 
1609 12.01 
1611 19.39 
1613 15.02 
1615 23.15 
1617 27.03 
1618 23.43 
1620 10.70 
1620 0.08 
1620 0.10 
1620 0.14 
1620 100.38 
1621 47.71 
1623 56.37 
1625 76.69 
1627 59.83 
1629 39.51 
1631 38.73 
1633 33.08 
1635 29.77 
1637 35.01 
1639 18.76 
1641 25.76 
1643 14.10 
1644 21.76 
1646 10.34 
1648 9.73 
1650 16.25 
1650 0.23 
1650 1.34 
1650 0.13 
1650 104.15 
1652 100.49 
1654 98.23 
1656 63.50 
1658 28.35 
1660 30.27 
1662 35.79 
1664 34.83 
1666 28.67 
1668 16.61 
1670 13.24 
1672 36.25 
1674 21.09 
1676 27.48 
1678 24.52 
1680 19.22 
1680 0.07 
1680 0.08 
1680 0.15 
1680 101.80 
1682 85.83 
1684 51.91 
1685 17.17 
1687 12.34 
1689 42.92 
1691 18.11 
1693 19.42 
1695 22.66 
1697 17.04 
1699 19.89 
1701 30.25 
1703 21.96 
1705 9.07 
1707 15.40 
1709 12.02 
1710 3.67 
1710 0.20 
1710 1.45 
1711 68.13 
1713 26.04 
1715 19.44 
1717 24.41 
1719 29.52 
1721 10.85 
1723 39.41 
1725 11.94 
1727 6.95 
1729 12.61 
1731 17.72 
1733 23.59 
1735 25.65 
1737 23.75 
1739 25.39 
1740 7.84 
1740 0.12 
1740 1.58 
1740 0.13 
1740 101.28 
1741 39.67 
1743 22.60 
1745 37.95 
1747 66.99 
1749 10.41 
1751 19.82 
1753 22.22 
1755 16.06 
1757 12.47 
1759 23.27 
1761 17.24 
1763 30.45 
1765 15.18 
1767 12.02 
1769 8.21 
1770 4.84 
1770 0.10 
1770 1.18 
1772 21.16 
1774 33.34 
1776 17.68 
1778 30.79 
1780 32.66 
1781 10.22 
1783 18.26 
1785 19.45 
1787 11.89 
1789 26.22 
1791 23.67 
1793 33.53 
1795 25.13 
1797 14.61 
1799 9.23 
1800 1.84 
1800 0.11 
1800 0.09 
1802 38.04 
1804 48.21 
1806 13.10 
1808 9.73 
1810 13.72 
1811 42.86 
1813 19.38 
1815 36.85 
1817 18.53 
1819 77.86 
1821 22.40 
1823 41.72 
1825 16.68 
1827 17.54 
1829 16.64 
1830 1.57 
1830 0.16 
1830 0.22 
1831 71.28 
1833 36.00 
1835 14.76 
1837 32.37 
1839 10.20 
1841 15.76 
1843 5.99 
1845 11.14 
1847 17.08 
1849 13.98 
1851 24.00 
1853 37.07 
1854 9.44 
1856 21.47 
1858 12.64 
1860 15.97 
1860 0.14 
1860 0.36 
1860 0.11 
1860 101.38 
1861 62.79 
1863 36.15 
1865 41.00 
1867 32.45 
1869 28.83 
1871 5.28 
1873 18.75 
1875 11.34 
1877 16.91 
1878 17.37 
1880 4.29 
1882 33.95 
1884 17.70 
1886 14.60 
1888 8.17 
1890 8.14 
1890 0.36 
1890 0.34 
1890 0.37 
1890 104.07 
1892 63.85 
1894 48.13 
1896 55.86 
1898 47.94 
1900 30.38 
1902 13.47 
1904 26.52 
1906 13.91 
1908 32.19 
1909 18.74 
1911 21.36 
1913 15.06 
1915 20.11 
1917 25.88 
1919 12.17 
1920 2.04 
1920 0.30 
1920 1.11 
1921 63.48 
1923 100.98 
1925 19.36 
1927 27.63 
1929 20.49 
1931 26.46 
1933 22.46 
1935 10.11 
1937 34.64 
1939 14.29 
1941 10.51 
1943 7.64 
1945 13.03 
1947 12.43 
1949 16.05 
1950 2.35 
1950 0.09 
1950 0.18 
1952 30.98 
1954 18.31 
1956 43.23 
1958 21.11 
1960 49.20 
1962 12.99 
1964 28.68 
1966 12.01 
1968 13.17 
1970 7.79 
1972 11.75 
1974 9.08 
1976 34.68 
1978 22.37 
1980 9.14 
1980 0.15 
1980 0.20 
1980 0.21 
1981 29.82 
1983 10.87 
1985 27.61 
1987 26.31 
1989 54.40 
1991 11.08 
1993 12.12 
1995 9.47 
1997 12.11 
1999 6.53 
2001 8.41 
2003 9.83 
2005 9.09 
2007 19.47 
2009 37.07 
2010 0.07 
2010 0.15 
2010 0.12 
2012 25.28 
2014 17.99 
2016 16.79 
2018 19.03 
2020 52.51 
2022 11.58 
2024 23.09 
2026 16.35 
2028 5.55 
2030 6.98 
2032 5.20 
2034 9.11 
2036 25.43 
2038 20.02 
2040 12.50 
2040 0.09 
2040 0.13 
2040 0.16 
2040 100.44 
2042 100.53 
2044 25.25 
2046 21.83 
2048 29.55 
2050 8.18 
2052 13.87 
2054 22.08 
2056 22.97 
2057 6.80 
2059 10.43 
2061 32.90 
2063 22.36 
2065 44.43 
2067 60.82 
2069 20.35 
2070 0.07 
2070 0.14 
2070 0.24 
2071 43.44 
2073 25.29 
2075 25.33 
2077 26.97 
2079 28.10 
2081 53.57 
2083 16.63 
2085 13.87 
2087 10.12 
2089 15.86 
2091 11.91 
2093 6.92 
2095 32.38 
2097 27.38 
2099 17.80 
2100 1.45 
2100 0.09 
2100 0.09 
2101 31.47 
2103 14.69 
2105 31.65 
2107 11.80 
2109 34.73 
2111 5.90 
2113 29.08 
2115 19.21 
2117 11.36 
2119 5.65 
2121 17.44 
2123 13.29 
2125 14.94 
2127 16.20 
2129 9.33 
2130 18.86 
2130 0.19 
2130 0.48 
2132 24.30 
2134 40.51 
2136 82.64 
2138 22.18 
2140 25.44 
2142 16.89 
2144 56.32 
2146 18.52 
2148 12.87 
2150 11.99 
2151 8.06 
2153 10.43 
2155 78.57 
2157 101.01 
2159 101.12 
2160 100.26 
2160 100.82 
2160 90.87 
2161 55.53 
2163 61.69 
2165 96.93 
2167 15.43 
2169 45.07 
2171 71.17 
2173 10.45 
2175 12.57 
2177 34.44 
2179 27.55 
2181 32.42 
2183 16.12 
2185 15.29 
2186 16.87 
2188 14.50 
2190 10.92 
2190 0.24 
2190 3.12 
2190 0.24 
2190 100.54 
2191 91.73 
2193 53.99 
2195 54.75 
2197 21.91 
2199 7.36 
2201 26.58 
2203 21.87 
2205 23.27 
2207 20.24 
2209 21.96 
2211 15.66 
2213 29.46 
2215 17.19 
2217 19.30 
2219 17.13 
2220 2.85 
2220 0.12 
2220 0.18 
2222 60.18 
2224 32.10 
2226 38.54 
2228 57.49 
2230 42.51 
2232 13.44 
2233 8.01 
2235 14.00 
2237 16.12 
2239 9.87 
2241 28.53 
2243 21.76 
2245 24.71 
2247 23.73 
2249 35.78 
2250 0.04 
2250 0.04 
2250 0.08 
2251 68.97 
2253 44.68 
2255 42.08 
2257 28.85 
2259 25.12 
2261 20.43 
2263 66.22 
2265 21.64 
2267 11.46 
2269 24.38 
2271 27.95 
2273 44.59 
2275 9.41 
2276 25.77 
2278 9.78 
2280 13.38 
2280 0.11 
2280 1.65 
2280 0.17 
2280 100.70 
2281 77.03 
2283 32.01 
2285 41.25 
2287 31.99 
2289 21.98 
2291 39.06 
2293 20.71 
2295 17.94 
2297 14.69 
2299 22.53 
2301 39.64 
2303 14.71 
2305 19.51 
2307 50.84 
2309 23.36 
2310 12.87 
2310 0.18 
2310 1.09 
2310 0.13 
2310 103.68 
2312 72.34 
2314 20.33 
2315 34.08 
2317 47.32 
2319 9.53 
2321 8.56 
2323 12.99 
2325 10.67 
2327 45.03 
2329 29.59 
2331 50.16 
2333 34.84 
2335 19.35 
2337 23.34 
2339 9.91 
2340 7.90 
2340 0.27 
2340 0.24 
2342 49.98 
2344 43.71 
2345 28.78 
2347 35.17 
2349 40.14 
2351 14.79 
2353 25.83 
2355 21.67 
2357 14.68 
2359 31.47 
2361 26.89 
2363 12.64 
2365 14.59 
2367 10.86 
2369 20.63 
2370 0.98 
2370 0.16 
2370 1.06 
2371 72.41 
2373 58.36 
2375 29.60 
2377 57.13 
2379 41.59 
2381 34.66 
2383 11.13 
2385 19.39 
2387 28.09 
2389 23.95 
2391 10.74 
2393 4.45 
2395 19.15 
2396 8.10 
2398 9.22 
2400 7.98 
2400 0.11 
2400 0.09 
2400 0.17 
2400 102.76 
2402 67.38 
2404 57.59 
2406 55.46 
2408 38.51 
2410 27.65 
2412 29.73 
2414 33.78 
2416 15.73 
2418 10.69 
2420 11.13 
2421 18.59 
2423 21.09 
2425 11.54 
2427 23.16 
2429 18.45 
2430 0.13 
2430 0.10 
2430 0.10 
2432 45.27 
2434 45.57 
2436 33.38 
2438 40.28 
2440 30.76 
2442 18.86 
2444 21.36 
2446 32.00 
2448 17.52 
2450 46.35 
2452 19.94 
2453 22.63 
2455 35.35 
2457 17.11 
2459 11.57 
2460 0.12 
2460 0.13 
2460 0.07 
2462 23.32 
2464 26.57 
2466 42.05 
2468 45.34 
2470 42.41 
2472 28.03 
2474 26.28 
2476 45.17 
2477 20.52 
2479 25.53 
2481 10.12 
2483 9.37 
2485 15.90 
2487 10.15 
2488 18.89 
2490 11.09 
2490 0.13 
2490 0.09 
2490 0.15 
2490 101.46 
2491 64.11 
2493 23.67 
2495 70.98 
2497 40.07 
2499 25.29 
2501 23.40 
2503 27.83 
2505 54.75 
2507 14.53 
2509 28.58 
2511 13.18 
2512 95.12 
2514 25.28 
2516 29.31 
2518 42.83 
2520 19.23 
2520 0.09 
2520 0.15 
2520 0.11 
2520 102.64 
2522 96.52 
2524 53.85 
2526 43.73 
2528 25.44 
2529 28.11 
2531 23.97 
2533 22.69 
2535 16.85 
2537 32.83 
2539 25.08 
2541 22.30 
2543 24.11 
2545 17.81 
2547 12.38 
2548 10.37 
2550 6.96 
2550 0.17 
2550 0.23 
2550 0.29 
2550 101.93 
2551 89.15 
2553 70.00 
2555 38.74 
2557 30.23 
2559 44.27 
2561 34.18 
2563 37.69 
2565 35.84 
2567 16.55 
2569 9.86 
2571 16.24 
2572 9.44 
2574 23.14 
2576 10.29 
2578 11.47 
2580 15.04 
2580 0.16 
2580 0.18 
2580 0.50 
2580 101.57 
2582 80.95 
2583 69.75 
2585 52.87 
2587 33.24 
2589 14.68 
2591 22.08 
2593 22.20 
2595 19.10 
2597 36.49 
2599 11.26 
2600 27.27 
2602 15.25 
2604 8.25 
2606 28.75 
2608 18.33 
2610 17.57 
2610 0.15 
2610 0.16 
2610 0.10 
2610 100.03 
2612 64.28 
2614 90.30 
2616 47.37 
2618 44.52 
2619 18.11 
2621 18.84 
2623 44.75 
2625 32.18 
2627 15.99 
2629 59.90 
2631 20.27 
2633 40.31 
2635 8.96 
2637 15.46 
2639 23.06 
2640 2.42 
2640 0.13 
2640 0.96 
2641 59.79 
2643 60.17 
2645 70.45 
2647 27.47 
2649 43.05 
2651 45.45 
2653 7.45 
2654 17.10 
2656 66.43 
2658 11.36 
2660 18.52 
2662 101.36 
2664 52.27 
2666 45.17 
2668 28.89 
2670 24.03 
2670 0.13 
2670 0.25 
2670 0.19 
2670 100.47 
2671 56.77 
2673 96.74 
2675 91.03 
2677 58.03 
2679 32.16 
2681 12.61 
2682 48.59 
2684 38.14 
2686 33.08 
2688 6.79 
2690 26.96 
2692 7.88 
2694 24.87 
2695 14.29 
2697 27.14 
2699 15.50 
2700 0.18 
2700 0.18 
2700 0.18 
2702 77.70 
2704 77.10 
2706 60.71 
2707 48.01 
2709 44.27 
2711 26.43 
2713 26.31 
2715 15.74 
2717 48.06 
2719 30.39 
2721 17.74 
2723 55.66 
2724 13.92 
2726 13.14 
2728 24.80 
2730 21.73 
2730 0.19 
2730 0.10 
2730 0.13 
2730 101.31 
2732 46.44 
2734 47.32 
2736 35.73 
2737 65.47 
2739 37.57 
2741 32.29 
2743 29.71 
2745 26.39 
2747 29.25 
2749 9.23 
2751 14.23 
2753 18.49 
2755 53.17 
2757 47.80 
2759 20.56 
2760 6.71 
2760 0.20 
2760 1.47 
2761 73.35 
2763 101.62 
2765 36.04 
2767 61.26 
2769 26.44 
2771 46.05 
2773 44.35 
2775 24.35 
2776 41.85 
2778 13.19 
2780 8.91 
2782 39.80 
2784 23.64 
2786 24.30 
2788 16.31 
2790 21.82 
2790 0.09 
2790 0.18 
2790 0.10 
2792 67.54 
2794 101.25 
2795 90.92 
2797 30.78 
2799 36.24 
2801 30.18 
2803 38.11 
2805 27.44 
2807 13.81 
2809 35.44 
2810 23.65 
2812 16.99 
2814 14.31 
2816 9.85 
2818 17.32 
2820 25.65 
2820 0.22 
2820 0.21 
2820 0.11 
2820 103.70 
2822 63.73 
2823 41.95 
2825 60.88 
2827 43.20 
2829 37.00 
2831 25.24 
2833 21.80 
2835 34.46 
2837 17.62 
2838 7.50 
2840 32.43 
2842 8.17 
2844 23.97 
2846 12.17 
2848 15.36 
2849 34.27 
2850 0.08 
2850 0.14 
2850 0.13 
2851 46.22 
2853 77.58 
2855 86.91 
2857 41.91 
2859 8.88 
2861 17.39 
2863 42.09 
2865 25.23 
2867 24.86 
2869 31.52 
2871 42.42 
2872 7.92 
2874 10.16 
2876 9.75 
2878 16.04 
2880 56.89 
2880 0.13 
2880 0.27 
2880 0.16 
2880 98.92 
2882 50.71 
2883 30.13 
2885 66.25 
2887 32.91 
2889 19.26 
2891 24.94 
2893 46.89 
2895 40.30 
2896 63.97 
2898 34.30 
2900 32.99 
2902 15.63 
2904 16.20 
2906 36.83 
2908 59.06 
2910 19.06 
2910 0.15 
2910 0.27 
2910 0.30 
2910 105.93 
2911 61.73 
2913 46.27 
2915 39.84 
2917 45.78 
2919 31.80 
2921 34.03 
2923 31.91 
2924 25.40 
2926 34.22 
2928 28.02 
2930 36.21 
2932 25.40 
2934 17.25 
2936 11.83 
2938 20.54 
2939 53.53 
2940 0.13 
2940 0.14 
2940 0.21 
2941 21.64 
2943 90.26 
2945 77.75 
2947 59.08 
2949 53.78 
2951 39.74 
2953 16.69 
2955 46.18 
2957 49.43 
2959 23.85 
2960 16.78 
2962 21.56 
2964 17.17 
2966 53.48 
2968 44.33 
2970 29.32 
2970 0.22 
2970 0.14 
2970 0.15 
2971 84.61 
2973 101.66 
2975 72.87 
2977 68.80 
2979 69.83 
2981 61.18 
2983 51.41 
2984 29.33 
2986 22.11 
2988 33.75 
2990 20.47 
2992 19.50 
2994 10.89 
2996 57.81 
2998 22.78 
2999 16.94 
3000 0.08 
3000 0.18 
3000 0.16 
3001 75.83 
3003 101.38 
3005 61.55 
3007 72.04 
3009 16.33 
3011 38.58 
3012 23.65 
3014 31.47 
3016 71.94 
3018 101.03 
3020 88.66 
3022 101.43 
3024 100.38 
3026 102.72 
3028 100.94 
3030 102.48 
3030 0.18 
3030 0.22 
3030 0.09 
3031 35.33 
3033 73.91 
3035 68.55 
3037 41.05 
3039 30.48 
3041 68.25 
3043 48.11 
3045 59.14 
3046 38.45 
3048 53.74 
3050 21.09 
3052 19.88 
3054 13.97 
3056 48.48 
3058 32.31 
3059 11.35 
3060 0.11 
3060 0.26 
3060 0.16 
3061 49.02 
3063 98.34 
3065 92.43 
3067 56.76 
3069 67.63 
3070 42.30 
3072 32.42 
3074 100.43 
3076 95.85 
3078 42.88 
3080 18.56 
3081 26.97 
3083 19.51 
3085 24.70 
3087 32.59 
3089 18.55 
3090 6.79 
3090 0.17 
3090 0.10 
3092 73.30 
3093 96.57 
3095 96.00 
3097 49.27 
3099 51.47 
3101 20.89 
3103 38.29 
3105 32.60 
3107 31.78 
3109 39.83 
3110 30.50 
3112 16.92 
3114 8.01 
3116 14.35 
3118 29.34 
3120 27.15 
3120 0.08 
3120 0.19 
3120 0.30 
3120 102.98 
3122 81.81 
3124 75.82 
3126 101.51 
3128 103.08 
3129 102.21 
3131 102.00 
3133 101.59 
3135 57.21 
3137 91.11 
3139 100.67 
3141 101.33 
3143 101.86 
3145 100.61 
3147 101.41 
3148 102.00 
3150 102.16 
3150 100.66 
3150 100.55 
3150 9.48 
3150 102.70 
3151 82.05 
3153 61.63 
3155 62.63 
3157 52.49 
3159 44.09 
3161 51.20 
3163 23.49 
3165 34.55 
3167 19.36 
3168 25.80 
3170 29.64 
3172 22.05 
3174 7.71 
3176 24.41 
3178 31.85 
3180 18.84 
3180 0.08 
3180 0.20 
3180 0.20 
3181 54.03 
3183 75.32 
3185 60.40 
3187 41.25 
3189 29.97 
3191 40.52 
3193 37.55 
3195 30.38 
3197 17.47 
3198 32.99 
3200 22.84 
3202 8.78 
3204 26.43 
3206 33.05 
3208 30.66 
3210 9.39 
3210 0.13 
3210 0.15 
3210 0.11 
3211 59.19 
3213 51.17 
3215 67.87 
3217 49.78 
3219 46.05 
3221 35.00 
3223 35.99 
3225 25.75 
3227 22.83 
3229 19.95 
3231 11.27 
3233 22.05 
3235 6.38 
3237 58.91 
3238 62.47 
3240 29.51 
3240 0.19 
3240 1.35 
3240 0.13 
3240 100.63 
3241 56.90 
3243 50.60 
3245 73.45 
3247 47.00 
3249 66.51 
3251 45.32 
3252 34.56 
3254 31.84 
3256 31.08 
3258 65.05 
3260 27.19 
3262 7.36 
3264 16.03 
3265 24.79 
3267 10.45 
3269 17.40 
3270 2.33 
3270 0.24 
3270 1.21 
3272 94.99 
3274 58.63 
3276 30.63 
3278 48.66 
3280 46.74 
3281 35.88 
3283 60.02 
3285 24.78 
3287 18.07 
3289 32.82 
3291 34.32 
3293 17.60 
3295 33.55 
3297 29.98 
3299 49.79 
3300 36.96 
3300 0.21 
3300 0.08 
3301 82.28 
3303 56.26 
3305 71.73 
3307 24.29 
3309 95.92 
3311 32.95 
3313 16.07 
3315 18.98 
3317 9.63 
3319 29.78 
3320 25.39 
3322 22.17 
3324 20.46 
3326 32.95 
3328 43.04 
3330 7.08 
3330 0.24 
3330 0.26 
3330 0.21 
3330 103.57 
3332 75.20 
3334 102.53 
3335 79.42 
3337 29.14 
3339 29.87 
3341 21.45 
3343 36.81 
3345 20.97 
3347 31.82 
3348 21.61 
3350 29.54 
3352 24.65 
3354 32.61 
3356 8.11 
3358 15.16 
3359 11.51 
3360 0.29 
3360 0.17 
3360 0.62 
3362 85.81 
3364 57.33 
3366 38.08 
3368 15.32 
3370 22.74 
3372 17.62 
3373 18.01 
3375 27.20 
3377 26.12 
3379 20.85 
3381 34.52 
3383 28.43 
3385 21.68 
3387 15.19 
3388 21.79 
3390 7.79 
3390 0.28 
3390 1.19 
3390 0.14 
3390 100.88 
3391 61.65 
3393 63.71 
3395 33.25 
3397 42.78 
3399 12.97 
3401 44.03 
3402 38.77 
3404 19.91 
3406 20.61 
3408 21.87 
3410 15.80 
3412 50.35 
3414 34.69 
3416 28.92 
3418 20.38 
3420 19.56 
3420 0.28 
3420 0.36 
3420 0.36 
3422 74.46 
3424 29.49 
3426 41.99 
3428 56.06 
3429 40.06 
3431 34.46 
3433 28.42 
3435 37.92 
3437 79.99 
3439 21.74 
3441 28.85 
3443 23.97 
3445 20.56 
3447 29.56 
3449 11.61 
3450 2.88 
3450 0.17 
3450 0.19 
3452 83.30 
3454 101.72 
3456 22.33 
3457 53.34 
3459 22.83 
3461 20.05 
3463 14.57 
3465 24.76 
3467 17.75 
3468 19.26 
3470 25.46 
3472 26.93 
3474 29.88 
3476 43.35 
3478 23.39 
3480 10.25 
3480 0.19 
3480 0.16 
3480 0.13 
3480 102.85 
3482 52.11 
3484 55.26 
3486 64.45 
3488 40.23 
3490 30.80 
3492 44.28 
3494 17.64 
3496 24.89 
3497 15.71 
3499 15.18 
3501 13.23 
3503 20.37 
3505 4.23 
3507 32.37 
3509 11.88 
3510 3.10 
3510 0.18 
3510 0.29 
3511 86.34 
3513 51.54 
3515 43.64 
3517 29.21 
3519 23.28 
3521 38.50 
3523 37.15 
3525 37.32 
3527 18.29 
3529 11.97 
3531 45.44 
3533 31.41 
3534 25.31 
3536 10.80 
3538 23.45 
3540 11.62 
3540 0.29 
3540 1.30 
3540 0.34 
3540 100.59 
3542 61.98 
3544 100.92 
3546 52.16 
3548 25.82 
3550 44.92 
3552 19.22 
3553 32.55 
3555 13.32 
3557 28.99 
3559 9.74 
3561 34.62 
3563 10.62 
3565 23.30 
3567 12.89 
3569 18.93 
3570 2.33 
3570 0.21 
3570 0.17 
3572 55.19 
3574 29.07 
3575 19.94 
3577 59.31 
3579 27.11 
3581 18.62 
3583 12.05 
3585 28.86 
3587 34.11 
3589 19.33 
3590 45.25 
3592 24.80 
3594 17.41 
3596 24.81 
3598 34.19 
3600 23.55 
3600 0.16 
3600 0.22 
3600 0.16 
3600 101.25 
3602 21.24 
3604 50.30 
3606 26.46 
3608 32.75 
3610 25.82 
3611 20.07 
3613 22.55 
3615 15.32 
3617 24.04 
3619 31.10 
3621 68.29 
3623 65.58 
3625 26.19 
3627 17.93 
3629 16.85 
3630 0.09 
