1 1.50 
3 1.35 
5 1.47 
7 1.92 
9 1.63 
11 1.51 
13 1.62 
15 1.53 
17 1.36 
19 1.62 
21 1.34 
23 1.57 
25 1.38 
27 1.87 
29 1.38 
30 0.07 
30 0.04 
30 0.09 
31 1.42 
33 1.43 
35 1.43 
37 1.73 
39 1.50 
41 1.53 
43 1.73 
45 1.40 
47 1.38 
49 1.45 
51 1.33 
53 1.23 
55 1.24 
57 1.35 
59 1.43 
60 0.07 
60 0.04 
60 0.05 
61 1.24 
63 1.23 
65 1.32 
67 1.37 
69 1.64 
71 1.81 
73 1.62 
75 1.52 
77 1.27 
79 1.25 
81 1.46 
83 1.94 
85 1.20 
87 1.45 
89 1.53 
90 0.06 
90 0.03 
90 0.06 
91 1.68 
93 1.51 
95 1.43 
97 1.61 
99 1.49 
101 1.33 
103 1.42 
105 1.46 
107 1.29 
109 0.87 
111 1.90 
113 1.43 
115 1.28 
117 1.48 
119 1.07 
120 0.03 
120 0.07 
120 0.04 
122 1.35 
124 1.62 
126 1.51 
128 1.47 
130 1.88 
132 1.14 
134 1.59 
136 0.76 
138 1.33 
140 1.41 
142 1.58 
144 1.05 
145 1.66 
147 0.98 
149 1.89 
150 0.05 
150 0.04 
150 0.06 
151 1.48 
153 1.54 
155 1.59 
157 1.21 
159 1.44 
161 1.38 
163 1.23 
165 1.03 
167 1.18 
169 1.46 
171 1.31 
173 1.16 
175 1.04 
177 1.20 
179 1.48 
180 0.25 
180 0.03 
180 0.11 
182 1.58 
184 0.77 
186 1.38 
188 1.40 
190 1.32 
192 1.18 
194 1.34 
196 1.53 
198 1.40 
200 1.38 
202 1.64 
204 1.97 
206 1.35 
208 1.68 
210 1.51 
210 0.04 
210 0.06 
210 0.04 
212 1.35 
214 1.34 
216 1.32 
218 1.39 
220 1.19 
222 0.99 
224 1.32 
226 1.61 
228 1.58 
230 1.13 
232 1.24 
234 1.32 
236 1.58 
238 1.37 
240 1.51 
240 0.04 
240 0.08 
240 0.06 
242 2.32 
244 2.11 
246 2.08 
248 2.26 
250 1.77 
251 1.98 
253 2.22 
255 1.90 
257 2.30 
259 2.33 
261 2.30 
263 2.34 
265 2.38 
267 2.17 
269 1.78 
270 0.03 
270 0.09 
270 0.03 
271 1.77 
273 2.36 
275 2.48 
277 1.62 
279 1.77 
281 1.94 
283 1.58 
285 2.31 
287 2.08 
289 2.20 
291 1.75 
293 1.65 
295 2.01 
297 1.88 
299 2.15 
300 0.13 
300 0.09 
300 0.07 
302 1.66 
304 2.11 
306 2.45 
308 2.51 
310 1.91 
312 1.77 
314 2.30 
316 1.99 
318 2.16 
320 1.49 
321 1.05 
323 0.97 
325 1.33 
327 1.79 
329 1.83 
330 0.05 
330 0.03 
330 0.05 
332 2.56 
334 2.27 
336 2.33 
338 2.39 
340 2.18 
342 2.26 
344 2.18 
346 2.30 
348 2.50 
350 2.15 
352 2.13 
354 2.18 
356 1.98 
358 1.31 
360 1.54 
360 0.03 
360 0.04 
360 0.04 
362 1.34 
364 1.69 
365 1.85 
367 1.70 
369 1.69 
371 2.01 
373 1.77 
375 2.11 
377 1.71 
379 1.63 
381 1.36 
383 1.49 
385 2.22 
386 2.06 
388 1.67 
390 0.87 
390 0.06 
390 0.04 
390 0.06 
391 2.11 
393 2.07 
395 2.18 
397 2.14 
399 2.11 
401 1.69 
403 2.11 
405 2.21 
407 2.36 
409 2.82 
411 2.35 
413 1.66 
415 1.49 
417 1.52 
419 1.34 
420 0.42 
420 0.05 
420 0.05 
420 0.04 
422 2.09 
424 2.18 
426 2.23 
428 2.05 
430 1.99 
431 1.57 
433 1.53 
435 1.25 
437 1.75 
439 1.66 
441 2.03 
443 2.11 
445 2.14 
447 2.04 
449 1.89 
450 0.08 
450 0.05 
450 0.02 
452 2.30 
454 1.64 
456 1.57 
458 1.58 
460 2.27 
462 2.22 
464 2.26 
466 1.79 
468 2.25 
470 1.72 
471 1.64 
473 2.42 
475 1.42 
477 1.83 
479 1.92 
480 0.10 
480 0.05 
480 0.03 
481 1.16 
483 2.93 
485 2.34 
487 2.36 
489 3.06 
491 2.83 
493 2.94 
495 3.15 
497 3.31 
499 2.81 
501 3.04 
503 2.96 
505 2.24 
507 3.17 
509 3.07 
510 0.86 
510 0.10 
510 0.05 
510 0.03 
512 2.44 
514 2.89 
515 2.83 
517 2.86 
519 2.75 
521 3.34 
523 2.77 
525 2.55 
527 2.84 
529 3.04 
531 1.78 
533 1.93 
535 2.70 
537 2.89 
539 1.61 
540 0.91 
540 0.06 
540 0.03 
540 0.07 
541 1.02 
543 2.51 
545 2.93 
547 2.81 
549 3.06 
551 3.08 
553 2.04 
555 2.34 
557 2.94 
559 3.27 
561 2.94 
563 2.75 
565 3.23 
567 2.71 
569 2.47 
570 0.24 
570 0.04 
570 0.07 
572 1.91 
574 3.03 
576 3.19 
577 2.50 
579 1.98 
581 1.78 
583 1.62 
585 1.60 
587 1.36 
588 2.03 
590 2.90 
592 2.97 
594 3.40 
596 2.94 
598 3.15 
600 1.82 
600 0.06 
600 0.02 
600 0.04 
601 0.64 
603 3.20 
605 2.61 
607 3.03 
609 2.92 
611 3.05 
613 2.49 
615 2.52 
617 2.19 
619 2.32 
621 2.95 
623 3.08 
625 2.98 
627 2.62 
629 2.40 
630 1.20 
630 0.03 
630 0.03 
630 0.03 
631 2.15 
633 1.56 
635 1.54 
637 2.94 
639 2.63 
641 2.16 
643 2.38 
645 1.76 
647 2.31 
649 2.56 
650 2.70 
652 3.21 
654 3.10 
656 2.60 
658 2.78 
660 1.57 
660 0.15 
660 0.04 
660 0.06 
661 1.08 
663 2.38 
665 2.58 
667 1.90 
669 2.07 
671 1.82 
673 2.24 
674 2.56 
676 2.44 
678 2.06 
680 2.60 
682 2.62 
684 1.91 
686 2.36 
688 2.13 
690 2.40 
690 0.06 
690 0.03 
690 0.06 
691 1.58 
693 2.34 
695 2.44 
697 2.20 
699 2.89 
701 3.09 
703 2.75 
705 3.09 
707 2.79 
709 2.73 
711 2.63 
713 3.04 
715 3.00 
717 2.45 
719 1.95 
720 0.83 
720 0.07 
720 0.03 
722 2.85 
723 3.20 
725 2.92 
727 3.90 
729 4.03 
731 4.42 
733 3.20 
735 2.92 
737 2.22 
739 2.07 
741 2.31 
742 2.26 
744 2.89 
746 3.40 
748 2.93 
750 3.52 
750 0.03 
750 0.04 
750 0.03 
752 3.68 
754 4.35 
756 3.75 
758 2.82 
760 3.06 
762 3.99 
763 4.13 
765 3.42 
767 2.86 
769 3.23 
771 2.72 
773 2.29 
775 2.71 
777 3.28 
779 3.25 
780 1.27 
780 0.05 
780 0.02 
780 0.06 
781 2.85 
783 3.18 
785 3.69 
787 2.58 
789 2.09 
791 3.10 
793 3.56 
795 3.95 
797 3.90 
798 2.06 
800 2.14 
802 3.27 
804 3.46 
806 4.04 
808 3.13 
810 2.77 
810 0.05 
810 0.06 
810 0.04 
812 2.95 
814 3.69 
815 2.64 
817 2.55 
819 1.42 
821 2.89 
823 2.30 
825 2.81 
827 1.63 
828 1.77 
830 1.89 
832 2.53 
834 1.45 
836 2.04 
838 2.43 
840 4.06 
840 0.06 
840 0.03 
840 0.18 
842 3.09 
844 3.73 
846 4.42 
848 3.99 
850 4.14 
851 4.03 
853 4.06 
855 4.08 
857 4.14 
859 4.23 
861 4.07 
863 3.71 
865 2.22 
867 3.74 
869 4.04 
870 0.02 
870 0.05 
870 0.02 
871 2.63 
873 2.99 
875 3.66 
877 3.71 
879 3.20 
881 1.61 
883 1.31 
885 3.20 
887 3.93 
889 4.13 
891 3.79 
892 3.05 
894 3.49 
896 2.36 
898 1.48 
900 1.17 
900 0.02 
900 0.03 
900 0.05 
902 3.87 
904 4.21 
906 3.27 
907 3.04 
909 2.97 
911 2.08 
913 2.46 
915 3.66 
917 3.75 
919 3.65 
921 3.54 
923 2.68 
925 2.79 
927 2.41 
928 2.10 
930 1.51 
930 0.02 
930 0.05 
930 0.04 
931 2.38 
933 3.95 
935 3.89 
937 4.37 
939 3.11 
941 2.96 
943 2.41 
945 2.12 
946 2.17 
948 3.50 
950 3.76 
952 3.40 
954 3.41 
956 3.31 
958 2.23 
960 3.02 
960 0.03 
960 0.07 
960 0.06 
962 2.73 
963 3.41 
965 3.98 
967 3.26 
969 2.86 
971 3.70 
973 3.52 
975 3.60 
977 4.71 
979 5.32 
981 4.99 
983 4.48 
984 3.57 
986 4.49 
988 4.20 
990 3.08 
990 0.07 
990 0.02 
990 0.04 
991 2.31 
993 2.88 
995 2.97 
997 2.85 
999 2.64 
1001 3.77 
1002 4.10 
1004 4.14 
1006 3.13 
1008 2.72 
1010 3.03 
1012 4.14 
1014 3.69 
1016 3.61 
1017 2.83 
1019 3.19 
1020 0.02 
1020 0.07 
1020 0.04 
1021 2.86 
1023 3.43 
1025 3.47 
1027 4.18 
1029 5.02 
1031 5.25 
1033 5.48 
1035 4.72 
1037 5.15 
1039 3.73 
1041 5.21 
1043 4.96 
1045 4.55 
1047 4.04 
1048 2.98 
1050 2.01 
1050 0.05 
1050 0.03 
1050 0.05 
1051 2.31 
1053 4.85 
1055 4.38 
1057 4.05 
1059 4.80 
1061 4.45 
1063 3.94 
1065 4.04 
1067 4.24 
1069 3.23 
1071 2.46 
1072 2.07 
1074 2.41 
1076 2.34 
1078 2.92 
1080 2.20 
1080 0.03 
1080 0.03 
1080 0.05 
1081 3.36 
1083 2.29 
1085 4.05 
1087 3.89 
1089 3.14 
1091 3.25 
1093 3.70 
1094 3.23 
1096 3.34 
1098 3.72 
1100 4.34 
1102 4.80 
1104 3.58 
1106 4.39 
1108 3.68 
1110 5.19 
1110 0.05 
1110 0.08 
1110 0.03 
1112 2.61 
1114 4.39 
1116 4.21 
1118 4.55 
1119 3.81 
1121 2.41 
1123 4.04 
1125 4.87 
1127 4.89 
1129 4.34 
1131 3.32 
1133 2.79 
1135 2.90 
1136 2.40 
1138 2.28 
1140 3.24 
1140 0.11 
1140 0.04 
1140 0.04 
1141 2.87 
1143 3.28 
1145 4.62 
1147 4.59 
1149 4.67 
1151 3.94 
1153 4.08 
1155 3.97 
1156 2.87 
1158 2.93 
1160 2.84 
1162 3.19 
1164 1.66 
1166 3.22 
1167 3.29 
1169 3.77 
1170 0.02 
1170 0.06 
1170 0.05 
1171 1.95 
1173 3.44 
1175 4.04 
1177 4.53 
1179 4.45 
1181 3.51 
1183 2.93 
1185 3.20 
1186 3.64 
1188 7.01 
1190 3.66 
1192 3.65 
1194 3.60 
1196 3.43 
1198 4.04 
1200 3.82 
1200 0.10 
1200 0.07 
1200 0.14 
1201 1.96 
1203 3.02 
1205 2.68 
1207 3.73 
1209 3.77 
1211 2.85 
1213 2.42 
1214 2.87 
1216 2.90 
1218 3.42 
1220 2.87 
1222 2.90 
1224 2.84 
1226 4.23 
1228 3.62 
1230 3.04 
1230 0.09 
1230 0.05 
1230 0.03 
1231 3.11 
1233 3.38 
1235 4.07 
1237 3.30 
1239 3.68 
1241 3.00 
1243 1.54 
1245 1.20 
1246 1.89 
1248 4.04 
1250 4.20 
1252 3.47 
1254 4.24 
1256 3.73 
1258 1.94 
1260 2.39 
1260 0.05 
1260 0.07 
1260 0.03 
1262 2.60 
1263 3.41 
1265 3.98 
1267 3.86 
1269 3.32 
1271 3.13 
1273 2.83 
1275 2.87 
1277 2.30 
1278 2.36 
1280 2.77 
1282 2.97 
1284 2.57 
1286 2.69 
1288 3.74 
1290 3.48 
1290 0.06 
1290 0.09 
1290 0.06 
1292 4.09 
1294 3.11 
1296 3.26 
1298 3.66 
1299 3.24 
1301 3.29 
1303 3.09 
1305 3.17 
1307 3.53 
1309 3.06 
1311 2.94 
1313 3.14 
1314 3.08 
1316 3.17 
1318 2.96 
1320 2.55 
1320 0.06 
1320 0.03 
1320 0.04 
1322 4.23 
1324 2.96 
1326 3.48 
1328 4.17 
1330 4.28 
1332 4.28 
1334 4.01 
1335 3.24 
1337 2.60 
1339 3.89 
1341 3.93 
1343 3.79 
1345 2.83 
1347 2.47 
1349 1.96 
1350 0.76 
1350 0.03 
1350 0.09 
1351 3.16 
1353 3.88 
1355 3.05 
1357 1.74 
1359 1.49 
1361 2.01 
1363 3.39 
1365 3.27 
1367 4.21 
1369 3.78 
1370 3.28 
1372 3.79 
1374 4.30 
1376 3.70 
1378 3.88 
1380 2.83 
1380 0.06 
1380 0.03 
1380 0.04 
1381 3.17 
1383 3.42 
1385 3.66 
1387 3.13 
1389 2.70 
1391 2.82 
1393 2.17 
1395 1.76 
1396 3.12 
1398 2.74 
1400 3.70 
1402 3.42 
1404 3.69 
1406 3.79 
1408 3.00 
1410 2.79 
1410 0.04 
1410 0.06 
1410 0.05 
1412 4.24 
1414 3.12 
1416 3.19 
1417 3.41 
1419 3.50 
1421 3.17 
1423 4.01 
1425 3.69 
1427 4.01 
1429 3.10 
1431 4.16 
1433 3.05 
1435 2.12 
1437 1.90 
1438 2.40 
1440 2.16 
1440 0.03 
1440 0.04 
1440 0.06 
1441 2.94 
1443 3.45 
1445 2.52 
1447 2.20 
1449 2.36 
1451 2.46 
1453 3.17 
1455 3.18 
1457 2.82 
1459 2.75 
1461 3.15 
1463 2.38 
1465 2.95 
1467 2.67 
1469 2.59 
1470 0.74 
1470 0.09 
1470 0.07 
1470 0.03 
1471 3.05 
1473 3.22 
1475 3.06 
1477 2.99 
1479 3.44 
1481 3.24 
1483 3.26 
1485 2.81 
1487 2.38 
1489 2.42 
1491 2.75 
1493 2.75 
1495 3.05 
1497 3.35 
1499 2.49 
1500 0.52 
1500 0.04 
1500 0.04 
1501 2.81 
1503 2.90 
1505 3.04 
1507 3.37 
1509 3.10 
1511 3.14 
1513 2.52 
1515 3.08 
1517 2.34 
1519 2.26 
1521 2.26 
1523 2.45 
1525 1.95 
1526 1.66 
1528 1.40 
1530 1.35 
1530 0.03 
1530 0.05 
1530 0.05 
1532 3.21 
1534 3.28 
1536 2.78 
1538 2.08 
1540 2.78 
1542 3.36 
1544 3.05 
1546 3.03 
1548 2.94 
1550 3.25 
1552 2.61 
1553 2.45 
1555 2.63 
1557 1.65 
1559 1.73 
1560 0.10 
1560 0.03 
1560 0.03 
1561 2.02 
1563 2.61 
1565 2.69 
1567 2.52 
1569 1.82 
1571 1.95 
1572 2.24 
1574 2.18 
1576 2.68 
1578 3.14 
1580 3.08 
1582 2.97 
1584 2.65 
1586 1.95 
1588 2.46 
1590 2.19 
1590 0.07 
1590 0.08 
1590 0.04 
1592 3.36 
1594 3.24 
1595 2.53 
1597 2.31 
1599 2.01 
1601 2.93 
1603 3.13 
1605 2.90 
1607 2.36 
1609 2.31 
1611 2.52 
1613 2.66 
1615 2.20 
1616 2.29 
1618 2.49 
1620 1.69 
1620 0.03 
1620 0.02 
1620 0.06 
1621 2.68 
1623 3.00 
1625 3.11 
1627 3.28 
1629 3.24 
1631 3.19 
1633 3.11 
1635 3.08 
1637 2.32 
1639 2.39 
1641 2.42 
1643 1.61 
1644 1.54 
1646 2.01 
1648 3.02 
1650 1.64 
1650 0.07 
1650 0.04 
1650 0.05 
1651 2.85 
1653 3.10 
1655 2.95 
1657 2.34 
1659 2.66 
1661 3.06 
1663 3.27 
1665 3.01 
1667 2.92 
1669 3.18 
1671 2.84 
1673 3.18 
1675 2.94 
1677 3.25 
1679 3.33 
1680 0.04 
1680 0.02 
1680 0.04 
1682 1.99 
1684 1.76 
1686 1.83 
1688 1.71 
1690 2.23 
1692 2.26 
1694 2.37 
1696 2.23 
1698 2.25 
1700 1.98 
1702 1.81 
1704 1.54 
1705 1.55 
1707 1.93 
1709 2.08 
1710 0.06 
1710 0.07 
1710 0.04 
1712 2.32 
1714 2.12 
1716 2.34 
1718 2.17 
1720 2.26 
1722 1.90 
1724 1.81 
1726 1.70 
1728 1.84 
1730 1.94 
1731 1.82 
1733 1.94 
1735 2.23 
1737 1.54 
1739 1.93 
1740 0.02 
1740 0.05 
1740 0.05 
1741 1.65 
1743 1.12 
1745 2.32 
1747 2.11 
1749 1.63 
1751 1.32 
1753 1.27 
1755 1.83 
1757 1.64 
1759 2.31 
1761 2.14 
1763 2.40 
1765 2.23 
1767 2.18 
1769 1.99 
1770 1.25 
1770 0.02 
1770 0.04 
1770 0.04 
1771 1.80 
1773 2.28 
1775 2.42 
1777 2.31 
1779 2.29 
1781 2.22 
1783 1.65 
1785 1.83 
1787 1.76 
1789 2.22 
1791 2.28 
1793 2.37 
1795 2.17 
1797 2.39 
1799 2.19 
1800 0.31 
1800 0.06 
1800 0.02 
1802 1.96 
1804 1.68 
1805 1.37 
1807 1.61 
1809 1.80 
1811 2.51 
1813 2.55 
1815 2.45 
1817 2.08 
1819 2.58 
1821 2.54 
1823 2.55 
1825 1.92 
1827 2.32 
1829 2.12 
1830 0.04 
1830 0.04 
1830 0.07 
1831 2.30 
1833 2.38 
1835 2.38 
1837 2.53 
1839 1.77 
1841 1.64 
1843 1.37 
1845 1.92 
1847 1.66 
1849 2.24 
1851 2.29 
1853 2.24 
1855 1.55 
1856 2.15 
1858 1.71 
1860 1.14 
1860 0.05 
1860 0.14 
1860 0.04 
1861 2.21 
1863 2.33 
1865 2.28 
1867 2.08 
1869 1.79 
1871 1.89 
1873 2.13 
1875 1.99 
1877 1.63 
1879 1.68 
1880 1.72 
1882 2.14 
1884 1.61 
1886 1.74 
1888 1.45 
1890 1.44 
1890 0.12 
1890 0.05 
1890 0.04 
1892 2.66 
1894 2.24 
1896 2.43 
1898 2.33 
1900 2.60 
1902 2.49 
1904 2.22 
1906 2.23 
1908 1.83 
1910 1.91 
1912 1.94 
1913 1.64 
1915 2.06 
1917 2.22 
1919 2.21 
1920 0.02 
1920 0.05 
1920 0.13 
1921 1.75 
1923 1.47 
1925 1.50 
1927 1.46 
1929 1.46 
1931 1.57 
1933 1.36 
1935 1.60 
1937 1.33 
1939 1.38 
1941 0.88 
1943 1.27 
1945 0.90 
1947 1.54 
1949 1.50 
1950 0.02 
1950 0.06 
1950 0.06 
1951 1.64 
1953 1.67 
1955 1.78 
1957 1.55 
1959 1.37 
1961 1.07 
1963 1.12 
1965 1.33 
1967 1.40 
1969 1.24 
1971 1.17 
1973 1.14 
1975 1.09 
1977 1.40 
1979 1.59 
1980 0.04 
1980 0.04 
1980 0.05 
1982 1.07 
1984 1.02 
1986 1.28 
1988 1.47 
1990 1.45 
1992 1.35 
1994 1.02 
1996 1.14 
1998 1.03 
2000 1.47 
2002 1.63 
2004 1.57 
2006 1.62 
2008 1.43 
2010 1.46 
2010 0.03 
2010 0.05 
2010 0.07 
2012 1.44 
2014 1.56 
2016 1.44 
2018 1.58 
2020 1.53 
2022 1.48 
2024 1.51 
2026 1.52 
2028 1.56 
2030 1.48 
2032 1.30 
2034 1.37 
2036 1.34 
2038 1.39 
2040 1.49 
2040 0.03 
2040 0.08 
2040 0.07 
2042 1.62 
2043 0.93 
2045 1.27 
2047 1.32 
2049 1.31 
2051 1.21 
2053 1.10 
2055 1.03 
2057 1.21 
2059 1.29 
2061 1.53 
2063 1.38 
2065 0.94 
2067 1.09 
2069 1.35 
2070 0.03 
2070 0.05 
2070 0.08 
2072 1.74 
2074 1.60 
2076 1.42 
2078 1.44 
2080 1.54 
2082 1.48 
2084 1.67 
2086 1.64 
2088 1.40 
2090 1.58 
2092 1.79 
2094 1.33 
2096 1.48 
2098 1.13 
2100 1.68 
2100 0.04 
2100 0.03 
2100 0.06 
2102 1.36 
2104 1.54 
2106 1.50 
2108 1.05 
2110 0.90 
2112 1.25 
2114 1.57 
2116 1.39 
2118 1.56 
2120 1.01 
2122 0.87 
2124 1.28 
2126 1.73 
2128 1.56 
2130 1.05 
2130 0.05 
2130 0.09 
2130 0.05 
2131 1.45 
2133 1.49 
2135 1.42 
2137 1.45 
2139 1.39 
2141 1.39 
2143 1.61 
2145 1.61 
2147 1.61 
2149 1.67 
2151 1.48 
2153 1.44 
2155 1.41 
2157 1.45 
2159 1.33 
2160 0.02 
2160 0.03 
2160 0.02 
2161 2.18 
2163 1.74 
2165 1.77 
2167 1.67 
2169 2.27 
2171 2.56 
2173 2.18 
2175 2.12 
2177 2.35 
2179 2.28 
2181 2.43 
2183 2.00 
2185 1.48 
2186 1.54 
2188 1.85 
2190 1.44 
2190 0.05 
2190 0.05 
2190 0.03 
2191 2.67 
2193 2.42 
2195 2.38 
2197 1.94 
2199 1.62 
2201 2.23 
2203 2.29 
2205 2.29 
2207 2.23 
2209 2.23 
2211 2.29 
2213 2.22 
2215 2.21 
2217 2.46 
2219 2.42 
2220 0.02 
2220 0.06 
2220 0.08 
2221 1.79 
2223 2.48 
2225 1.64 
2227 2.01 
2229 1.96 
2231 1.78 
2233 1.72 
2235 1.56 
2237 2.15 
2239 2.19 
2241 2.50 
2243 2.33 
2245 2.18 
2247 2.29 
2249 2.28 
2250 0.98 
2250 0.09 
2250 0.06 
2250 0.05 
2252 2.53 
2253 2.39 
2255 2.54 
2257 2.25 
2259 2.47 
2261 2.35 
2263 1.83 
2265 1.55 
2267 1.39 
2269 2.05 
2271 1.92 
2273 2.55 
2275 1.79 
2277 1.41 
2279 1.85 
2280 0.53 
2280 0.04 
2280 0.06 
2282 2.52 
2284 2.33 
2286 2.67 
2288 2.39 
2290 2.24 
2292 2.46 
2294 2.26 
2296 2.45 
2298 2.15 
2300 2.30 
2301 1.88 
2303 1.57 
2305 2.01 
2307 1.78 
2309 1.90 
2310 0.21 
2310 0.04 
2310 0.06 
2312 1.82 
2314 2.05 
2316 2.37 
2318 2.25 
2320 1.04 
2322 1.25 
2323 1.52 
2325 1.48 
2327 1.44 
2329 2.46 
2331 2.50 
2333 2.46 
2335 2.48 
2337 1.82 
2339 2.11 
2340 0.05 
2340 0.07 
2340 0.06 
2342 1.99 
2344 2.43 
2346 1.88 
2348 2.45 
2350 2.31 
2352 2.27 
2354 1.97 
2356 1.93 
2358 2.33 
2360 2.29 
2362 2.26 
2364 1.68 
2366 1.72 
2368 1.63 
2370 1.87 
2370 0.04 
2370 0.08 
2370 0.03 
2372 2.49 
2374 2.28 
2376 2.36 
2378 2.15 
2380 2.37 
2382 2.43 
2384 2.34 
2386 2.39 
2388 2.31 
2389 1.78 
2391 1.73 
2393 1.76 
2395 1.75 
2397 1.44 
2399 1.81 
2400 0.22 
2400 0.04 
2400 0.02 
2402 3.40 
2404 3.08 
2405 3.10 
2407 3.35 
2409 3.10 
2411 3.11 
2413 2.57 
2415 2.39 
2417 1.84 
2419 3.17 
2421 3.44 
2423 2.34 
2425 2.17 
2427 3.24 
2429 2.56 
2430 0.84 
2430 0.05 
2430 0.03 
2430 0.04 
2432 3.03 
2434 3.20 
2436 2.96 
2438 3.27 
2440 2.95 
2441 2.13 
2443 2.23 
2445 3.27 
2447 3.11 
2449 3.41 
2451 2.49 
2453 1.97 
2455 2.12 
2457 3.16 
2459 2.57 
2460 0.16 
2460 0.05 
2460 0.03 
2462 1.58 
2463 1.68 
2465 2.41 
2467 2.86 
2469 3.33 
2471 3.09 
2473 3.16 
2475 3.41 
2477 2.85 
2479 1.96 
2481 1.81 
2483 1.44 
2484 1.34 
2486 1.41 
2488 1.67 
2490 1.89 
2490 0.03 
2490 0.04 
2490 0.04 
2491 1.82 
2493 2.29 
2495 2.16 
2497 2.20 
2499 2.76 
2501 3.24 
2503 3.03 
2505 3.15 
2506 2.14 
2508 2.37 
2510 2.26 
2512 2.50 
2514 2.81 
2516 3.42 
2518 2.05 
2520 2.95 
2520 0.04 
2520 0.04 
2520 0.05 
2522 3.74 
2524 3.24 
2526 2.78 
2527 1.49 
2529 1.85 
2531 2.50 
2533 1.52 
2535 1.94 
2537 2.45 
2539 2.53 
2541 1.82 
2543 3.28 
2545 3.07 
2546 2.21 
2548 1.53 
2550 1.06 
2550 0.07 
2550 0.03 
2550 0.04 
2552 2.19 
2554 3.39 
2556 2.22 
2558 2.45 
2560 3.23 
2562 3.34 
2564 3.03 
2566 3.30 
2568 2.80 
2569 1.98 
2571 2.09 
2573 1.68 
2575 1.75 
2577 1.79 
2579 1.82 
2580 0.55 
2580 0.05 
2580 0.03 
2581 2.88 
2583 3.30 
2585 3.34 
2587 2.43 
2589 2.09 
2591 2.38 
2593 2.73 
2595 2.03 
2597 2.25 
2599 1.97 
2600 2.41 
2602 2.33 
2604 1.88 
2606 3.17 
2608 2.39 
2610 2.28 
2610 0.05 
2610 0.05 
2610 0.04 
2612 3.10 
2614 3.38 
2616 3.29 
2618 2.23 
2619 2.33 
2621 2.43 
2623 3.15 
2625 3.10 
2627 3.06 
2629 2.98 
2631 2.80 
2633 3.23 
2635 2.85 
2637 2.97 
2639 3.21 
2640 0.03 
2640 0.02 
2640 0.04 
2641 2.27 
2643 3.36 
2645 4.10 
2647 4.06 
2649 4.30 
2651 3.70 
2653 1.25 
2655 2.11 
2656 3.12 
2658 2.99 
2660 3.67 
2662 3.61 
2664 4.39 
2666 4.13 
2668 3.92 
2670 2.72 
2670 0.06 
2670 0.04 
2670 0.03 
2671 2.14 
2673 3.52 
2675 3.35 
2677 3.21 
2679 3.39 
2681 3.03 
2683 2.87 
2684 2.87 
2686 2.38 
2688 2.34 
2690 2.28 
2692 2.09 
2694 2.96 
2696 2.80 
2697 3.31 
2699 2.74 
2700 0.06 
2700 0.06 
2700 0.07 
2701 1.34 
2703 3.14 
2705 3.13 
2707 3.87 
2709 3.78 
2711 3.33 
2713 2.69 
2714 2.95 
2716 3.32 
2718 3.07 
2720 3.17 
2722 4.04 
2724 3.49 
2726 3.25 
2728 3.28 
2730 3.27 
2730 0.05 
2730 0.03 
2730 0.04 
2731 2.14 
2733 2.94 
2735 2.32 
2737 2.21 
2739 3.95 
2741 4.19 
2743 4.13 
2745 3.16 
2747 3.47 
2749 1.79 
2750 2.33 
2752 2.92 
2754 3.99 
2756 4.28 
2758 4.01 
2760 3.00 
2760 0.03 
2760 0.06 
2760 0.05 
2761 2.80 
2763 2.22 
2765 2.54 
2767 2.71 
2769 3.05 
2771 4.02 
2772 3.76 
2774 2.85 
2776 3.38 
2778 2.96 
2780 2.27 
2782 2.01 
2784 3.15 
2786 3.02 
2788 4.12 
2789 2.95 
2790 0.03 
2790 0.04 
2790 0.07 
2791 2.11 
2793 3.77 
2795 3.83 
2797 2.55 
2799 2.98 
2801 2.83 
2803 2.92 
2805 4.13 
2807 2.20 
2808 3.28 
2810 2.81 
2812 2.57 
2814 2.16 
2816 2.35 
2818 2.91 
2820 2.97 
2820 0.08 
2820 0.04 
2820 0.04 
2821 2.84 
2823 3.01 
2825 3.46 
2827 3.29 
2829 3.87 
2831 2.58 
2833 3.19 
2835 4.12 
2836 3.01 
2838 2.11 
2840 2.44 
2842 1.87 
2844 2.97 
2846 2.67 
2848 2.97 
2849 3.08 
2850 0.03 
2850 0.04 
2850 0.07 
2851 1.53 
2853 3.83 
2855 4.16 
2857 2.60 
2859 2.13 
2861 3.70 
2863 4.21 
2865 2.69 
2867 2.72 
2869 3.34 
2871 3.39 
2873 2.31 
2874 2.01 
2876 3.02 
2878 2.60 
2880 2.89 
2880 0.03 
2880 0.08 
2880 0.07 
2882 2.64 
2883 2.69 
2885 3.68 
2887 2.95 
2889 2.62 
2891 4.24 
2893 3.80 
2895 4.40 
2897 4.29 
2899 4.89 
2900 3.67 
2902 2.45 
2904 2.74 
2906 3.75 
2908 3.77 
2910 4.52 
2910 0.05 
2910 0.04 
2910 0.05 
2912 3.65 
2913 3.16 
2915 2.95 
2917 2.83 
2919 3.88 
2921 3.87 
2923 3.70 
2925 2.56 
2927 2.80 
2928 3.54 
2930 4.58 
2932 4.74 
2934 2.33 
2936 2.46 
2938 3.58 
2940 3.22 
2940 0.03 
2940 0.03 
2940 0.03 
2941 1.72 
2943 4.27 
2945 4.49 
2947 4.81 
2949 4.80 
2951 2.89 
2953 2.39 
2955 4.61 
2957 4.59 
2959 3.80 
2961 3.61 
2962 2.37 
2964 3.12 
2966 2.99 
2968 3.18 
2970 3.11 
2970 0.04 
2970 0.02 
2970 0.05 
2972 4.07 
2973 2.89 
2975 4.27 
2977 3.15 
2979 3.90 
2981 3.48 
2983 4.05 
2985 3.71 
2987 3.40 
2988 3.97 
2990 4.06 
2992 3.83 
2994 2.99 
2996 3.60 
2998 4.23 
3000 2.20 
3000 0.03 
3000 0.06 
3000 0.05 
3002 3.84 
3004 4.21 
3006 2.84 
3007 2.90 
3009 2.62 
3011 2.74 
3013 2.73 
3015 2.28 
3017 2.63 
3018 3.74 
3020 5.25 
3022 3.17 
3024 2.55 
3026 4.28 
3028 4.69 
3030 4.86 
3030 0.08 
3030 0.03 
3030 0.04 
3032 2.73 
3034 3.46 
3035 3.32 
3037 3.73 
3039 2.21 
3041 4.59 
3043 3.93 
3045 3.99 
3047 3.76 
3049 4.23 
3051 2.30 
3052 2.48 
3054 3.48 
3056 5.02 
3058 5.12 
3060 1.80 
3060 0.04 
3060 0.04 
3060 0.06 
3062 4.23 
3064 3.75 
3065 3.45 
3067 3.97 
3069 3.49 
3071 3.51 
3073 3.86 
3075 3.55 
3077 3.56 
3078 2.53 
3080 2.43 
3082 3.47 
3084 3.67 
3086 3.50 
3088 3.56 
3089 3.59 
3090 0.04 
3090 0.05 
3090 0.04 
3091 2.02 
3093 4.56 
3095 4.13 
3097 4.42 
3099 4.82 
3101 3.02 
3103 2.68 
3104 4.17 
3106 3.33 
3108 3.46 
3110 4.51 
3112 4.22 
3114 2.31 
3116 1.99 
3118 2.43 
3120 3.55 
3120 0.04 
3120 0.08 
3120 0.05 
3121 1.73 
3123 3.97 
3125 3.01 
3127 3.73 
3129 2.94 
3131 3.19 
3133 3.41 
3135 3.00 
3137 3.69 
3139 2.94 
3141 2.97 
3143 2.69 
3144 2.63 
3146 2.68 
3148 2.77 
3150 2.48 
3150 0.02 
3150 0.02 
3150 0.08 
3151 1.83 
3153 3.24 
3155 3.75 
3157 3.95 
3159 4.05 
3161 3.97 
3163 3.25 
3164 3.27 
3166 3.33 
3168 2.27 
3170 2.49 
3172 2.91 
3174 2.83 
3176 3.53 
3178 2.97 
3179 2.79 
3180 0.03 
3180 0.15 
3180 0.09 
3181 2.71 
3183 3.72 
3185 2.93 
3187 2.49 
3189 3.06 
3191 3.83 
3193 3.30 
3195 3.20 
3196 2.86 
3198 2.80 
3200 3.18 
3202 2.65 
3204 2.88 
3206 3.16 
3208 3.03 
3210 2.33 
3210 0.04 
3210 0.02 
3210 0.05 
3211 2.99 
3213 3.58 
3215 4.18 
3217 4.48 
3219 4.04 
3221 3.84 
3223 3.81 
3225 3.81 
3227 4.17 
3229 3.30 
3231 3.03 
3233 2.60 
3235 2.58 
3237 3.22 
3238 4.07 
3240 2.10 
3240 0.04 
3240 0.03 
3240 0.04 
3241 1.95 
3243 2.43 
3245 1.60 
3247 2.72 
3249 4.08 
3251 3.62 
3252 3.22 
3254 2.95 
3256 2.82 
3258 2.79 
3260 2.44 
3262 1.92 
3264 1.62 
3265 2.16 
3267 1.82 
3269 2.80 
3270 0.04 
3270 0.06 
3270 0.03 
3272 3.73 
3274 3.48 
3276 3.37 
3278 3.89 
3280 4.02 
3282 3.73 
3284 4.29 
3285 2.57 
3287 3.08 
3289 3.07 
3291 3.17 
3293 2.99 
3295 3.40 
3297 4.06 
3299 3.78 
3300 0.76 
3300 0.03 
3300 0.02 
3302 4.25 
3304 3.36 
3306 3.97 
3308 3.88 
3309 4.19 
3311 2.88 
3313 3.42 
3315 2.35 
3317 2.53 
3319 2.13 
3321 3.03 
3322 2.96 
3324 3.65 
3326 3.51 
3328 3.32 
3330 2.47 
3330 0.10 
3330 0.06 
3330 0.08 
3332 3.83 
3334 3.90 
3336 3.82 
3338 2.95 
3339 3.78 
3341 2.52 
3343 2.95 
3345 2.88 
3347 2.64 
3349 2.48 
3350 2.63 
3352 3.46 
3354 3.49 
3356 3.08 
3358 2.98 
3360 3.20 
3360 0.05 
3360 0.07 
3360 0.05 
3361 2.16 
3363 3.24 
3365 3.07 
3367 3.20 
3369 2.47 
3371 2.61 
3373 2.15 
3375 2.55 
3377 2.90 
3378 2.60 
3380 2.45 
3382 2.30 
3384 2.33 
3386 2.82 
3388 2.33 
3390 2.36 
3390 0.08 
3390 0.03 
3390 0.08 
3392 2.57 
3393 2.86 
3395 2.48 
3397 2.98 
3399 2.69 
3401 2.50 
3403 2.32 
3405 1.85 
3407 2.07 
3408 1.57 
3410 1.55 
3412 3.18 
3414 3.10 
3416 3.54 
3418 3.26 
3420 2.82 
3420 0.08 
3420 0.15 
3420 0.04 
3422 3.08 
3424 3.04 
3426 3.28 
3428 3.41 
3430 3.16 
3432 3.41 
3434 2.54 
3436 2.78 
3438 2.74 
3440 3.12 
3442 3.06 
3444 3.35 
3445 2.97 
3447 2.65 
3449 2.70 
3450 0.05 
3450 0.04 
3450 0.04 
3451 2.73 
3453 3.25 
3455 2.75 
3457 2.68 
3459 2.00 
3461 2.05 
3463 1.48 
3464 1.81 
3466 2.16 
3468 2.06 
3470 1.43 
3472 3.15 
3474 3.11 
3476 3.66 
3478 3.06 
3480 2.15 
3480 0.02 
3480 0.06 
3480 0.05 
3482 3.48 
3484 3.47 
3486 2.51 
3488 2.85 
3490 3.01 
3492 3.09 
3493 2.74 
3495 2.70 
3497 2.11 
3499 2.14 
3501 2.66 
3503 3.21 
3505 1.43 
3507 1.84 
3509 1.74 
3510 1.24 
3510 0.08 
3510 0.09 
3510 0.05 
3511 2.36 
3513 2.54 
3515 3.23 
3517 2.88 
3519 2.57 
3521 2.06 
3523 3.17 
3525 3.46 
3527 2.56 
3528 2.27 
3530 3.53 
3532 2.40 
3534 2.55 
3536 2.05 
3538 2.14 
3540 2.63 
3540 0.08 
3540 0.07 
3540 0.05 
3542 3.50 
3544 3.00 
3546 2.68 
3547 2.31 
3549 3.51 
3551 3.02 
3553 3.23 
3555 2.87 
3557 3.20 
3559 1.97 
3561 3.42 
3563 2.68 
3565 2.41 
3567 2.22 
3569 2.73 
3570 0.24 
3570 0.09 
3570 0.07 
3572 1.91 
3573 2.18 
3575 1.97 
3577 2.46 
3579 2.23 
3581 2.48 
3583 2.12 
3585 2.81 
3587 3.26 
3589 2.27 
3590 2.39 
3592 2.24 
3594 2.81 
3596 2.79 
3598 2.86 
3600 2.92 
3600 0.05 
3600 0.07 
3600 0.05 
3602 2.13 
3604 2.54 
3606 2.18 
3608 1.49 
3610 1.42 
3612 0.93 
3614 2.39 
3616 2.11 
3618 2.48 
3620 2.43 
3622 2.55 
3624 2.29 
3626 2.48 
3627 2.46 
3629 1.60 
3630 0.14 
