30 0.00 
90 0.00 
90 0.00 
120 0.00 
120 0.00 
150 0.00 
240 0.00 
240 0.00 
240 0.00 
300 0.00 
780 0.00 
810 0.00 
810 0.00 
810 0.00 
840 0.00 
840 0.00 
840 0.00 
870 0.00 
900 0.00 
900 0.00 
990 0.00 
990 0.00 
990 0.00 
1050 0.00 
1080 0.00 
1080 0.00 
1080 0.00 
1110 0.00 
1170 0.00 
1200 0.00 
1200 0.00 
1200 0.00 
1200 0.00 
1230 0.00 
1230 0.00 
1230 0.00 
1290 0.00 
1290 0.00 
1290 0.00 
1350 0.00 
1380 0.00 
1380 0.00 
1380 0.00 
1410 0.00 
1410 0.00 
1410 0.00 
1440 0.00 
1590 0.00 
1830 0.00 
1830 0.00 
1860 0.00 
1860 0.00 
1950 0.00 
1980 0.00 
2010 0.00 
2010 0.00 
2010 0.00 
2070 0.00 
2070 0.00 
2070 0.00 
2100 0.00 
2100 0.00 
2130 0.00 
2160 0.00 
2160 0.00 
2190 0.00 
2310 0.00 
2310 0.00 
2310 0.00 
2490 0.00 
2490 0.00 
2520 0.00 
2550 0.00 
2550 0.00 
2700 0.00 
2700 0.00 
2700 0.00 
2760 0.00 
2760 0.00 
2790 0.00 
2790 0.00 
2790 0.00 
2790 0.00 
2910 0.00 
2910 0.00 
2910 0.00 
2940 0.00 
3030 0.00 
3060 0.00 
3060 0.00 
3060 0.00 
3060 0.00 
3150 0.00 
3150 0.00 
3150 0.00 
3240 0.00 
3300 0.00 
3330 0.00 
3420 0.00 
