1 1.34 
3 1.29 
5 1.27 
7 1.39 
9 1.38 
11 1.38 
13 1.56 
15 1.61 
17 1.66 
19 1.58 
21 1.39 
23 1.41 
25 1.45 
27 1.78 
29 1.44 
30 0.04 
30 0.03 
30 0.04 
31 1.12 
33 1.57 
35 0.91 
37 1.17 
39 1.43 
41 1.31 
43 1.22 
45 1.55 
47 1.40 
49 1.02 
51 1.08 
53 1.01 
55 1.39 
57 1.29 
59 1.18 
60 0.42 
60 0.06 
60 0.02 
62 1.13 
64 1.52 
66 1.29 
68 1.45 
70 1.57 
72 1.53 
74 1.75 
76 1.41 
78 1.63 
80 1.49 
82 1.55 
84 1.48 
86 1.68 
88 1.35 
90 1.23 
90 0.03 
90 0.07 
90 0.06 
92 1.67 
94 1.35 
96 1.57 
98 1.54 
100 1.69 
102 1.48 
104 1.72 
106 1.43 
108 1.43 
110 1.36 
112 1.66 
114 1.38 
116 1.52 
118 1.92 
120 1.44 
120 0.05 
120 0.08 
120 0.04 
121 1.59 
123 1.05 
125 1.66 
127 1.58 
129 1.55 
131 1.43 
133 1.40 
135 1.31 
137 1.02 
139 1.04 
141 1.19 
143 1.30 
145 1.53 
147 1.51 
149 1.63 
150 0.04 
150 0.03 
150 0.03 
152 1.34 
154 1.31 
156 0.86 
158 1.02 
160 0.91 
161 1.29 
163 1.36 
165 1.30 
167 1.52 
169 1.48 
171 1.47 
173 1.40 
175 1.59 
177 1.67 
179 1.66 
180 0.04 
180 0.03 
180 0.03 
181 1.56 
183 1.52 
185 1.57 
187 1.51 
189 1.51 
191 1.42 
193 1.14 
195 1.28 
197 1.66 
199 1.20 
201 1.65 
203 1.46 
205 1.41 
207 1.45 
209 1.41 
210 0.20 
210 0.06 
210 0.04 
212 1.54 
214 1.54 
216 1.24 
217 1.12 
219 1.45 
221 1.45 
223 1.42 
225 1.47 
227 1.66 
229 1.43 
231 1.49 
233 1.78 
235 1.56 
237 1.33 
239 1.17 
240 0.10 
240 0.05 
240 0.03 
241 1.64 
243 1.76 
245 2.45 
247 2.28 
249 2.49 
251 2.29 
253 2.35 
255 2.13 
257 2.13 
259 2.28 
261 2.13 
263 2.19 
265 2.37 
267 2.28 
269 1.89 
270 0.02 
270 0.05 
270 0.04 
271 1.67 
273 2.28 
275 1.76 
277 1.59 
279 1.66 
281 2.51 
283 2.37 
285 2.58 
287 2.83 
289 2.13 
291 2.40 
293 2.09 
295 2.50 
297 1.84 
299 1.96 
300 0.66 
300 0.06 
300 0.03 
300 0.04 
301 2.40 
303 1.51 
305 1.73 
307 2.47 
309 2.76 
311 2.24 
313 1.80 
315 1.77 
317 1.76 
319 1.65 
321 2.06 
323 1.74 
325 2.33 
327 2.23 
329 2.58 
330 0.50 
330 0.02 
330 0.03 
331 2.58 
333 2.33 
335 2.37 
337 2.29 
339 2.57 
341 1.42 
343 1.47 
345 1.19 
347 1.31 
349 1.89 
351 1.95 
353 2.13 
355 1.89 
357 2.07 
359 2.21 
360 0.59 
360 0.02 
360 0.02 
362 2.35 
364 2.23 
366 2.76 
368 2.11 
369 1.61 
371 2.40 
373 2.10 
375 1.95 
377 2.04 
379 2.18 
381 2.38 
383 2.27 
385 2.28 
387 2.25 
389 2.27 
390 0.03 
390 0.02 
390 0.03 
391 2.43 
393 2.40 
395 2.38 
397 2.68 
399 1.73 
401 1.79 
403 1.71 
405 2.04 
407 1.72 
409 2.32 
411 2.35 
413 1.96 
415 2.00 
417 1.69 
419 1.80 
420 0.91 
420 0.07 
420 0.04 
420 0.04 
421 2.54 
423 2.23 
425 2.83 
427 2.30 
429 2.55 
431 2.53 
433 2.59 
435 2.31 
437 2.44 
439 2.39 
441 2.15 
443 2.31 
445 2.77 
447 2.38 
449 2.24 
450 0.06 
450 0.05 
450 0.05 
451 2.36 
453 2.53 
455 2.43 
457 1.61 
459 0.97 
461 1.07 
463 1.95 
465 2.39 
467 2.16 
469 2.12 
471 2.26 
473 1.38 
475 1.21 
477 1.87 
479 1.67 
480 0.81 
480 0.03 
480 0.04 
480 0.04 
481 3.03 
483 3.35 
485 3.12 
487 2.16 
489 2.46 
491 3.18 
493 3.30 
495 3.18 
497 3.36 
499 2.58 
501 3.19 
503 3.05 
505 3.31 
507 2.53 
509 2.43 
510 0.74 
510 0.05 
510 0.13 
510 0.06 
512 3.33 
514 2.13 
515 1.13 
517 1.40 
519 3.17 
521 3.20 
523 3.11 
525 2.64 
527 1.81 
529 1.99 
531 0.98 
532 1.09 
534 1.19 
536 1.78 
538 3.21 
540 2.72 
540 0.05 
540 0.02 
540 0.06 
541 2.47 
543 2.84 
545 3.15 
547 1.96 
549 2.53 
551 2.83 
553 2.99 
555 3.07 
557 3.08 
559 3.19 
561 3.27 
563 3.16 
565 2.98 
567 2.98 
569 2.94 
570 1.49 
570 0.05 
570 0.02 
570 0.05 
571 2.61 
573 1.93 
575 1.99 
577 1.88 
579 2.54 
581 2.59 
583 2.25 
585 2.93 
587 2.98 
589 3.11 
591 2.71 
593 3.08 
594 1.69 
596 2.13 
598 1.73 
600 2.22 
600 0.06 
600 0.06 
600 0.03 
602 3.22 
604 3.16 
606 2.55 
608 2.06 
610 2.87 
611 2.23 
613 2.94 
615 3.10 
617 3.12 
619 3.11 
621 2.76 
623 3.14 
625 3.00 
627 3.04 
629 2.17 
630 0.13 
630 0.07 
630 0.03 
632 2.53 
634 2.55 
636 2.58 
638 3.29 
640 3.30 
642 3.19 
644 3.26 
645 2.60 
647 1.34 
649 2.56 
651 2.99 
653 3.16 
655 3.24 
657 2.57 
659 3.49 
660 0.03 
660 0.05 
660 0.02 
662 2.80 
664 3.06 
665 2.52 
667 3.54 
669 3.27 
671 3.48 
673 3.02 
675 3.08 
677 2.01 
679 2.54 
681 2.33 
683 2.53 
685 3.04 
687 3.21 
689 3.17 
690 0.23 
690 0.02 
690 0.07 
692 3.66 
694 3.15 
695 3.26 
697 3.20 
699 2.16 
701 2.39 
703 2.48 
705 1.77 
707 1.86 
709 2.65 
711 3.25 
713 2.85 
715 2.21 
717 1.70 
718 2.40 
720 1.58 
720 0.04 
720 0.04 
720 0.04 
721 3.53 
723 3.79 
725 3.94 
727 4.15 
729 4.00 
731 4.06 
733 2.88 
735 2.45 
737 2.55 
739 1.90 
741 2.59 
743 3.48 
744 4.13 
746 3.91 
748 4.22 
750 1.75 
750 0.04 
750 0.04 
750 0.06 
751 3.18 
753 2.72 
755 3.40 
757 3.16 
759 4.24 
761 4.33 
763 2.74 
765 1.99 
767 2.05 
768 4.10 
770 2.84 
772 3.01 
774 3.10 
776 3.20 
778 3.09 
780 3.39 
780 0.02 
780 0.02 
780 0.05 
781 3.26 
783 3.54 
785 2.47 
787 3.74 
789 3.25 
791 3.48 
793 4.16 
795 3.18 
796 3.47 
798 3.87 
800 4.02 
802 4.16 
804 2.44 
806 3.26 
808 3.29 
810 3.75 
810 0.06 
810 0.04 
810 0.04 
811 3.25 
813 2.09 
815 3.97 
817 4.07 
819 4.24 
821 3.57 
823 1.72 
825 2.82 
827 3.24 
829 4.05 
830 3.44 
832 2.36 
834 2.52 
836 4.02 
838 3.97 
840 3.28 
840 0.05 
840 0.04 
840 0.05 
842 4.46 
844 3.42 
846 4.10 
848 3.33 
850 4.35 
851 4.12 
853 2.66 
855 2.17 
857 2.16 
859 1.20 
861 1.59 
862 4.35 
864 3.19 
866 4.27 
868 1.49 
870 1.50 
870 0.06 
870 0.04 
870 0.04 
872 4.11 
874 4.34 
875 2.04 
877 2.89 
879 3.10 
881 3.49 
883 3.97 
885 3.64 
887 3.60 
889 3.05 
891 2.63 
892 3.05 
894 3.49 
896 3.04 
898 2.97 
900 2.92 
900 0.03 
900 0.03 
900 0.04 
901 3.01 
903 4.17 
905 3.52 
907 3.90 
909 3.05 
911 3.20 
913 3.81 
915 4.05 
917 4.09 
918 3.36 
920 3.68 
922 4.19 
924 3.77 
926 3.05 
928 3.11 
930 2.29 
930 0.09 
930 0.06 
930 0.05 
932 3.04 
934 2.63 
935 1.71 
937 2.03 
939 4.19 
941 4.60 
943 2.55 
945 1.88 
947 1.64 
949 1.83 
950 2.07 
952 3.36 
954 4.36 
956 4.25 
958 4.16 
960 2.39 
960 0.08 
960 0.03 
960 0.04 
961 2.39 
963 3.81 
965 4.09 
967 5.31 
969 5.06 
971 5.41 
973 5.10 
975 5.00 
977 3.02 
979 3.51 
980 2.79 
982 3.38 
984 3.67 
986 5.05 
988 3.80 
990 2.99 
990 0.03 
990 0.06 
990 0.04 
991 4.22 
993 3.69 
995 2.77 
997 3.17 
999 3.47 
1001 3.42 
1003 3.66 
1004 3.48 
1006 2.70 
1008 2.17 
1010 3.08 
1012 3.79 
1014 4.68 
1016 5.06 
1018 3.25 
1019 3.27 
1020 0.04 
1020 0.04 
1020 0.03 
1021 3.87 
1023 3.90 
1025 3.79 
1027 3.64 
1029 4.77 
1031 4.12 
1032 4.83 
1034 4.47 
1036 3.82 
1038 4.88 
1040 3.75 
1042 3.80 
1044 2.43 
1046 2.70 
1047 3.68 
1049 3.97 
1050 0.02 
1050 0.02 
1050 0.04 
1052 3.37 
1053 3.70 
1055 4.79 
1057 4.40 
1059 3.36 
1061 3.28 
1063 2.68 
1065 2.55 
1067 3.31 
1069 2.94 
1070 2.90 
1072 3.37 
1074 5.10 
1076 4.35 
1078 2.98 
1080 3.05 
1080 0.07 
1080 0.04 
1080 0.04 
1082 2.84 
1083 3.16 
1085 4.12 
1087 3.70 
1089 4.45 
1091 4.40 
1093 3.92 
1094 2.77 
1096 2.86 
1098 3.30 
1100 4.01 
1102 4.35 
1104 4.91 
1106 4.18 
1108 3.56 
1109 2.62 
1110 0.08 
1110 0.03 
1110 0.05 
1111 3.97 
1113 3.97 
1115 3.66 
1117 3.90 
1119 4.90 
1121 5.41 
1123 4.71 
1125 4.51 
1126 3.26 
1128 3.41 
1130 3.56 
1132 4.15 
1134 3.69 
1136 3.65 
1138 3.15 
1139 3.83 
1140 0.08 
1140 0.04 
1140 0.04 
1142 4.83 
1144 4.61 
1146 3.94 
1148 3.66 
1150 3.99 
1151 3.42 
1153 4.78 
1155 3.71 
1157 3.54 
1159 4.48 
1161 2.79 
1163 2.35 
1164 2.47 
1166 2.63 
1168 3.33 
1170 3.88 
1170 0.05 
1170 0.03 
1170 0.05 
1172 5.26 
1174 2.82 
1175 3.73 
1177 3.61 
1179 4.41 
1181 3.72 
1183 4.09 
1185 5.23 
1187 4.77 
1189 4.73 
1191 3.05 
1193 3.58 
1194 3.86 
1196 2.23 
1198 4.76 
1200 3.48 
1200 0.05 
1200 0.19 
1200 0.04 
1202 2.54 
1203 2.69 
1205 2.67 
1207 4.15 
1209 4.16 
1211 3.33 
1213 3.91 
1215 2.73 
1217 3.35 
1219 3.21 
1220 2.23 
1222 3.67 
1224 3.13 
1226 2.64 
1228 2.80 
1230 2.77 
1230 0.02 
1230 0.03 
1230 0.14 
1232 2.75 
1233 3.31 
1235 3.74 
1237 4.17 
1239 4.30 
1241 4.01 
1243 2.56 
1245 2.87 
1247 3.81 
1249 3.43 
1251 2.38 
1252 2.89 
1254 3.68 
1256 4.46 
1258 3.87 
1260 2.21 
1260 0.05 
1260 0.03 
1260 0.03 
1261 2.77 
1263 4.04 
1265 4.42 
1267 4.27 
1269 3.68 
1271 4.16 
1273 3.67 
1275 4.09 
1277 3.16 
1279 3.77 
1280 2.02 
1282 1.98 
1284 2.42 
1286 4.16 
1288 4.27 
1290 1.95 
1290 0.03 
1290 0.04 
1290 0.05 
1291 2.98 
1293 3.62 
1295 3.85 
1297 4.20 
1299 3.82 
1301 3.51 
1303 2.79 
1305 3.73 
1307 3.97 
1309 4.26 
1311 3.62 
1313 3.78 
1315 4.42 
1317 2.90 
1318 3.24 
1320 1.62 
1320 0.06 
1320 0.03 
1320 0.03 
1321 3.27 
1323 3.19 
1325 3.38 
1327 2.20 
1329 3.00 
1331 3.86 
1333 4.13 
1335 3.96 
1337 2.04 
1339 1.73 
1340 3.08 
1342 2.82 
1344 2.91 
1346 3.11 
1348 4.41 
1350 3.69 
1350 0.03 
1350 0.04 
1350 0.06 
1352 3.09 
1354 3.12 
1355 3.11 
1357 3.20 
1359 3.18 
1361 3.05 
1363 2.54 
1365 3.37 
1367 2.75 
1368 3.12 
1370 3.31 
1372 3.78 
1374 2.71 
1376 3.66 
1378 3.13 
1380 2.77 
1380 0.02 
1380 0.04 
1380 0.07 
1382 3.08 
1383 3.16 
1385 3.63 
1387 4.05 
1389 3.81 
1391 4.07 
1393 2.55 
1395 2.12 
1397 3.39 
1399 2.87 
1401 2.30 
1402 2.06 
1404 2.83 
1406 2.90 
1408 2.44 
1410 2.62 
1410 0.04 
1410 0.06 
1410 0.05 
1412 3.74 
1414 3.95 
1416 3.97 
1418 2.90 
1419 3.12 
1421 4.05 
1423 3.95 
1425 2.71 
1427 2.36 
1429 3.03 
1431 2.57 
1433 2.04 
1434 2.01 
1436 1.99 
1438 2.75 
1440 2.94 
1440 0.03 
1440 0.05 
1440 0.04 
1442 2.55 
1444 2.89 
1446 2.93 
1448 3.09 
1450 3.35 
1452 2.44 
1454 1.89 
1455 1.79 
1457 3.17 
1459 2.61 
1461 3.09 
1463 3.14 
1465 3.11 
1467 2.30 
1469 2.55 
1470 0.07 
1470 0.03 
1470 0.04 
1472 3.26 
1474 3.22 
1476 2.84 
1478 3.27 
1480 3.29 
1482 2.96 
1484 2.75 
1485 2.30 
1487 3.07 
1489 2.94 
1491 3.21 
1493 1.94 
1495 2.10 
1497 3.27 
1499 2.35 
1500 0.09 
1500 0.06 
1500 0.10 
1502 3.44 
1504 3.22 
1506 3.30 
1508 3.19 
1510 3.31 
1512 3.01 
1514 3.26 
1516 3.11 
1518 3.24 
1519 2.13 
1521 2.85 
1523 3.10 
1525 2.26 
1527 1.94 
1529 3.17 
1530 0.02 
1530 0.03 
1530 0.03 
1532 3.32 
1534 2.24 
1536 2.38 
1538 2.15 
1540 3.18 
1542 3.04 
1544 3.17 
1545 3.11 
1547 3.01 
1549 2.53 
1551 2.49 
1553 2.55 
1555 3.23 
1557 2.92 
1559 1.82 
1560 0.05 
1560 0.03 
1560 0.04 
1561 2.15 
1563 2.20 
1565 2.12 
1567 2.64 
1569 3.18 
1571 2.77 
1573 2.81 
1574 2.23 
1576 2.18 
1578 2.48 
1580 2.50 
1582 2.07 
1584 2.43 
1586 2.14 
1588 1.55 
1589 2.23 
1590 0.04 
1590 0.03 
1590 0.04 
1591 2.65 
1593 3.19 
1595 2.33 
1597 3.50 
1599 3.50 
1601 3.20 
1603 2.94 
1605 2.95 
1607 2.24 
1609 2.72 
1611 2.48 
1613 1.52 
1615 3.00 
1617 3.18 
1618 2.99 
1620 1.85 
1620 0.04 
1620 0.04 
1620 0.05 
1621 2.36 
1623 2.17 
1625 2.15 
1627 2.14 
1629 2.41 
1631 2.52 
1633 2.38 
1634 2.20 
1636 2.83 
1638 3.06 
1640 2.90 
1642 2.77 
1644 3.13 
1646 2.79 
1648 3.11 
1650 3.00 
1650 0.05 
1650 0.03 
1650 0.04 
1652 3.19 
1654 2.92 
1656 2.34 
1657 2.31 
1659 3.11 
1661 3.17 
1663 3.11 
1665 3.03 
1667 3.03 
1669 2.50 
1671 2.75 
1673 2.47 
1675 2.74 
1677 2.16 
1679 2.95 
1680 0.03 
1680 0.03 
1680 0.05 
1681 1.97 
1683 2.28 
1685 2.13 
1687 1.79 
1689 2.24 
1691 2.35 
1693 2.07 
1695 2.02 
1697 1.83 
1699 2.50 
1701 2.17 
1703 1.86 
1705 1.88 
1706 1.80 
1708 2.42 
1710 1.17 
1710 0.04 
1710 0.04 
1710 0.04 
1711 2.43 
1713 2.48 
1715 1.66 
1717 1.53 
1719 1.85 
1721 2.08 
1723 2.22 
1725 2.09 
1727 2.19 
1729 2.43 
1731 2.02 
1733 2.45 
1735 1.88 
1737 2.03 
1739 2.26 
1740 0.73 
1740 0.03 
1740 0.07 
1742 2.28 
1744 2.44 
1746 2.01 
1748 2.41 
1750 1.87 
1751 1.96 
1753 2.34 
1755 1.87 
1757 1.91 
1759 1.80 
1761 1.89 
1763 2.34 
1765 2.37 
1767 2.28 
1769 1.71 
1770 0.34 
1770 0.04 
1770 0.05 
1772 2.22 
1774 2.21 
1776 2.51 
1778 2.42 
1780 2.53 
1782 2.41 
1784 1.83 
1786 1.87 
1787 1.37 
1789 2.31 
1791 2.30 
1793 2.35 
1795 2.32 
1797 2.49 
1799 2.53 
1800 0.03 
1800 0.09 
1800 0.06 
1801 2.08 
1803 1.92 
1805 1.55 
1807 1.42 
1809 1.78 
1811 1.65 
1812 2.13 
1814 1.97 
1816 2.09 
1818 2.27 
1820 2.26 
1822 2.50 
1824 2.06 
1826 2.45 
1828 2.43 
1830 2.55 
1830 0.14 
1830 0.16 
1830 0.06 
1832 2.92 
1834 2.37 
1836 2.48 
1838 2.45 
1840 2.52 
1842 2.34 
1844 2.29 
1846 1.95 
1848 2.32 
1850 2.35 
1852 2.41 
1854 2.66 
1855 1.92 
1857 2.04 
1859 2.13 
1860 0.04 
1860 0.06 
1860 0.03 
1861 2.44 
1863 2.45 
1865 2.03 
1867 1.93 
1869 2.46 
1871 1.77 
1873 1.80 
1875 2.57 
1877 2.87 
1879 2.36 
1881 2.71 
1883 2.67 
1885 2.64 
1887 2.13 
1889 2.66 
1890 0.40 
1890 0.08 
1890 0.07 
1892 1.92 
1894 2.14 
1896 2.49 
1898 2.55 
1899 1.82 
1901 1.41 
1903 1.06 
1905 1.28 
1907 1.40 
1909 1.67 
1911 2.60 
1913 2.36 
1915 2.55 
1917 2.39 
1919 2.80 
1920 0.83 
1920 0.13 
1920 0.07 
1922 1.69 
1924 1.72 
1926 1.62 
1928 1.59 
1930 1.56 
1932 1.43 
1934 1.42 
1936 1.80 
1938 1.84 
1940 1.72 
1942 1.75 
1944 1.84 
1945 1.25 
1947 1.08 
1949 1.57 
1950 0.08 
1950 0.04 
1950 0.06 
1951 1.42 
1953 1.46 
1955 1.46 
1957 1.64 
1959 1.77 
1961 1.82 
1963 1.58 
1965 1.64 
1967 1.48 
1969 1.47 
1971 1.47 
1973 1.17 
1975 1.40 
1977 1.79 
1979 1.41 
1980 0.54 
1980 0.08 
1980 0.07 
1980 0.04 
1982 1.36 
1984 1.38 
1986 1.68 
1988 1.15 
1990 1.53 
1992 2.03 
1994 1.57 
1996 1.50 
1998 1.42 
2000 1.42 
2002 1.19 
2004 1.30 
2006 1.37 
2008 1.88 
2010 1.74 
2010 0.05 
2010 0.08 
2010 0.05 
2011 1.41 
2013 1.69 
2015 1.28 
2017 1.46 
2019 1.33 
2021 1.39 
2023 1.18 
2025 1.42 
2027 1.50 
2029 1.63 
2031 1.43 
2033 1.63 
2035 1.60 
2037 1.10 
2039 1.32 
2040 0.04 
2040 0.05 
2040 0.05 
2042 1.64 
2044 1.70 
2046 1.64 
2048 1.83 
2050 1.64 
2052 1.38 
2054 1.39 
2056 1.59 
2058 1.89 
2060 2.11 
2062 1.17 
2064 2.12 
2066 1.39 
2068 1.79 
2070 1.69 
2070 0.06 
2070 0.06 
2070 0.04 
2072 1.79 
2074 1.35 
2076 1.47 
2078 1.43 
2080 1.60 
2082 1.50 
2084 1.81 
2086 1.31 
2088 0.91 
2090 1.57 
2092 1.42 
2094 1.34 
2096 1.13 
2097 1.25 
2099 1.51 
2100 0.04 
2100 0.05 
2100 0.05 
2101 1.53 
2103 1.40 
2105 1.61 
2107 1.49 
2109 1.53 
2111 1.60 
2113 1.75 
2115 1.70 
2117 1.16 
2119 1.12 
2121 1.27 
2123 1.15 
2125 1.50 
2127 1.17 
2129 2.06 
2130 0.11 
2130 0.04 
2130 0.05 
2132 1.53 
2134 1.55 
2136 1.73 
2138 1.65 
2140 1.12 
2142 1.37 
2144 1.42 
2146 1.44 
2148 1.98 
2150 1.94 
2152 2.45 
2154 1.82 
2156 1.81 
2158 1.82 
2160 1.49 
2160 0.11 
2160 0.03 
2160 0.04 
2161 2.32 
2163 2.64 
2165 2.19 
2167 2.44 
2169 2.27 
2171 2.50 
2173 2.27 
2175 2.38 
2177 2.10 
2179 2.35 
2181 2.53 
2183 2.33 
2185 2.42 
2187 1.79 
2189 2.27 
2190 0.06 
2190 0.03 
2190 0.04 
2191 2.31 
2193 2.36 
2195 2.16 
2197 1.82 
2199 2.38 
2201 2.41 
2203 2.17 
2205 1.63 
2207 2.15 
2209 2.14 
2211 1.74 
2213 1.64 
2215 2.21 
2217 1.71 
2219 2.41 
2220 0.92 
2220 0.03 
2220 0.03 
2220 0.04 
2221 2.69 
2223 2.45 
2225 2.37 
2227 2.16 
2229 1.75 
2231 2.09 
2233 2.79 
2235 2.71 
2237 1.81 
2239 1.87 
2241 1.81 
2243 1.66 
2245 2.27 
2247 2.16 
2249 2.53 
2250 0.44 
2250 0.06 
2250 0.03 
2252 1.79 
2254 1.77 
2256 1.62 
2258 2.20 
2260 2.31 
2262 2.19 
2264 2.21 
2266 2.20 
2268 2.29 
2269 2.35 
2271 1.33 
2273 1.42 
2275 1.69 
2277 1.79 
2279 1.97 
2280 0.05 
2280 0.03 
2280 0.03 
2282 2.03 
2284 2.01 
2286 1.59 
2288 1.90 
2290 2.45 
2292 2.39 
2294 2.19 
2296 2.34 
2298 2.31 
2300 2.22 
2302 2.15 
2304 2.24 
2306 1.79 
2308 1.76 
2310 2.35 
2310 0.06 
2310 0.06 
2310 0.03 
2311 2.38 
2313 2.37 
2315 2.59 
2317 2.39 
2319 2.41 
2321 2.09 
2323 1.93 
2325 1.87 
2327 2.22 
2329 2.09 
2331 2.17 
2333 1.90 
2335 1.89 
2337 1.33 
2339 1.76 
2340 0.71 
2340 0.12 
2340 0.03 
2342 2.42 
2344 2.01 
2346 2.50 
2348 2.03 
2350 1.62 
2351 1.83 
2353 1.95 
2355 2.17 
2357 2.38 
2359 2.17 
2361 1.94 
2363 2.01 
2365 1.69 
2367 1.96 
2369 1.98 
2370 0.03 
2370 0.06 
2370 0.11 
2372 2.26 
2374 2.58 
2376 2.07 
2378 2.24 
2380 1.39 
2381 1.27 
2383 1.69 
2385 2.14 
2387 2.18 
2389 1.63 
2391 1.74 
2393 2.34 
2395 2.33 
2397 2.20 
2399 2.06 
2400 0.02 
2400 0.04 
2400 0.05 
2402 2.19 
2404 2.30 
2406 3.15 
2408 2.70 
2410 2.86 
2411 1.76 
2413 1.77 
2415 2.69 
2417 3.10 
2419 3.02 
2421 3.33 
2423 3.14 
2425 2.80 
2427 3.15 
2429 2.49 
2430 0.05 
2430 0.10 
2430 0.03 
2432 3.38 
2434 2.49 
2436 2.52 
2438 2.42 
2440 3.20 
2442 3.02 
2444 3.25 
2446 3.19 
2448 3.38 
2449 2.77 
2451 2.92 
2453 2.51 
2455 2.52 
2457 2.65 
2459 2.92 
2460 0.03 
2460 0.05 
2460 0.02 
2461 2.82 
2463 3.24 
2465 3.21 
2467 2.51 
2469 2.22 
2471 2.00 
2473 2.01 
2474 2.05 
2476 2.11 
2478 2.04 
2480 2.00 
2482 2.44 
2484 2.36 
2486 2.45 
2488 2.54 
2490 2.09 
2490 0.04 
2490 0.04 
2490 0.13 
2492 2.91 
2494 2.86 
2495 2.73 
2497 2.63 
2499 2.23 
2501 3.34 
2503 1.85 
2505 2.28 
2507 2.28 
2509 2.42 
2510 3.52 
2512 2.77 
2514 2.86 
2516 2.65 
2518 2.43 
2520 1.60 
2520 0.05 
2520 0.03 
2520 0.04 
2522 3.06 
2524 3.06 
2526 3.35 
2528 3.51 
2530 2.74 
2532 2.01 
2534 2.87 
2536 2.58 
2538 3.04 
2540 2.48 
2542 3.04 
2544 3.27 
2546 2.81 
2548 3.02 
2550 2.20 
2550 0.05 
2550 0.04 
2550 0.04 
2551 3.29 
2553 2.00 
2555 1.97 
2557 1.70 
2559 3.07 
2561 3.03 
2563 3.09 
2565 2.83 
2567 3.11 
2569 3.01 
2571 3.20 
2573 3.12 
2575 3.10 
2577 2.81 
2579 2.38 
2580 0.39 
2580 0.03 
2580 0.06 
2582 3.17 
2584 3.39 
2585 2.26 
2587 2.51 
2589 2.35 
2591 1.83 
2593 1.57 
2595 1.73 
2597 2.87 
2599 2.90 
2601 3.05 
2603 2.65 
2605 2.68 
2607 2.82 
2608 2.14 
2610 1.40 
2610 0.08 
2610 0.03 
2610 0.06 
2611 3.46 
2613 3.48 
2615 2.61 
2617 2.67 
2619 3.11 
2621 2.77 
2623 2.56 
2625 2.66 
2627 3.45 
2629 3.27 
2631 2.39 
2633 2.86 
2634 2.07 
2636 1.66 
2638 2.32 
2640 2.19 
2640 0.02 
2640 0.06 
2640 0.05 
2642 4.22 
2644 3.33 
2646 4.21 
2648 3.97 
2650 3.65 
2652 4.22 
2654 2.93 
2656 2.86 
2657 2.86 
2659 3.00 
2661 3.02 
2663 3.40 
2665 4.26 
2667 4.01 
2669 4.08 
2670 0.17 
2670 0.03 
2670 0.03 
2672 3.52 
2674 3.54 
2675 3.33 
2677 2.65 
2679 2.99 
2681 2.98 
2683 3.62 
2685 4.15 
2687 2.89 
2689 2.40 
2690 2.12 
2692 1.73 
2694 2.29 
2696 3.00 
2698 2.00 
2700 2.11 
2700 0.04 
2700 0.08 
2700 0.06 
2701 3.30 
2703 4.06 
2705 4.25 
2707 4.39 
2709 3.27 
2711 3.61 
2713 2.81 
2715 3.55 
2717 4.34 
2719 3.21 
2721 3.49 
2722 2.64 
2724 3.01 
2726 2.02 
2728 3.58 
2730 3.28 
2730 0.02 
2730 0.06 
2730 0.04 
2731 1.47 
2733 3.95 
2735 4.26 
2737 4.03 
2739 3.44 
2741 3.10 
2743 3.06 
2745 2.69 
2747 3.24 
2748 3.49 
2750 3.48 
2752 3.10 
2754 2.90 
2756 3.61 
2758 3.16 
2760 3.31 
2760 0.06 
2760 0.06 
2760 0.04 
2762 2.71 
2763 4.11 
2765 2.85 
2767 3.12 
2769 2.98 
2771 3.30 
2773 3.34 
2775 2.90 
2777 2.85 
2779 2.89 
2781 3.88 
2782 3.11 
2784 1.47 
2786 1.69 
2788 1.73 
2790 2.31 
2790 0.02 
2790 0.04 
2790 0.03 
2792 3.92 
2793 4.06 
2795 4.29 
2797 4.12 
2799 4.39 
2801 3.03 
2803 3.15 
2805 3.61 
2807 2.55 
2809 2.30 
2811 3.17 
2813 3.71 
2814 3.38 
2816 3.02 
2818 3.34 
2820 2.69 
2820 0.05 
2820 0.05 
2820 0.05 
2822 4.63 
2824 4.02 
2826 4.16 
2828 2.71 
2830 3.79 
2832 2.79 
2833 2.60 
2835 2.86 
2837 3.46 
2839 4.08 
2841 3.98 
2843 2.92 
2845 2.83 
2847 3.23 
2849 3.32 
2850 0.69 
2850 0.14 
2850 0.06 
2851 3.55 
2853 3.91 
2855 3.71 
2857 3.99 
2859 3.81 
2861 3.84 
2863 3.21 
2865 3.06 
2867 2.73 
2869 3.74 
2871 4.26 
2873 3.29 
2875 2.13 
2876 2.40 
2878 3.08 
2880 2.56 
2880 0.03 
2880 0.03 
2880 0.04 
2881 3.03 
2883 4.52 
2885 4.93 
2887 4.77 
2889 4.78 
2891 4.94 
2893 5.02 
2895 2.61 
2897 1.06 
2898 2.70 
2900 2.60 
2902 2.98 
2904 3.04 
2906 4.93 
2908 4.80 
2910 4.60 
2910 0.06 
2910 0.05 
2910 0.05 
2912 4.38 
2913 4.66 
2915 3.66 
2917 4.42 
2919 4.53 
2921 4.24 
2923 3.61 
2925 3.46 
2927 3.43 
2928 2.94 
2930 3.08 
2932 3.84 
2934 4.22 
2936 4.00 
2938 6.21 
2940 4.27 
2940 0.04 
2940 0.04 
2940 0.04 
2941 3.28 
2943 3.59 
2945 4.06 
2947 4.11 
2949 3.23 
2950 3.96 
2952 4.23 
2954 3.95 
2956 4.20 
2958 0.51 
2959 0.05 
2961 0.19 
2963 0.16 
2965 1.97 
2967 0.81 
2969 1.16 
2970 0.14 
2970 0.02 
2970 0.25 
2971 1.67 
2973 2.61 
2975 3.10 
2977 3.63 
2979 4.08 
2981 4.56 
2983 5.15 
2985 4.92 
2987 3.85 
2989 2.64 
2990 2.55 
2992 2.20 
2994 4.24 
2996 5.17 
2998 5.84 
3000 4.19 
3000 0.07 
3000 0.03 
3000 0.07 
3002 4.59 
3004 4.07 
3006 3.10 
3008 3.21 
3009 5.49 
3011 5.35 
3013 4.72 
3015 4.59 
3017 3.87 
3019 3.71 
3021 4.74 
3023 3.75 
3025 3.52 
3026 2.78 
3028 3.99 
3030 1.76 
3030 0.06 
3030 0.04 
3030 0.07 
3032 4.35 
3034 3.96 
3036 4.07 
3037 2.66 
3039 4.84 
3041 3.55 
3043 4.06 
3045 3.69 
3047 3.72 
3049 3.22 
3051 3.58 
3052 3.40 
3054 3.35 
3056 2.49 
3058 3.44 
3060 3.19 
3060 0.03 
3060 0.05 
3060 0.10 
3061 2.67 
3063 4.75 
3065 4.94 
3067 5.25 
3069 4.96 
3071 4.39 
3073 3.91 
3075 5.12 
3077 5.05 
3079 3.94 
3081 3.54 
3082 3.69 
3084 4.55 
3086 4.21 
3088 3.05 
3090 4.68 
3090 0.04 
3090 0.03 
3090 0.04 
3092 3.50 
3093 2.64 
3095 2.67 
3097 5.60 
3099 5.07 
3101 3.60 
3103 3.98 
3105 4.86 
3107 5.17 
3109 4.86 
3111 3.12 
3113 2.13 
3114 3.42 
3116 4.58 
3118 5.06 
3120 1.76 
3120 0.05 
3120 0.03 
3120 0.04 
3121 2.64 
3123 2.20 
3125 1.92 
3127 2.07 
3129 4.27 
3131 4.35 
3133 4.50 
3135 4.13 
3137 4.13 
3138 1.83 
3140 1.28 
3142 1.20 
3144 2.27 
3146 2.42 
3148 2.11 
3149 2.25 
3150 0.02 
3150 0.11 
3150 0.04 
3151 1.81 
3153 3.23 
3155 3.06 
3157 3.38 
3159 3.40 
3161 3.83 
3163 3.87 
3165 3.79 
3167 3.30 
3169 3.63 
3170 3.17 
3172 2.56 
3174 3.05 
3176 4.47 
3178 4.09 
3180 3.23 
3180 0.04 
3180 0.03 
3180 0.06 
3182 3.36 
3184 4.14 
3186 4.08 
3188 3.81 
3190 3.36 
3191 2.91 
3193 3.39 
3195 3.01 
3197 4.29 
3199 3.67 
3201 3.00 
3203 3.14 
3205 3.25 
3207 1.92 
3208 2.26 
3210 1.49 
3210 0.13 
3210 0.05 
3210 0.05 
3211 0.58 
3213 4.40 
3215 3.96 
3217 4.23 
3219 3.93 
3221 2.01 
3222 1.67 
3224 4.18 
3226 1.91 
3228 1.93 
3230 1.45 
3232 1.64 
3234 2.07 
3235 1.91 
3237 3.32 
3239 3.21 
3240 0.03 
3240 0.04 
3240 0.05 
3241 2.13 
3243 2.55 
3245 3.56 
3247 4.21 
3249 3.96 
3251 3.18 
3253 2.47 
3255 2.66 
3257 2.70 
3259 3.38 
3260 2.87 
3262 2.57 
3264 3.37 
3266 3.34 
3268 3.18 
3270 3.74 
3270 0.12 
3270 0.03 
3270 0.03 
3271 2.44 
3273 3.15 
3275 2.89 
3277 3.11 
3278 2.96 
3280 3.54 
3282 3.39 
3284 3.94 
3286 3.11 
3288 2.27 
3290 2.75 
3292 3.39 
3294 3.69 
3296 3.20 
3297 2.92 
3299 3.04 
3300 0.04 
3300 0.05 
3300 0.04 
3301 1.36 
3303 4.59 
3305 3.38 
3307 2.26 
3309 2.47 
3311 3.04 
3312 2.93 
3314 3.43 
3316 3.13 
3318 3.20 
3320 2.60 
3322 1.67 
3324 2.65 
3325 2.15 
3327 2.32 
3329 3.32 
3330 0.03 
3330 0.04 
3330 0.14 
3331 1.67 
3333 3.68 
3335 2.99 
3337 2.98 
3339 3.59 
3340 3.72 
3342 3.05 
3344 3.73 
3346 3.99 
3348 3.92 
3350 2.75 
3352 3.77 
3354 2.99 
3356 3.14 
3357 2.04 
3359 2.73 
3360 0.15 
3360 0.04 
3360 0.05 
3361 2.57 
3363 2.18 
3365 1.39 
3367 2.14 
3369 3.52 
3371 2.78 
3373 2.08 
3375 2.35 
3376 2.30 
3378 2.42 
3380 1.96 
3382 2.12 
3384 2.67 
3386 1.86 
3388 2.07 
3390 2.55 
3390 0.06 
3390 0.07 
3390 0.05 
3391 2.74 
3393 3.28 
3395 2.83 
3397 3.35 
3399 3.22 
3401 2.76 
3403 2.18 
3405 3.24 
3407 2.96 
3409 3.03 
3411 2.86 
3413 3.02 
3415 2.64 
3417 2.58 
3419 2.30 
3420 1.01 
3420 0.03 
3420 0.04 
3420 0.05 
3422 2.41 
3424 3.02 
3426 3.34 
3427 3.37 
3429 3.37 
3431 2.81 
3433 1.66 
3435 1.57 
3437 1.42 
3439 1.10 
3441 1.56 
3443 2.47 
3445 3.03 
3447 3.12 
3448 3.29 
3450 1.26 
3450 0.04 
3450 0.02 
3450 0.03 
3451 0.47 
3453 2.58 
3455 2.67 
3457 2.51 
3459 2.20 
3461 2.84 
3463 3.14 
3465 2.80 
3467 2.32 
3468 2.15 
3470 2.24 
3472 2.44 
3474 2.56 
3476 2.50 
3478 2.26 
3480 2.23 
3480 0.06 
3480 0.03 
3480 0.05 
3482 1.31 
3484 2.22 
3486 2.91 
3488 2.94 
3490 2.35 
3491 2.55 
3493 1.84 
3495 2.07 
3497 2.79 
3499 2.41 
3501 2.70 
3503 2.59 
3505 2.26 
3506 2.34 
3508 2.27 
3510 1.59 
3510 0.07 
3510 0.04 
3510 0.06 
3511 2.85 
3513 2.43 
3515 2.63 
3517 2.38 
3519 2.74 
3521 2.14 
3523 2.99 
3525 3.17 
3527 3.23 
3529 2.64 
3531 2.94 
3533 2.98 
3534 1.91 
3536 2.14 
3538 1.57 
3540 2.52 
3540 0.03 
3540 0.03 
3540 0.04 
3541 1.75 
3543 2.91 
3545 3.07 
3547 3.21 
3549 2.33 
3551 2.62 
3553 2.01 
3555 2.03 
3557 2.90 
3559 1.99 
3560 2.48 
3562 1.95 
3564 2.54 
3566 2.47 
3568 3.12 
3570 1.69 
3570 0.04 
3570 0.05 
3570 0.04 
3571 2.44 
3573 3.24 
3575 2.55 
3577 2.39 
3579 2.03 
3581 3.28 
3583 2.93 
3585 3.21 
3587 3.26 
3589 3.08 
3590 2.40 
3592 2.25 
3594 2.02 
3596 2.38 
3598 2.86 
3600 3.24 
3600 0.02 
3600 0.06 
3600 0.12 
3602 2.15 
3604 2.08 
3606 1.97 
3608 1.87 
3610 1.83 
3612 1.54 
3614 1.34 
3615 1.64 
3617 1.71 
3619 2.30 
3621 2.29 
3623 1.68 
3625 1.70 
3627 1.58 
3629 1.78 
3630 0.24 
