2 0.14 
4 0.15 
6 0.12 
8 0.24 
10 0.12 
12 0.14 
14 0.12 
16 0.11 
18 0.10 
20 0.13 
22 0.14 
24 0.16 
26 3.15 
28 3.39 
30 6.17 
30 0.30 
30 0.09 
30 0.13 
30 102.99 
32 62.50 
34 30.18 
36 14.08 
38 29.96 
40 15.81 
42 13.73 
44 36.85 
46 7.02 
48 35.90 
50 9.01 
51 5.94 
53 18.12 
55 7.86 
57 11.61 
59 7.09 
60 0.12 
60 0.11 
60 0.11 
62 30.76 
64 25.20 
66 45.89 
68 22.10 
70 50.02 
72 24.03 
74 27.99 
76 9.27 
78 17.72 
80 8.17 
82 14.19 
84 22.65 
86 27.20 
88 15.05 
90 10.17 
90 0.08 
90 0.23 
90 0.15 
90 101.00 
92 32.28 
94 102.29 
96 32.56 
98 32.11 
100 38.26 
102 19.41 
104 17.60 
106 17.36 
108 11.46 
110 8.15 
112 12.39 
114 10.04 
116 13.73 
118 15.46 
120 10.78 
120 0.19 
120 0.22 
120 0.13 
120 100.35 
122 67.78 
124 9.09 
126 38.90 
128 19.93 
130 20.17 
132 23.26 
134 17.41 
136 6.95 
138 18.18 
139 10.31 
141 13.72 
143 8.00 
145 30.17 
147 10.59 
149 23.96 
150 0.12 
150 0.10 
150 0.10 
151 50.99 
153 19.44 
155 8.30 
157 7.46 
159 32.42 
161 18.11 
163 22.37 
165 7.47 
167 50.48 
169 15.54 
171 16.81 
173 34.63 
175 6.23 
177 19.40 
179 26.10 
180 3.79 
180 0.19 
180 0.12 
181 51.58 
183 27.41 
185 20.70 
187 17.58 
189 6.69 
191 22.69 
193 18.88 
195 21.77 
197 18.38 
199 8.92 
201 38.44 
203 27.59 
205 30.17 
207 12.40 
209 18.78 
210 0.21 
210 0.13 
210 0.17 
212 35.56 
214 101.29 
216 100.54 
218 100.77 
220 101.16 
222 101.38 
224 100.73 
226 96.89 
228 35.27 
230 62.58 
232 19.41 
234 17.63 
236 14.22 
238 8.30 
240 17.36 
240 0.37 
240 0.13 
240 0.20 
241 42.93 
243 95.99 
245 63.60 
247 19.74 
249 75.64 
251 17.86 
253 16.57 
255 11.76 
257 42.87 
259 19.69 
261 55.86 
263 19.18 
265 62.74 
267 54.23 
269 13.73 
270 0.99 
270 0.13 
270 0.17 
272 52.37 
274 97.61 
276 9.93 
278 28.60 
280 55.60 
282 26.74 
284 41.46 
286 25.84 
288 23.02 
290 24.42 
292 17.67 
294 4.64 
296 27.25 
298 21.55 
299 8.34 
300 0.08 
300 0.14 
300 0.16 
301 76.07 
303 13.32 
305 23.95 
307 51.75 
309 40.10 
311 30.70 
313 18.15 
315 14.21 
317 21.69 
319 9.92 
321 12.62 
323 21.99 
325 14.27 
327 20.38 
329 21.94 
330 6.62 
330 0.10 
330 0.14 
330 0.19 
330 103.07 
331 85.79 
333 98.22 
335 68.00 
337 33.44 
339 46.80 
341 11.16 
343 12.31 
345 10.73 
347 11.68 
349 15.81 
351 15.54 
353 12.16 
355 8.34 
357 18.84 
359 13.05 
360 16.03 
360 0.09 
360 1.15 
360 0.11 
360 102.57 
361 90.84 
363 99.46 
365 39.80 
367 23.78 
369 15.52 
371 19.81 
373 9.19 
375 18.45 
377 22.15 
379 23.62 
381 33.77 
383 19.28 
385 21.14 
387 8.94 
389 25.43 
390 3.71 
390 0.08 
390 0.11 
392 47.45 
394 33.51 
396 32.65 
398 61.09 
400 27.04 
402 35.59 
404 11.41 
406 29.31 
408 17.46 
410 37.70 
412 20.19 
413 5.10 
415 17.90 
417 16.32 
419 14.47 
420 0.09 
420 0.14 
420 0.10 
422 96.37 
424 62.63 
426 70.99 
428 36.24 
430 24.43 
432 12.80 
434 24.34 
436 35.84 
438 19.01 
440 44.72 
442 16.49 
444 12.98 
446 26.64 
448 30.94 
450 12.46 
450 0.21 
450 0.13 
450 0.11 
450 103.48 
452 71.84 
454 77.47 
456 47.99 
458 28.27 
460 5.05 
461 10.04 
463 15.69 
465 21.35 
467 14.72 
469 12.83 
471 27.16 
473 14.87 
475 22.37 
477 8.72 
479 11.45 
480 0.82 
480 0.18 
480 1.37 
482 73.35 
484 50.86 
486 33.58 
488 20.77 
489 24.40 
491 34.60 
493 27.88 
495 42.08 
497 34.16 
499 35.85 
501 68.13 
503 46.94 
505 16.08 
507 16.10 
509 11.81 
510 0.40 
510 0.09 
510 0.20 
512 54.63 
514 27.54 
516 12.47 
518 29.94 
520 42.88 
521 39.45 
523 24.13 
525 38.04 
527 26.14 
529 19.35 
531 1.84 
533 10.29 
535 5.47 
536 8.93 
538 24.62 
540 29.85 
540 0.13 
540 0.09 
540 0.13 
540 103.81 
541 83.54 
543 98.04 
545 53.79 
547 30.54 
549 51.08 
551 52.80 
553 22.49 
555 40.14 
557 19.25 
559 53.69 
561 24.93 
563 31.68 
565 30.27 
567 22.19 
569 16.71 
570 5.51 
570 0.36 
570 0.08 
572 30.79 
573 28.28 
575 25.79 
577 24.70 
579 25.39 
581 55.22 
583 17.10 
585 13.37 
587 30.13 
589 32.65 
591 26.77 
593 29.61 
595 10.20 
596 13.99 
598 11.08 
600 20.27 
600 0.20 
600 1.51 
600 0.18 
600 103.20 
602 57.19 
604 43.52 
606 54.84 
608 26.55 
610 31.49 
612 21.23 
614 27.24 
616 25.04 
618 14.42 
620 26.67 
621 35.24 
623 23.68 
625 27.97 
627 10.63 
629 9.39 
630 0.16 
630 0.23 
630 0.11 
632 59.79 
634 31.88 
636 37.30 
638 47.67 
639 42.81 
641 23.63 
643 33.68 
645 25.64 
647 16.48 
649 34.40 
651 26.48 
653 23.51 
655 34.26 
657 26.52 
659 22.26 
660 0.53 
660 0.21 
660 0.12 
661 66.85 
663 30.72 
665 40.69 
667 58.37 
669 30.60 
671 29.48 
673 37.85 
675 35.82 
677 34.65 
679 16.91 
681 22.82 
683 18.13 
685 18.08 
687 20.88 
689 27.47 
690 15.54 
690 0.50 
690 2.83 
690 0.15 
690 104.90 
691 69.71 
693 40.72 
695 37.42 
697 61.77 
699 30.19 
701 37.45 
703 30.76 
705 12.35 
707 15.32 
709 66.46 
711 47.13 
712 25.80 
714 18.88 
716 23.64 
718 16.50 
720 19.95 
720 0.09 
720 0.10 
720 0.19 
720 101.03 
722 91.75 
724 61.97 
726 78.37 
728 36.80 
730 60.03 
732 42.93 
734 24.55 
735 20.32 
737 16.22 
739 29.29 
741 31.25 
743 9.40 
745 27.11 
747 51.79 
749 37.36 
750 1.69 
750 0.12 
750 0.15 
752 85.64 
753 89.22 
755 53.20 
757 42.61 
759 34.68 
761 35.72 
763 34.20 
765 8.54 
767 74.07 
769 64.05 
770 36.23 
772 33.10 
774 13.91 
776 23.47 
778 33.08 
780 14.25 
780 0.07 
780 0.09 
780 0.31 
781 66.65 
783 39.52 
785 22.02 
787 58.09 
789 27.95 
791 46.19 
793 50.76 
795 28.66 
796 37.51 
798 32.05 
800 34.53 
802 24.09 
804 14.51 
806 30.21 
808 65.39 
810 56.00 
810 0.20 
810 0.33 
810 0.12 
810 101.09 
811 73.25 
813 100.78 
815 72.85 
817 80.50 
819 94.95 
821 85.15 
823 88.27 
825 45.62 
826 41.33 
828 47.30 
830 92.93 
832 44.27 
834 19.99 
836 35.30 
838 28.86 
840 24.59 
840 0.10 
840 0.16 
840 0.14 
840 102.75 
841 92.65 
843 100.83 
845 65.89 
847 55.31 
849 58.39 
851 82.50 
853 27.86 
855 71.40 
857 27.68 
858 8.39 
860 11.98 
862 51.56 
864 22.17 
866 24.41 
868 9.50 
870 4.71 
870 0.20 
870 0.14 
870 0.10 
871 81.68 
873 76.10 
875 49.85 
877 19.95 
879 29.79 
881 27.25 
883 34.84 
885 40.89 
886 55.58 
888 18.97 
890 33.50 
892 17.42 
894 25.08 
896 10.40 
897 30.08 
899 49.28 
900 0.81 
900 0.13 
900 0.10 
902 85.58 
904 101.62 
905 91.06 
907 49.48 
909 53.90 
911 59.28 
913 43.61 
915 57.54 
917 53.31 
919 18.97 
921 28.14 
923 21.74 
925 24.12 
927 16.41 
929 20.38 
930 7.34 
930 0.29 
930 2.80 
930 0.13 
930 100.98 
932 41.54 
934 47.93 
936 42.67 
937 30.39 
939 42.10 
941 39.76 
943 23.18 
945 49.78 
947 19.47 
949 9.07 
951 8.82 
952 36.10 
954 42.67 
956 23.27 
958 24.42 
960 15.02 
960 0.16 
960 0.11 
960 0.12 
960 102.21 
962 101.91 
964 61.33 
966 79.10 
968 63.63 
970 41.61 
972 57.85 
974 25.44 
976 38.43 
977 35.25 
979 20.24 
981 23.23 
983 20.14 
985 17.92 
987 26.31 
989 39.02 
990 52.32 
990 0.15 
990 1.05 
990 0.12 
990 100.90 
991 56.24 
993 59.02 
995 53.83 
997 39.20 
998 35.88 
1000 40.12 
1002 50.28 
1004 35.11 
1006 37.55 
1008 5.91 
1010 37.89 
1011 19.36 
1013 20.65 
1015 47.10 
1017 64.12 
1019 15.62 
1020 0.12 
1020 0.13 
1020 0.25 
1022 97.14 
1023 102.42 
1025 66.32 
1027 49.01 
1029 74.17 
1031 44.77 
1033 102.14 
1035 101.88 
1037 91.99 
1038 35.35 
1040 38.24 
1042 27.30 
1044 8.49 
1046 10.88 
1048 19.17 
1050 27.16 
1050 0.09 
1050 0.11 
1050 0.17 
1052 79.08 
1054 35.96 
1056 70.37 
1058 34.45 
1059 24.07 
1061 33.16 
1063 22.67 
1065 34.73 
1067 27.37 
1069 20.12 
1071 34.24 
1073 31.97 
1074 34.10 
1076 33.96 
1078 57.41 
1080 12.39 
1080 0.25 
1080 1.11 
1080 0.14 
1080 101.13 
1082 55.83 
1083 50.25 
1085 76.62 
1087 44.47 
1089 60.66 
1091 67.09 
1093 61.96 
1095 13.77 
1096 17.31 
1098 33.81 
1100 15.84 
1102 20.87 
1104 36.80 
1106 24.83 
1108 22.20 
1109 13.76 
1110 0.25 
1110 0.11 
1110 0.17 
1112 94.02 
1114 61.32 
1116 20.87 
1118 59.05 
1120 84.04 
1121 60.22 
1123 48.40 
1125 30.79 
1127 21.63 
1129 20.28 
1131 12.21 
1133 27.49 
1135 38.17 
1136 62.32 
1138 52.17 
1140 22.42 
1140 0.19 
1140 0.08 
1140 0.11 
1140 103.07 
1142 92.47 
1143 102.01 
1145 69.59 
1147 65.84 
1149 55.38 
1151 18.59 
1153 58.95 
1155 47.66 
1157 67.82 
1159 43.05 
1160 10.36 
1162 26.85 
1164 8.46 
1166 10.69 
1168 46.24 
1170 19.20 
1170 0.09 
1170 0.09 
1170 0.19 
1171 83.32 
1173 98.30 
1175 69.64 
1177 63.14 
1179 48.51 
1180 33.87 
1182 24.79 
1184 75.68 
1186 32.61 
1188 48.54 
1190 10.06 
1192 29.10 
1194 24.16 
1196 42.27 
1198 20.03 
1199 20.01 
1200 0.11 
1200 0.25 
1200 0.20 
1202 45.03 
1204 29.67 
1205 61.88 
1207 73.31 
1209 25.29 
1211 37.66 
1213 36.79 
1215 12.22 
1217 29.88 
1219 58.10 
1221 13.13 
1222 42.49 
1224 25.89 
1226 11.03 
1228 8.76 
1230 16.65 
1230 0.16 
1230 0.11 
1230 0.16 
1230 97.66 
1232 35.51 
1233 74.16 
1235 80.14 
1237 35.76 
1239 57.61 
1241 37.93 
1243 17.28 
1245 16.97 
1247 46.20 
1249 49.62 
1251 18.19 
1253 33.88 
1254 17.47 
1256 30.54 
1258 17.05 
1260 64.03 
1260 0.10 
1260 1.12 
1260 0.12 
1260 100.73 
1261 62.65 
1263 101.68 
1265 99.66 
1267 51.88 
1269 30.24 
1271 33.64 
1273 38.05 
1275 28.73 
1276 28.86 
1278 41.99 
1280 101.93 
1282 7.37 
1284 18.57 
1286 30.92 
1288 28.20 
1290 19.77 
1290 0.10 
1290 0.18 
1290 0.14 
1291 61.70 
1293 71.24 
1295 72.33 
1297 33.37 
1299 54.21 
1301 36.06 
1303 32.70 
1305 29.18 
1307 37.22 
1309 41.56 
1311 29.01 
1312 29.23 
1314 27.76 
1316 29.34 
1318 68.09 
1320 11.41 
1320 0.10 
1320 0.09 
1320 0.15 
1320 101.08 
1321 72.72 
1323 101.40 
1325 54.95 
1327 32.76 
1329 20.77 
1331 39.30 
1333 42.08 
1335 67.75 
1336 17.49 
1338 9.24 
1340 19.61 
1342 89.09 
1344 38.74 
1346 24.35 
1348 50.63 
1350 17.25 
1350 0.14 
1350 0.11 
1350 0.21 
1351 83.27 
1353 68.30 
1355 32.71 
1357 25.19 
1359 29.63 
1361 30.24 
1363 15.67 
1364 35.63 
1366 43.58 
1368 34.46 
1370 21.22 
1372 16.04 
1374 41.30 
1376 21.38 
1377 41.29 
1379 19.58 
1380 0.06 
1380 0.09 
1380 0.12 
1381 60.26 
1383 69.79 
1385 43.99 
1387 104.36 
1389 102.98 
1391 101.06 
1393 100.28 
1395 100.73 
1396 45.00 
1398 69.71 
1400 68.03 
1402 100.80 
1404 102.24 
1406 101.27 
1408 66.45 
1409 29.02 
1410 0.20 
1410 0.07 
1410 0.10 
1411 60.71 
1413 98.97 
1415 95.64 
1417 60.30 
1419 26.75 
1421 41.53 
1423 35.02 
1425 40.92 
1427 34.97 
1428 54.71 
1430 22.68 
1432 15.69 
1434 14.68 
1436 19.60 
1438 24.44 
1440 18.17 
1440 0.10 
1440 0.20 
1440 0.16 
1441 66.85 
1443 36.22 
1445 100.63 
1447 55.03 
1449 56.84 
1451 23.02 
1453 10.55 
1455 21.09 
1457 39.70 
1459 27.45 
1461 101.80 
1463 100.86 
1465 41.18 
1467 16.99 
1468 24.35 
1470 15.12 
1470 0.15 
1470 1.03 
1470 0.24 
1470 99.92 
1472 70.51 
1474 45.90 
1476 60.77 
1478 26.04 
1480 28.17 
1482 16.28 
1484 24.63 
1486 29.52 
1488 45.44 
1490 27.99 
1492 28.80 
1494 21.29 
1495 7.52 
1497 15.52 
1499 13.15 
1500 0.11 
1500 0.16 
1500 0.17 
1501 57.50 
1503 25.14 
1505 53.74 
1507 39.97 
1509 42.74 
1511 30.55 
1513 23.96 
1515 26.11 
1517 28.22 
1519 36.34 
1521 24.95 
1523 27.37 
1525 24.78 
1526 11.47 
1528 29.88 
1530 17.46 
1530 0.11 
1530 1.89 
1530 0.19 
1530 102.08 
1531 78.11 
1533 32.12 
1535 29.37 
1537 63.55 
1539 29.78 
1541 33.61 
1543 32.12 
1545 41.77 
1547 27.50 
1549 90.93 
1551 23.78 
1553 23.78 
1554 20.50 
1556 26.97 
1558 26.07 
1560 4.73 
1560 0.15 
1560 1.10 
1560 0.12 
1560 100.11 
1561 58.34 
1563 28.22 
1565 32.97 
1567 30.87 
1569 39.26 
1571 30.94 
1573 22.32 
1575 13.52 
1577 24.68 
1578 17.90 
1580 13.09 
1582 11.69 
1584 19.74 
1586 7.27 
1588 6.21 
1590 23.82 
1590 0.14 
1590 0.11 
1590 0.32 
1592 72.70 
1593 51.72 
1595 33.96 
1597 69.89 
1599 50.41 
1601 29.36 
1603 24.40 
1605 30.91 
1607 22.29 
1609 21.63 
1611 27.02 
1613 7.54 
1615 12.38 
1617 22.51 
1619 10.37 
1620 17.25 
1620 0.07 
1620 0.14 
1621 44.06 
1623 101.65 
1625 57.97 
1627 37.33 
1629 61.27 
1631 27.39 
1633 22.61 
1634 25.08 
1636 100.90 
1638 68.23 
1640 97.62 
1642 15.31 
1644 26.09 
1646 15.10 
1648 30.76 
1650 33.74 
1650 0.13 
1650 0.24 
1650 0.12 
1650 100.84 
1652 59.34 
1654 52.95 
1656 56.87 
1658 41.63 
1660 31.07 
1662 15.87 
1664 36.13 
1666 30.00 
1668 28.93 
1669 31.59 
1671 32.67 
1673 12.08 
1675 19.53 
1677 11.28 
1679 27.69 
1680 0.44 
1680 0.07 
1680 0.10 
1681 63.78 
1683 28.63 
1685 99.24 
1687 17.05 
1689 51.86 
1691 59.43 
1693 22.70 
1695 14.02 
1697 79.89 
1699 32.18 
1701 101.32 
1703 17.71 
1705 23.06 
1706 10.25 
1708 8.92 
1710 11.58 
1710 0.11 
1710 0.09 
1710 0.18 
1710 100.70 
1711 74.58 
1713 65.50 
1715 11.23 
1717 34.03 
1719 45.57 
1721 12.48 
1723 7.61 
1725 15.53 
1727 15.91 
1729 53.44 
1731 20.04 
1733 42.07 
1735 19.15 
1737 19.16 
1739 14.64 
1740 13.28 
1740 0.11 
1740 1.97 
1740 0.16 
1740 100.82 
1742 63.05 
1744 31.35 
1746 5.68 
1748 65.06 
1749 41.40 
1751 12.27 
1753 17.53 
1755 23.81 
1757 13.84 
1759 41.63 
1761 21.70 
1763 17.22 
1765 17.85 
1767 25.79 
1769 17.10 
1770 12.07 
1770 0.24 
1770 1.07 
1770 0.13 
1770 100.85 
1771 28.64 
1773 25.31 
1775 41.34 
1777 49.03 
1779 36.85 
1781 21.18 
1783 18.32 
1785 9.78 
1787 11.50 
1789 22.59 
1791 38.53 
1793 12.81 
1795 21.21 
1797 17.90 
1799 25.18 
1800 0.09 
1800 0.55 
1800 0.21 
1802 38.12 
1804 45.26 
1805 47.79 
1807 24.22 
1809 10.80 
1811 21.65 
1813 16.15 
1815 16.47 
1817 11.79 
1819 28.72 
1821 43.96 
1823 12.92 
1825 18.43 
1827 26.59 
1829 8.25 
1830 6.77 
1830 0.18 
1830 0.21 
1830 0.13 
1830 102.15 
1831 73.22 
1833 33.97 
1835 52.66 
1837 47.71 
1839 12.63 
1841 20.83 
1843 23.54 
1845 17.49 
1847 39.75 
1849 18.68 
1851 18.73 
1853 14.35 
1855 16.09 
1857 17.21 
1859 6.83 
1860 1.80 
1860 0.21 
1860 0.19 
1862 92.63 
1864 101.27 
1866 104.08 
1868 101.77 
1869 101.44 
1871 101.35 
1873 73.79 
1875 42.99 
1877 44.12 
1879 25.75 
1881 18.53 
1883 25.67 
1885 26.75 
1887 15.50 
1889 41.89 
1890 0.58 
1890 0.20 
1890 0.25 
1892 33.77 
1894 33.28 
1896 35.01 
1898 16.89 
1900 29.83 
1901 24.20 
1903 8.67 
1905 16.07 
1907 4.72 
1909 17.09 
1911 18.42 
1913 39.17 
1915 19.11 
1917 21.29 
1919 19.59 
1920 6.66 
1920 0.21 
1920 0.88 
1922 29.44 
1924 72.39 
1926 43.25 
1928 21.85 
1930 7.59 
1932 17.47 
1934 46.76 
1936 4.48 
1938 19.01 
1940 33.74 
1942 34.12 
1944 11.29 
1946 14.10 
1947 9.22 
1949 24.85 
1950 0.20 
1950 0.14 
1950 0.21 
1952 32.95 
1954 23.52 
1956 27.54 
1958 7.02 
1960 15.24 
1962 13.75 
1964 45.19 
1966 11.52 
1968 6.36 
1970 6.63 
1972 11.35 
1974 3.89 
1976 12.82 
1978 17.24 
1980 15.89 
1980 0.17 
1980 0.16 
1980 0.20 
1982 21.35 
1984 18.33 
1986 26.50 
1987 29.75 
1989 15.51 
1991 10.29 
1993 13.25 
1995 43.30 
1997 17.37 
1999 11.10 
2001 8.96 
2003 46.31 
2005 33.54 
2007 73.30 
2009 12.35 
2010 1.07 
2010 0.28 
2010 0.28 
2011 37.18 
2013 17.72 
2015 74.34 
2017 47.67 
2019 34.08 
2021 20.79 
2023 47.90 
2025 7.92 
2027 13.91 
2029 21.93 
2031 15.16 
2033 10.55 
2035 30.54 
2037 17.71 
2039 4.78 
2040 1.61 
2040 0.12 
2040 0.18 
2042 31.72 
2044 10.13 
2046 26.49 
2048 32.89 
2050 48.41 
2052 25.36 
2054 17.80 
2056 6.94 
2058 17.77 
2060 12.63 
2061 7.75 
2063 8.27 
2065 18.51 
2067 10.34 
2069 53.74 
2070 0.13 
2070 0.10 
2070 0.18 
2072 91.29 
2074 62.48 
2076 22.63 
2078 21.56 
2080 16.30 
2082 52.36 
2084 45.06 
2085 8.54 
2087 1.61 
2089 18.05 
2091 23.45 
2093 16.09 
2095 12.63 
2097 10.09 
2099 17.62 
2100 0.16 
2100 0.09 
2100 0.25 
2102 16.72 
2104 11.94 
2106 21.19 
2108 23.06 
2110 26.87 
2112 25.31 
2114 17.96 
2116 13.06 
2118 16.61 
2120 12.41 
2122 6.99 
2124 4.18 
2126 52.33 
2127 25.09 
2129 9.11 
2130 0.17 
2130 0.12 
2130 0.15 
2131 39.69 
2133 102.14 
2135 56.42 
2137 24.07 
2139 49.40 
2141 38.22 
2143 16.99 
2145 10.05 
2147 5.28 
2149 8.89 
2151 14.11 
2153 12.54 
2155 35.19 
2157 19.56 
2159 21.25 
2160 2.00 
2160 0.09 
2160 0.10 
2162 55.62 
2164 85.57 
2166 58.20 
2168 55.90 
2170 43.78 
2172 31.08 
2174 18.93 
2176 23.71 
2178 25.34 
2180 26.21 
2182 31.07 
2184 14.25 
2186 26.35 
2188 5.18 
2190 8.13 
2190 0.19 
2190 0.09 
2190 0.27 
2191 52.70 
2193 37.18 
2195 25.45 
2197 13.65 
2199 41.91 
2201 19.34 
2203 11.76 
2205 50.50 
2207 22.73 
2209 11.45 
2211 11.89 
2213 15.36 
2215 10.59 
2217 12.49 
2219 30.52 
2220 2.55 
2220 0.14 
2220 1.37 
2220 0.13 
2220 101.47 
2222 88.70 
2223 39.39 
2225 50.89 
2227 28.08 
2229 28.32 
2231 40.16 
2233 31.48 
2235 10.10 
2237 21.44 
2239 58.09 
2241 11.20 
2243 14.34 
2245 5.66 
2247 17.59 
2249 12.18 
2250 1.90 
2250 0.20 
2250 1.13 
2252 43.41 
2254 20.72 
2256 11.85 
2258 24.00 
2260 40.04 
2262 19.48 
2264 34.28 
2266 11.39 
2268 31.01 
2270 11.64 
2271 10.67 
2273 31.60 
2275 14.47 
2277 10.32 
2279 27.62 
2280 1.46 
2280 0.09 
2280 0.11 
2282 34.02 
2284 99.16 
2286 32.57 
2288 39.17 
2290 59.18 
2292 14.29 
2294 16.36 
2296 16.35 
2298 32.61 
2300 18.36 
2302 27.30 
2304 23.13 
2306 14.72 
2308 8.03 
2309 18.61 
2310 0.19 
2310 0.21 
2310 0.12 
2311 61.98 
2313 35.28 
2315 36.15 
2317 16.16 
2319 24.11 
2321 36.11 
2323 25.34 
2325 14.12 
2327 14.91 
2329 23.32 
2331 32.99 
2333 15.89 
2335 22.44 
2337 29.91 
2339 19.95 
2340 8.09 
2340 0.19 
2340 0.09 
2340 0.14 
2340 99.92 
2342 39.71 
2344 28.39 
2346 35.23 
2347 30.88 
2349 25.14 
2351 22.37 
2353 21.26 
2355 16.67 
2357 28.54 
2359 20.45 
2361 15.10 
2363 24.40 
2365 24.63 
2367 24.30 
2369 14.68 
2370 0.85 
2370 0.29 
2370 0.11 
2372 49.59 
2374 35.38 
2376 28.16 
2377 36.38 
2379 18.73 
2381 16.59 
2383 20.18 
2385 18.71 
2387 16.99 
2389 16.17 
2391 19.62 
2393 28.91 
2395 18.62 
2397 59.81 
2399 25.34 
2400 7.48 
2400 0.15 
2400 1.84 
2402 52.61 
2403 31.92 
2405 51.78 
2407 20.84 
2409 35.12 
2411 10.23 
2413 26.48 
2415 24.88 
2417 22.32 
2419 34.38 
2421 21.46 
2423 23.69 
2425 31.37 
2427 17.10 
2429 26.52 
2430 2.80 
2430 0.25 
2430 0.14 
2431 88.26 
2433 49.44 
2435 36.34 
2437 49.32 
2439 49.86 
2441 38.68 
2443 36.71 
2445 35.69 
2447 33.64 
2449 36.87 
2451 25.72 
2453 9.36 
2455 15.68 
2457 15.77 
2459 16.13 
2460 0.41 
2460 0.13 
2460 0.08 
2462 65.08 
2464 50.53 
2466 26.58 
2468 18.67 
2469 30.11 
2471 24.27 
2473 27.56 
2475 33.94 
2477 15.03 
2479 21.74 
2481 15.13 
2483 40.92 
2484 15.64 
2486 12.65 
2488 18.94 
2490 24.15 
2490 0.11 
2490 0.24 
2490 0.20 
2490 103.36 
2491 39.66 
2493 84.90 
2495 75.52 
2497 54.32 
2499 36.65 
2501 46.81 
2502 18.36 
2504 25.57 
2506 68.19 
2508 22.88 
2510 78.14 
2512 53.44 
2514 21.98 
2516 33.96 
2518 18.17 
2520 17.04 
2520 0.25 
2520 0.09 
2520 0.36 
2521 64.38 
2523 53.17 
2525 87.48 
2527 25.70 
2529 32.87 
2531 18.54 
2533 29.25 
2535 23.24 
2537 16.74 
2539 16.49 
2541 22.03 
2543 29.21 
2545 12.38 
2547 26.98 
2549 19.72 
2550 0.94 
2550 0.36 
2550 1.20 
2552 99.24 
2554 83.86 
2555 36.13 
2557 41.26 
2559 69.35 
2561 23.54 
2563 40.50 
2565 30.10 
2567 32.25 
2569 52.99 
2571 31.15 
2573 20.87 
2575 46.16 
2577 19.29 
2579 26.04 
2580 0.42 
2580 0.16 
2580 0.20 
2582 45.45 
2584 47.41 
2586 16.63 
2588 41.39 
2589 6.44 
2591 10.37 
2593 13.43 
2595 11.76 
2597 36.23 
2599 29.80 
2601 23.18 
2603 27.68 
2605 20.63 
2607 37.27 
2609 17.03 
2610 5.03 
2610 0.28 
2610 0.12 
2610 0.19 
2610 100.71 
2611 60.17 
2613 66.18 
2615 39.77 
2617 35.94 
2619 45.06 
2621 37.19 
2623 18.69 
2625 29.80 
2627 43.07 
2629 29.05 
2630 22.43 
2632 10.63 
2634 13.82 
2636 4.23 
2638 13.34 
2640 13.60 
2640 0.08 
2640 0.20 
2640 0.19 
2640 102.76 
2642 84.61 
2644 67.04 
2646 73.27 
2648 59.40 
2650 32.27 
2652 37.15 
2653 35.44 
2655 24.51 
2657 11.72 
2659 23.79 
2661 22.82 
2663 26.32 
2665 27.72 
2667 28.61 
2669 52.47 
2670 2.02 
2670 0.23 
2670 0.61 
2671 91.61 
2673 56.16 
2675 54.77 
2677 18.96 
2679 27.16 
2681 35.88 
2683 37.31 
2685 34.45 
2686 36.70 
2688 31.34 
2690 15.75 
2692 22.27 
2694 26.27 
2696 16.42 
2698 5.33 
2699 10.83 
2700 0.15 
2700 0.24 
2700 0.35 
2702 43.96 
2704 51.20 
2706 67.21 
2708 40.37 
2710 25.27 
2712 25.76 
2714 26.11 
2715 51.11 
2717 41.48 
2719 27.80 
2721 26.91 
2723 35.59 
2725 10.74 
2727 10.49 
2729 49.29 
2730 7.72 
2730 0.15 
2730 0.13 
2732 80.87 
2734 88.17 
2736 64.09 
2738 52.04 
2739 22.50 
2741 38.91 
2743 30.25 
2745 34.16 
2747 15.99 
2749 47.96 
2751 14.73 
2753 25.53 
2755 8.35 
2756 20.10 
2758 29.22 
2760 26.68 
2760 0.07 
2760 0.24 
2760 0.19 
2760 100.68 
2761 39.38 
2763 98.90 
2765 53.16 
2767 44.29 
2769 35.85 
2770 30.26 
2772 31.30 
2774 44.33 
2776 21.77 
2778 21.42 
2780 22.18 
2782 26.91 
2784 10.60 
2786 9.37 
2787 9.71 
2789 21.71 
2790 0.26 
2790 0.10 
2790 1.15 
2792 34.24 
2794 45.36 
2796 46.74 
2798 56.31 
2800 35.02 
2802 52.33 
2804 21.95 
2805 16.79 
2807 25.31 
2809 18.84 
2811 40.07 
2813 21.01 
2815 23.53 
2817 19.29 
2819 29.19 
2820 35.72 
2820 0.45 
2820 0.39 
2820 0.12 
2820 104.72 
2821 90.05 
2823 104.81 
2825 75.17 
2827 59.23 
2829 66.46 
2831 38.46 
2833 26.23 
2835 26.25 
2837 19.67 
2839 65.88 
2841 26.02 
2843 22.60 
2844 9.65 
2846 19.83 
2848 21.31 
2850 13.03 
2850 0.15 
2850 0.27 
2850 0.15 
2850 101.02 
2852 102.62 
2854 101.84 
2856 79.51 
2858 47.30 
2859 36.74 
2861 26.19 
2863 28.30 
2865 27.19 
2867 43.15 
2869 29.44 
2871 41.56 
2873 12.21 
2875 11.76 
2877 29.28 
2878 19.00 
2880 4.79 
2880 0.45 
2880 1.31 
2880 0.13 
2880 103.66 
2882 92.60 
2884 98.49 
2886 80.35 
2888 85.10 
2890 99.59 
2892 66.95 
2894 64.40 
2895 13.42 
2897 54.59 
2899 12.37 
2901 23.86 
2903 16.13 
2905 18.70 
2907 33.95 
2909 51.20 
2910 99.61 
2910 0.13 
2910 0.13 
2910 0.17 
2910 100.26 
2911 74.20 
2913 101.65 
2915 94.01 
2917 55.85 
2919 48.26 
2921 54.90 
2923 77.64 
2924 102.05 
2926 79.56 
2928 100.84 
2930 102.51 
2932 100.53 
2934 103.03 
2936 102.98 
2937 67.01 
2939 31.08 
2940 0.27 
2940 0.75 
2940 0.18 
2942 54.65 
2942 49.72 
2943 19.66 
2943 19.31 
2945 48.24 
2945 36.33 
2947 24.79 
2947 26.78 
2949 24.35 
2949 16.48 
2951 24.74 
2951 16.02 
2953 15.23 
2953 11.75 
2954 17.92 
2954 8.22 
2956 46.61 
2956 12.68 
2958 6.54 
2958 1.56 
2960 6.57 
2960 0.32 
2962 0.19 
2962 0.71 
2964 14.68 
2964 5.75 
2965 5.26 
2965 5.82 
2967 4.15 
2967 1.52 
2969 8.72 
2969 4.06 
2970 0.11 
2970 0.12 
2970 0.18 
2970 0.14 
2970 0.13 
2970 0.11 
2972 25.70 
2974 50.92 
2976 60.72 
2977 65.72 
2979 40.45 
2981 28.03 
2983 44.87 
2985 36.11 
2987 16.39 
2989 30.93 
2991 10.85 
2993 8.35 
2995 19.07 
2996 34.15 
2998 71.86 
3000 80.37 
3000 0.35 
3000 0.14 
3000 0.14 
3000 101.28 
3001 47.73 
3003 100.47 
3005 67.64 
3007 36.45 
3009 46.09 
3011 58.57 
3013 29.38 
3015 78.47 
3016 41.14 
3018 56.18 
3020 26.49 
3022 10.19 
3024 60.94 
3026 15.97 
3028 17.43 
3029 86.18 
3030 0.14 
3030 0.30 
3030 0.14 
3032 101.92 
3033 52.74 
3035 63.55 
3037 29.83 
3039 33.49 
3041 23.97 
3043 40.89 
3045 52.25 
3047 36.39 
3048 15.76 
3050 23.18 
3052 29.43 
3054 15.73 
3056 39.87 
3058 26.23 
3059 38.15 
3060 0.09 
3060 0.25 
3060 0.16 
3062 95.60 
3064 86.22 
3066 49.54 
3068 47.58 
3070 57.08 
3072 38.17 
3073 44.52 
3075 32.69 
3077 39.82 
3079 26.85 
3081 25.99 
3083 13.93 
3085 29.28 
3087 24.87 
3089 28.93 
3090 43.38 
3090 0.14 
3090 0.12 
3090 0.14 
3090 100.94 
3092 82.87 
3094 55.15 
3096 19.90 
3098 72.22 
3100 56.66 
3101 42.82 
3103 29.80 
3105 34.52 
3107 38.26 
3109 29.63 
3111 18.04 
3113 6.52 
3115 44.94 
3117 58.35 
3119 65.12 
3120 0.77 
3120 0.12 
3120 1.11 
3120 0.13 
3120 102.67 
3121 54.88 
3123 54.04 
3125 31.74 
3127 43.12 
3129 47.86 
3131 89.39 
3133 53.21 
3135 46.49 
3137 32.45 
3138 16.25 
3140 1.68 
3142 7.77 
3144 10.87 
3146 18.72 
3147 19.85 
3149 12.95 
3150 0.10 
3150 0.14 
3150 0.19 
3152 71.60 
3154 40.46 
3156 75.62 
3158 42.13 
3160 36.05 
3162 43.65 
3164 37.07 
3165 24.90 
3167 14.45 
3169 35.55 
3171 33.69 
3173 9.37 
3175 27.41 
3177 41.26 
3179 30.69 
3180 4.37 
3180 0.30 
3180 0.99 
3180 0.12 
3180 100.95 
3181 54.77 
3183 101.24 
3185 90.50 
3187 55.48 
3189 38.88 
3191 44.17 
3193 24.94 
3195 20.20 
3197 57.35 
3199 43.21 
3201 9.61 
3203 23.94 
3204 16.87 
3206 10.04 
3208 15.82 
3210 8.74 
3210 0.18 
3210 1.40 
3210 0.22 
3210 100.69 
3211 46.34 
3213 87.57 
3215 67.09 
3217 55.46 
3219 42.23 
3221 31.02 
3223 9.73 
3225 29.00 
3227 14.09 
3228 12.36 
3230 4.08 
3232 18.36 
3234 15.77 
3236 18.06 
3238 15.21 
3240 16.53 
3240 0.12 
3240 0.08 
3240 0.16 
3240 99.33 
3242 83.21 
3243 101.42 
3245 71.82 
3247 68.70 
3249 41.01 
3251 24.88 
3253 42.47 
3255 30.67 
3257 24.34 
3259 37.32 
3261 26.02 
3263 6.63 
3265 25.56 
3266 32.14 
3268 23.21 
3270 26.38 
3270 0.20 
3270 0.13 
3270 0.17 
3270 101.06 
3271 95.76 
3273 103.16 
3275 65.26 
3277 62.33 
3279 21.48 
3281 15.20 
3283 71.82 
3285 33.72 
3286 32.37 
3288 6.73 
3290 21.05 
3292 15.28 
3294 20.64 
3296 25.24 
3298 21.14 
3300 26.10 
3300 0.08 
3300 0.11 
3300 0.10 
3301 41.49 
3303 92.48 
3305 94.45 
3307 54.06 
3309 30.14 
3311 77.08 
3313 41.88 
3314 41.72 
3316 30.45 
3318 21.05 
3320 10.48 
3322 7.19 
3324 15.10 
3325 16.91 
3327 6.51 
3329 18.15 
3330 0.11 
3330 0.16 
3330 0.22 
3332 94.76 
3334 101.15 
3336 65.98 
3337 55.54 
3339 63.50 
3341 27.60 
3343 18.28 
3345 28.06 
3347 18.59 
3349 38.26 
3351 21.64 
3353 34.59 
3355 19.25 
3356 17.27 
3358 15.89 
3360 24.15 
3360 0.34 
3360 1.35 
3360 0.13 
3360 100.95 
3361 51.67 
3363 37.23 
3365 27.79 
3367 21.76 
3369 77.54 
3371 27.24 
3372 13.15 
3374 28.80 
3376 26.22 
3378 12.76 
3380 26.48 
3382 17.81 
3384 24.64 
3385 25.35 
3387 13.13 
3389 22.26 
3390 0.13 
3390 0.25 
3390 0.07 
3392 67.11 
3394 101.10 
3396 33.03 
3398 10.32 
3400 59.99 
3402 14.62 
3404 10.33 
3406 31.37 
3408 26.98 
3410 76.36 
3412 53.07 
3414 15.58 
3416 29.31 
3417 16.19 
3419 28.04 
3420 0.13 
3420 0.10 
3420 0.17 
3421 54.31 
3423 33.34 
3425 36.40 
3427 64.02 
3429 37.65 
3431 22.24 
3433 17.17 
3435 43.43 
3437 5.80 
3439 20.73 
3440 9.96 
3442 19.79 
3444 39.09 
3446 21.82 
3448 34.31 
3450 7.81 
3450 0.12 
3450 1.48 
3450 0.11 
3450 103.53 
3452 30.14 
3454 37.13 
3456 43.08 
3458 30.98 
3460 28.39 
3461 36.72 
3463 25.49 
3465 19.53 
3467 20.63 
3469 13.94 
3471 12.77 
3473 32.04 
3475 22.69 
3477 9.06 
3479 16.75 
3480 7.39 
3480 0.18 
3480 2.66 
3480 0.14 
3480 100.90 
3481 13.44 
3483 25.32 
3485 40.33 
3487 54.48 
3489 29.13 
3491 25.65 
3493 60.78 
3495 8.36 
3497 35.37 
3499 25.38 
3501 20.90 
3502 22.72 
3504 21.50 
3506 20.81 
3508 27.42 
3510 8.49 
3510 0.34 
3510 0.17 
3510 0.23 
3510 102.92 
3511 83.40 
3513 41.70 
3515 38.31 
3517 28.18 
3519 24.39 
3520 19.16 
3522 24.17 
3524 28.98 
3526 29.55 
3528 25.95 
3530 26.44 
3532 27.56 
3534 11.26 
3536 15.65 
3538 9.33 
3540 27.53 
3540 0.10 
3540 0.13 
3540 0.11 
3540 98.70 
3542 90.59 
3544 51.35 
3546 21.59 
3548 22.97 
3550 20.15 
3552 29.49 
3554 15.94 
3555 27.28 
3557 25.62 
3559 24.74 
3561 14.24 
3563 18.62 
3565 19.71 
3567 16.16 
3569 18.01 
3570 1.71 
3570 0.07 
3570 0.18 
3572 73.72 
3574 40.91 
3575 26.01 
3577 70.61 
3579 21.34 
3581 29.62 
3583 16.67 
3585 42.85 
3587 49.43 
3589 34.68 
3591 11.78 
3593 11.56 
3595 24.37 
3597 15.47 
3599 27.62 
3600 13.34 
3600 0.08 
3600 0.15 
3600 0.38 
3600 102.11 
3602 30.98 
3604 31.83 
3605 13.65 
3607 21.41 
3609 22.12 
3611 53.74 
3613 8.29 
3615 14.19 
3617 22.32 
3619 36.30 
3621 25.25 
3623 12.31 
3625 35.75 
3626 7.97 
3628 3.78 
3630 17.95 
