25 201 0.0038542747497558594 1 1
25 201 0.002424955368041992 1 1
26 201 0.0026845932006835938 1 1
27 201 0.0027780532836914062 1 1
28 201 0.0025365352630615234 1 1
55 201 0.007503986358642578 1 1
56 201 0.004212141036987305 1 1
57 201 0.003618478775024414 1 1
57 201 0.003911733627319336 1 1
58 201 0.0036330223083496094 1 1
85 201 0.0038907527923583984 1 2
86 201 0.003729104995727539 1 2
87 201 0.0035371780395507812 1 2
88 201 0.0060045719146728516 1 2
89 201 0.004128217697143555 1 2
115 201 0.004207611083984375 1 2
116 201 0.003787517547607422 1 2
117 201 0.004946231842041016 1 2
118 201 0.004477977752685547 1 2
119 201 0.004784107208251953 1 2
145 201 0.003922939300537109 1 2
146 201 0.004673004150390625 1 2
147 201 0.0050733089447021484 1 2
148 201 0.0037043094635009766 1 2
149 201 0.0038046836853027344 1 2
175 201 0.004835844039916992 1 2
176 201 0.004191398620605469 1 2
177 201 0.003757476806640625 1 2
178 201 0.0041582584381103516 1 2
179 201 0.003057241439819336 1 2
205 201 0.005001544952392578 1 2
206 201 0.007399320602416992 1 2
207 201 0.003932476043701172 1 2
208 201 0.004032611846923828 1 2
209 201 0.003217935562133789 1 2
235 201 0.004172086715698242 1 2
236 201 0.009030580520629883 1 2
237 201 0.0036592483520507812 1 2
238 timeout 0.05 1 2
239 201 0.005557060241699219 1 2
264 201 0.0033397674560546875 1 2
265 201 0.0036978721618652344 1 2
266 201 0.0038046836853027344 1 2
267 201 0.00605320930480957 1 2
268 201 0.004378080368041992 1 2
294 201 0.003774881362915039 1 2
295 201 0.004023313522338867 1 2
296 201 0.004048347473144531 1 2
297 201 0.004506349563598633 1 2
298 201 0.0043408870697021484 1 2
324 201 0.003996849060058594 1 2
325 201 0.0034062862396240234 1 2
326 201 0.0032186508178710938 1 2
328 201 0.012161493301391602 1 2
328 201 0.003377676010131836 1 2
354 201 0.0038101673126220703 1 2
355 201 0.002630949020385742 1 2
356 201 0.0034074783325195312 1 2
357 201 0.005936384201049805 1 2
358 201 0.005254983901977539 1 2
384 201 0.003393411636352539 1 2
385 201 0.0034532546997070312 1 2
386 201 0.003397226333618164 1 2
387 201 0.0035886764526367188 1 2
388 201 0.005146026611328125 1 2
414 201 0.0037293434143066406 1 2
416 timeout 0.05 1 2
416 201 0.0034437179565429688 1 2
417 201 0.007997274398803711 1 2
418 timeout 0.05 1 2
444 201 0.0034084320068359375 1 2
445 201 0.0040149688720703125 1 2
446 201 0.004947662353515625 1 2
447 201 0.002938985824584961 1 2
448 201 0.0035011768341064453 1 2
474 timeout 0.05 1 2
475 201 0.003303050994873047 1 2
476 timeout 0.05 1 2
477 201 0.0036623477935791016 1 2
478 201 0.0030202865600585938 1 2
504 201 0.0052144527435302734 1 2
505 201 0.0038111209869384766 1 2
506 201 0.0035483837127685547 1 2
507 201 0.003648519515991211 1 2
508 201 0.0032052993774414062 1 2
534 201 0.0036606788635253906 1 2
535 201 0.004043102264404297 1 2
536 201 0.003111124038696289 1 2
537 201 0.0052337646484375 1 2
538 201 0.0028569698333740234 1 2
564 201 0.004484653472900391 1 2
565 201 0.0040798187255859375 1 2
566 201 0.0027582645416259766 1 2
567 201 0.0051000118255615234 1 2
568 201 0.00652623176574707 1 2
594 201 0.005659818649291992 1 2
595 timeout 0.05 1 2
596 201 0.003500699996948242 1 2
597 timeout 0.05 1 2
598 201 0.003545999526977539 1 2
624 201 0.003016233444213867 1 2
625 201 0.0028467178344726562 1 2
626 201 0.0030934810638427734 1 2
627 201 0.002751588821411133 1 2
628 timeout 0.05 1 2
654 201 0.0040895938873291016 1 3
655 timeout 0.05 1 3
656 201 0.004752397537231445 1 3
657 201 0.00556635856628418 1 3
658 201 0.006583690643310547 1 3
684 201 0.004582643508911133 1 3
685 201 0.004149913787841797 1 3
686 201 0.003984212875366211 1 3
687 201 0.0037598609924316406 1 3
688 201 0.003734111785888672 1 3
714 201 0.0036356449127197266 1 3
715 timeout 0.05 1 3
716 timeout 0.05 1 3
717 201 0.0032858848571777344 1 3
718 201 0.0032052993774414062 1 3
745 201 0.01383519172668457 1 3
746 201 0.005815267562866211 1 3
746 201 0.007411003112792969 1 3
747 201 0.0035247802734375 1 3
748 201 0.0041272640228271484 1 3
774 201 0.0032966136932373047 1 3
775 201 0.0033562183380126953 1 3
776 timeout 0.05 1 3
777 201 0.0044384002685546875 1 3
778 201 0.004708766937255859 1 3
804 timeout 0.05 1 3
805 201 0.005870342254638672 1 3
806 timeout 0.05 1 3
807 201 0.00684809684753418 1 3
808 201 0.0035364627838134766 1 3
834 201 0.0036864280700683594 1 3
835 201 0.003237009048461914 1 3
836 201 0.0061337947845458984 1 3
837 201 0.006228208541870117 1 3
838 201 0.0043354034423828125 1 3
864 201 0.004239559173583984 1 3
865 201 0.004111289978027344 1 3
866 timeout 0.05 1 3
867 timeout 0.05 1 3
868 201 0.00399017333984375 1 3
894 201 0.004016876220703125 1 3
895 timeout 0.05 1 3
896 201 0.00471949577331543 1 3
897 201 0.006852626800537109 1 3
898 201 0.004329681396484375 1 3
924 201 0.004143476486206055 1 3
925 201 0.004462718963623047 1 3
926 201 0.0062634944915771484 1 3
927 timeout 0.05 1 3
928 201 0.003989458084106445 1 3
954 201 0.0046460628509521484 1 3
955 201 0.00438690185546875 1 3
957 201 0.024163007736206055 1 3
957 201 0.003443002700805664 1 3
958 201 0.005902290344238281 1 3
984 201 0.0036618709564208984 1 3
985 201 0.005092144012451172 1 3
986 201 0.0037484169006347656 1 3
987 timeout 0.05 1 3
988 201 0.0032224655151367188 1 3
1014 201 0.003448963165283203 1 3
1015 201 0.003853321075439453 1 3
1016 201 0.004208087921142578 1 3
1017 201 0.003977298736572266 1 3
1018 201 0.0035986900329589844 1 3
1044 timeout 0.05 1 3
1045 timeout 0.05 1 3
1046 201 0.004551887512207031 1 3
1047 201 0.003793478012084961 1 3
1048 201 0.005681753158569336 1 3
1074 201 0.004673004150390625 1 3
1075 201 0.0037267208099365234 1 3
1076 timeout 0.05 1 3
1077 201 0.0046689510345458984 1 3
1078 timeout 0.05 1 3
1104 201 0.004227876663208008 1 3
1105 201 0.0047152042388916016 1 3
1106 201 0.0040204524993896484 1 3
1107 201 0.00631403923034668 1 3
1108 201 0.0037212371826171875 1 3
1134 201 0.004220485687255859 1 3
1135 timeout 0.05 1 3
1136 timeout 0.05 1 3
1137 201 0.005444765090942383 1 3
1138 201 0.01465916633605957 1 3
1164 201 0.0058443546295166016 1 3
1165 timeout 0.05 1 3
1166 201 0.0050754547119140625 1 3
1167 timeout 0.05 1 3
1168 201 0.0035254955291748047 1 3
1194 201 0.00718379020690918 1 3
1195 201 0.006291866302490234 1 3
1196 201 0.005666255950927734 1 3
1197 201 0.005013227462768555 1 3
1198 201 0.01770186424255371 1 3
1224 201 0.004634857177734375 1 3
1225 201 0.003239870071411133 1 3
1226 timeout 0.05 1 3
1227 timeout 0.05 1 3
1228 timeout 0.05 1 3
1254 201 0.0045125484466552734 1 3
1255 201 0.0052471160888671875 1 3
1256 201 0.008265972137451172 1 3
1257 201 0.0048105716705322266 1 3
1258 201 0.010042428970336914 1 3
1284 201 0.004063844680786133 1 3
1285 201 0.005127906799316406 1 3
1286 201 0.0048100948333740234 1 3
1287 201 0.0033855438232421875 1 3
1288 201 0.0034248828887939453 1 3
1314 201 0.0037262439727783203 1 2
1315 201 0.004270076751708984 1 2
1316 201 0.0032231807708740234 1 2
1317 201 0.007653713226318359 1 2
1318 timeout 0.05 1 2
1345 timeout 0.05 1 2
1345 201 0.0042302608489990234 1 2
1346 201 0.0037250518798828125 1 2
1347 201 0.0032958984375 1 2
1348 201 0.003465890884399414 1 2
1374 201 0.0030803680419921875 1 2
1375 201 0.002980470657348633 1 2
1376 201 0.007748842239379883 1 2
1377 201 0.0050008296966552734 1 2
1378 timeout 0.05 1 2
1404 201 0.00441288948059082 1 2
1405 201 0.004274129867553711 1 2
1406 201 0.00350189208984375 1 2
1407 201 0.002858877182006836 1 2
1408 201 0.003139972686767578 1 2
1434 timeout 0.05 1 2
1435 timeout 0.05 1 2
1436 201 0.0036377906799316406 1 2
1437 201 0.004163265228271484 1 2
1438 201 0.003955841064453125 1 2
1464 201 0.004109859466552734 1 2
1465 201 0.003980159759521484 1 2
1466 201 0.004015207290649414 1 2
1467 201 0.005558967590332031 1 2
1468 201 0.0033288002014160156 1 2
1494 201 0.0037200450897216797 1 2
1495 201 0.0036635398864746094 1 2
1496 201 0.003405332565307617 1 2
1497 201 0.0034439563751220703 1 2
1498 timeout 0.05 1 2
1524 201 0.0037882328033447266 1 2
1525 201 0.005463361740112305 1 2
1526 201 0.003615856170654297 1 2
1527 201 0.003922224044799805 1 2
1528 201 0.003147602081298828 1 2
1554 201 0.004258155822753906 1 2
1555 201 0.005209207534790039 1 2
1556 201 0.0039958953857421875 1 2
1557 201 0.0030939579010009766 1 2
1558 timeout 0.05 1 2
1584 201 0.003974199295043945 1 2
1585 timeout 0.05 1 2
1586 timeout 0.05 1 2
1587 201 0.0030617713928222656 1 2
1588 201 0.0042378902435302734 1 2
1614 201 0.0037107467651367188 1 2
1615 201 0.003635406494140625 1 2
1616 201 0.0037775039672851562 1 2
1617 201 0.0042264461517333984 1 2
1618 201 0.004052877426147461 1 2
1644 201 0.0030083656311035156 1 2
1645 201 0.0036144256591796875 1 2
1646 201 0.002686023712158203 1 2
1647 201 0.004230499267578125 1 2
1648 201 0.0028519630432128906 1 2
1675 timeout 0.05 1 2
1675 timeout 0.05 1 2
1676 201 0.002988576889038086 1 2
1677 timeout 0.05 1 2
1678 201 0.0069005489349365234 1 2
1704 201 0.0037398338317871094 1 2
1705 201 0.003966569900512695 1 2
1706 201 0.0038170814514160156 1 2
1707 201 0.004223823547363281 1 2
1708 201 0.0035614967346191406 1 2
1734 201 0.00478053092956543 1 2
1736 timeout 0.05 1 2
1737 201 0.003484964370727539 1 2
1737 201 0.0034575462341308594 1 2
1738 201 0.0035462379455566406 1 2
1764 201 0.0031926631927490234 1 2
1765 201 0.0026731491088867188 1 2
1766 201 0.004517078399658203 1 2
1767 201 0.0034062862396240234 1 2
1768 201 0.003735065460205078 1 2
1795 201 0.0074062347412109375 1 2
1796 201 0.003612041473388672 1 2
1797 201 0.004822492599487305 1 2
1797 201 0.004200458526611328 1 2
1798 201 0.003958702087402344 1 2
1825 201 0.004113197326660156 1 2
1826 201 0.004760026931762695 1 2
1827 201 0.003378152847290039 1 2
1828 201 0.0031621456146240234 1 2
1828 201 0.0033426284790039062 1 2
1854 201 0.004744052886962891 1 2
1855 201 0.0050737857818603516 1 2
1856 201 0.0039217472076416016 1 2
1857 201 0.011463403701782227 1 2
1858 201 0.0038976669311523438 1 2
1884 201 0.00856924057006836 1 2
1885 201 0.003659486770629883 1 2
1886 201 0.003397226333618164 1 2
1887 201 0.005955934524536133 1 2
1888 201 0.00391387939453125 1 2
1914 201 0.003841400146484375 1 2
1915 201 0.005833148956298828 1 2
1916 201 0.0043163299560546875 1 2
1917 201 0.0038077831268310547 1 2
1918 201 0.0029006004333496094 1 2
1944 201 0.0038034915924072266 1 2
1945 timeout 0.05 1 2
1946 201 0.004634857177734375 1 2
1947 201 0.0038542747497558594 1 2
1948 201 0.003556489944458008 1 2
1974 201 0.004338502883911133 1 2
1975 timeout 0.05 1 2
1976 201 0.004267215728759766 1 2
1977 201 0.00462651252746582 1 2
1978 timeout 0.05 1 2
2005 201 0.004832744598388672 1 2
2006 201 0.0051724910736083984 1 2
2007 201 0.00395512580871582 1 2
2008 201 0.004341840744018555 1 2
2009 201 0.005118370056152344 1 2
2035 201 0.005181550979614258 1 2
2036 201 0.005874156951904297 1 2
2036 201 0.0038602352142333984 1 2
2037 timeout 0.05 1 2
2038 201 0.0037474632263183594 1 2
2065 201 0.004973173141479492 1 2
2066 201 0.009698867797851562 1 2
2067 201 0.004311323165893555 1 2
2068 201 0.0043065547943115234 1 2
2069 201 0.0035521984100341797 1 2
2094 201 0.003910064697265625 1 2
2095 201 0.006420612335205078 1 2
2096 timeout 0.05 1 2
2097 201 0.003913164138793945 1 2
2098 201 0.004037141799926758 1 2
2124 201 0.0035848617553710938 1 2
2125 201 0.003820180892944336 1 2
2126 201 0.0050601959228515625 1 2
2127 201 0.0033071041107177734 1 2
2128 201 0.003751516342163086 1 2
2155 201 0.007608652114868164 1 2
2156 201 0.005434989929199219 1 2
2157 201 0.003902912139892578 1 2
2158 201 0.004685878753662109 1 2
2159 201 0.0044362545013427734 1 2
2185 201 0.00516200065612793 1 2
2185 timeout 0.05 1 2
2186 201 0.003447294235229492 1 2
2187 201 0.003574848175048828 1 2
2188 201 0.003004312515258789 1 2
2215 201 0.004315853118896484 1 2
2215 timeout 0.05 1 2
2216 201 0.006239175796508789 1 2
2217 201 0.0027379989624023438 1 2
2218 201 0.00323486328125 1 2
2244 201 0.004423618316650391 1 2
2245 201 0.0035698413848876953 1 2
2246 201 0.003545522689819336 1 2
2247 201 0.00383758544921875 1 2
2248 201 0.006218671798706055 1 2
2275 timeout 0.05 1 2
2276 201 0.004056692123413086 1 2
2276 201 0.0032062530517578125 1 2
2277 201 0.002719879150390625 1 2
2278 timeout 0.05 1 2
2304 201 0.0036644935607910156 1 2
2305 201 0.0035104751586914062 1 2
2306 timeout 0.05 1 2
2307 201 0.0034880638122558594 1 2
2308 201 0.0033080577850341797 1 2
2334 201 0.0034105777740478516 1 2
2335 201 0.0029592514038085938 1 2
2336 timeout 0.05 1 2
2337 201 0.0037560462951660156 1 2
2338 201 0.004134178161621094 1 2
2364 201 0.0038611888885498047 1 2
2365 timeout 0.05 1 2
2366 201 0.0037682056427001953 1 2
2367 timeout 0.05 1 2
2368 201 0.003529071807861328 1 2
2395 201 0.004791736602783203 1 2
2396 201 0.006709098815917969 1 2
2397 201 0.00398564338684082 1 2
2398 201 0.006954193115234375 1 2
2399 201 0.003740549087524414 1 2
2424 201 0.004052639007568359 1 2
2425 201 0.0031359195709228516 1 2
2426 201 0.0074465274810791016 1 2
2427 201 0.0038628578186035156 1 2
2428 timeout 0.05 1 2
2454 201 0.0030972957611083984 1 2
2455 201 0.0026297569274902344 1 2
2456 201 0.002714395523071289 1 2
2457 201 0.0034203529357910156 1 2
2458 201 0.003302335739135742 1 2
2484 201 0.0037724971771240234 1 2
2485 timeout 0.05 1 2
2486 201 0.011801004409790039 1 2
2487 201 0.006140708923339844 1 2
2488 201 0.00362396240234375 1 2
2514 201 0.005537986755371094 1 2
2515 201 0.005258083343505859 1 2
2516 201 0.00464320182800293 1 2
2517 201 0.003802776336669922 1 2
2518 201 0.003495454788208008 1 2
2544 201 0.003535032272338867 1 2
2545 201 0.003407716751098633 1 2
2546 201 0.004512786865234375 1 2
2547 201 0.004941701889038086 1 2
2548 201 0.0031290054321289062 1 2
2574 201 0.003997802734375 1 2
2575 201 0.005406379699707031 1 2
2576 201 0.0038652420043945312 1 2
2577 201 0.0037398338317871094 1 2
2578 201 0.017183780670166016 1 2
2604 201 0.005013227462768555 1 3
2605 201 0.003922939300537109 1 3
2606 201 0.00473785400390625 1 3
2607 timeout 0.05 1 3
2608 201 0.009853839874267578 1 3
2634 timeout 0.05 1 3
2635 201 0.004994630813598633 1 3
2636 201 0.0041010379791259766 1 3
2637 timeout 0.05 1 3
2638 201 0.003338336944580078 1 3
2664 201 0.004257917404174805 1 3
2665 201 0.004005908966064453 1 3
2666 201 0.0037610530853271484 1 3
2667 201 0.005496501922607422 1 3
2668 201 0.0034520626068115234 1 3
2694 201 0.005224466323852539 1 3
2695 timeout 0.05 1 3
2696 timeout 0.05 1 3
2697 201 0.006990194320678711 1 3
2698 201 0.00399327278137207 1 3
2724 201 0.003823518753051758 1 2
2725 201 0.002881765365600586 1 2
2726 201 0.0022199153900146484 1 2
2727 201 0.003834247589111328 1 2
2728 201 0.0035240650177001953 1 2
2754 201 0.0036132335662841797 1 2
2755 201 0.004273891448974609 1 2
2756 201 0.01049351692199707 1 2
2757 201 0.0037436485290527344 1 2
2758 201 0.003939628601074219 1 2
2784 201 0.0038890838623046875 1 2
2785 201 0.0032939910888671875 1 2
2786 timeout 0.05 1 2
2787 201 0.0030944347381591797 1 2
2788 201 0.003816843032836914 1 2
2814 201 0.008138656616210938 1 3
2815 201 0.0061643123626708984 1 3
2816 201 0.0051457881927490234 1 3
2817 201 0.003110647201538086 1 3
2818 201 0.0040225982666015625 1 3
2844 201 0.0032775402069091797 1 3
2845 timeout 0.05 1 3
2846 201 0.0031838417053222656 1 3
2847 201 0.0038673877716064453 1 3
2848 timeout 0.05 1 3
2874 201 0.005475521087646484 1 3
2875 201 0.004769086837768555 1 3
2876 201 0.0033674240112304688 1 3
2877 201 0.00421142578125 1 3
2878 201 0.004227161407470703 1 3
2904 201 0.007894515991210938 1 3
2905 201 0.0033135414123535156 1 3
2906 201 0.004004001617431641 1 3
2907 201 0.004565715789794922 1 3
2908 201 0.0067365169525146484 1 3
2934 201 0.003538846969604492 1 3
2935 timeout 0.05 1 3
2936 201 0.0032701492309570312 1 3
2937 201 0.025246381759643555 1 3
2938 201 0.011297941207885742 1 3
2964 201 0.003469705581665039 1 3
2965 201 0.004142045974731445 1 3
2966 timeout 0.05 1 3
2967 201 0.003607034683227539 1 3
2968 201 0.003334522247314453 1 3
2994 201 0.0055675506591796875 1 3
2995 201 0.004067897796630859 1 3
2996 201 0.005476236343383789 1 3
2997 201 0.005803823471069336 1 3
2998 201 0.004323244094848633 1 3
3024 201 0.0043904781341552734 1 3
3025 201 0.005888938903808594 1 3
3026 201 0.00757908821105957 1 3
3027 timeout 0.05 1 3
3028 201 0.003337860107421875 1 3
3054 timeout 0.05 1 3
3055 201 0.003603696823120117 1 3
3056 201 0.0038480758666992188 1 3
3057 201 0.00468134880065918 1 3
3058 201 0.004098415374755859 1 3
3084 201 0.007653951644897461 1 3
3085 201 0.0040438175201416016 1 3
3086 201 0.011439800262451172 1 3
3087 201 0.005345821380615234 1 3
3088 201 0.010756731033325195 1 3
3114 timeout 0.05 1 3
3115 201 0.005724906921386719 1 3
3116 201 0.00573277473449707 1 3
3117 201 0.003898143768310547 1 3
3118 201 0.005237102508544922 1 3
3144 201 0.004263401031494141 1 3
3145 201 0.003077268600463867 1 3
3146 timeout 0.05 1 3
3147 201 0.009757518768310547 1 3
3148 timeout 0.05 1 3
3174 201 0.003743886947631836 1 2
3175 201 0.006048917770385742 1 2
3176 201 0.00460362434387207 1 2
3177 201 0.006289482116699219 1 2
3178 201 0.006083488464355469 1 2
3204 timeout 0.05 1 2
3205 timeout 0.05 1 2
3206 timeout 0.05 1 2
3207 timeout 0.05 1 2
3208 201 0.0036263465881347656 1 2
3234 201 0.0043637752532958984 1 2
3235 201 0.007647037506103516 1 2
3236 201 0.0050618648529052734 1 2
3237 timeout 0.05 1 2
3238 201 0.0037469863891601562 1 2
3264 201 0.0031311511993408203 1 2
3265 201 0.0051975250244140625 1 2
3266 201 0.002847433090209961 1 2
3267 timeout 0.05 1 2
3268 201 0.003029346466064453 1 2
3294 201 0.0030832290649414062 1 2
3295 201 0.00926065444946289 1 2
3296 201 0.004331827163696289 1 2
3297 201 0.004950046539306641 1 2
3298 201 0.0032634735107421875 1 2
3324 timeout 0.05 1 2
3325 201 0.003114938735961914 1 2
3326 timeout 0.05 1 2
3327 201 0.0033447742462158203 1 2
3328 201 0.002773284912109375 1 2
3354 201 0.003972530364990234 1 2
3355 201 0.0038039684295654297 1 2
3356 201 0.003653287887573242 1 2
3357 timeout 0.05 1 2
3358 timeout 0.05 1 2
3384 timeout 0.05 1 2
3385 201 0.003843069076538086 1 2
3386 201 0.00773310661315918 1 2
3387 201 0.004486799240112305 1 2
3388 201 0.003869771957397461 1 2
3414 201 0.003297567367553711 1 2
3415 201 0.003632783889770508 1 2
3416 timeout 0.05 1 2
3417 201 0.0029163360595703125 1 2
3418 201 0.003676176071166992 1 2
3444 201 0.003444194793701172 1 2
3445 201 0.003653287887573242 1 2
3446 201 0.00830841064453125 1 2
3447 201 0.006544351577758789 1 2
3448 timeout 0.05 1 2
3474 201 0.0030274391174316406 1 1
3475 201 0.02048015594482422 1 1
3476 timeout 0.05 1 1
3477 201 0.005559444427490234 1 1
3478 201 0.002857685089111328 1 1
3504 201 0.002960681915283203 1 1
3505 201 0.005064249038696289 1 1
3506 201 0.003726959228515625 1 1
3507 201 0.003290414810180664 1 1
3508 timeout 0.05 1 1
3534 timeout 0.05 1 2
3535 201 0.0036156177520751953 1 2
3536 201 0.0026493072509765625 1 2
3537 201 0.00267791748046875 1 2
3538 201 0.0026082992553710938 1 2
3564 201 0.00489497184753418 1 2
3565 201 0.004060268402099609 1 2
3566 201 0.003785848617553711 1 2
3567 201 0.005461692810058594 1 2
3568 timeout 0.05 1 2
3594 201 0.004057168960571289 1 2
3595 timeout 0.05 1 2
3596 201 0.003877401351928711 1 2
3597 201 0.003618478775024414 1 2
3598 201 0.003105640411376953 1 2
3625 timeout 0.05 1 2
3625 201 0.0036427974700927734 1 2
3626 201 0.004140615463256836 1 2
3627 201 0.003316164016723633 1 2
3628 201 0.0031633377075195312 1 2
