2 0.04 
4 0.06 
6 0.04 
8 0.03 
10 0.03 
12 0.04 
14 0.06 
16 0.05 
18 0.04 
20 0.04 
22 0.04 
24 0.08 
26 0.03 
28 0.07 
30 0.04 
30 0.05 
30 0.04 
30 0.04 
32 1.17 
34 0.56 
36 0.30 
38 0.32 
40 0.45 
42 0.40 
44 0.40 
46 0.23 
48 0.59 
50 0.20 
51 0.19 
53 0.33 
55 0.24 
57 0.42 
59 0.35 
60 0.07 
60 0.04 
60 0.04 
62 0.45 
64 0.56 
66 0.45 
68 0.54 
70 0.64 
72 0.38 
74 0.57 
76 0.41 
78 0.77 
80 0.23 
82 0.48 
84 0.52 
86 0.60 
88 0.27 
90 0.27 
90 0.02 
90 0.04 
90 0.05 
92 0.32 
94 0.25 
96 0.39 
98 0.61 
100 0.36 
102 0.24 
104 0.48 
106 0.94 
108 0.37 
110 0.28 
112 0.48 
114 0.41 
116 0.39 
118 0.40 
120 0.39 
120 0.05 
120 0.08 
120 0.04 
122 0.38 
124 0.21 
126 0.57 
128 0.44 
130 0.50 
132 0.41 
134 0.23 
136 0.25 
138 0.32 
139 0.35 
141 0.56 
143 0.29 
145 0.62 
147 0.35 
149 0.71 
150 0.04 
150 0.04 
150 0.03 
151 0.47 
153 0.36 
155 0.16 
157 0.16 
159 0.32 
161 0.27 
163 0.41 
165 0.24 
167 0.58 
169 0.53 
171 0.51 
173 0.45 
175 0.23 
177 0.48 
179 0.54 
180 0.14 
180 0.04 
180 0.03 
181 0.33 
183 0.36 
185 0.40 
187 0.48 
189 0.20 
191 0.47 
193 0.23 
195 0.33 
197 0.52 
199 0.35 
201 0.66 
203 0.42 
205 0.51 
207 0.41 
209 0.49 
210 0.06 
210 0.08 
210 0.05 
212 1.16 
214 0.45 
216 0.29 
218 0.13 
220 0.41 
222 0.32 
224 0.31 
226 0.21 
228 0.40 
230 0.49 
232 0.29 
234 0.45 
236 0.43 
238 0.28 
240 0.30 
240 0.16 
240 0.03 
240 0.03 
241 0.46 
243 0.44 
245 0.75 
247 0.34 
249 0.63 
251 0.42 
253 0.68 
255 0.41 
257 0.42 
259 0.89 
261 0.41 
263 0.67 
265 0.69 
267 0.78 
269 0.48 
270 0.03 
270 0.04 
270 0.06 
272 0.93 
274 0.53 
276 0.19 
278 0.71 
280 0.74 
282 0.56 
284 0.74 
286 1.01 
288 0.88 
290 0.64 
292 0.41 
294 0.29 
296 1.21 
298 0.64 
299 0.35 
300 0.03 
300 0.05 
300 0.07 
301 0.72 
303 0.24 
305 0.42 
307 0.84 
309 0.72 
311 0.66 
313 0.62 
315 0.53 
317 0.72 
319 0.35 
321 0.46 
323 0.57 
325 0.52 
327 0.48 
329 0.60 
330 0.25 
330 0.04 
330 0.03 
330 0.03 
331 0.98 
333 0.64 
335 0.66 
337 0.78 
339 1.18 
341 0.35 
343 0.41 
345 0.25 
347 0.37 
349 0.52 
351 0.66 
353 0.43 
355 0.33 
357 0.54 
359 0.47 
360 0.42 
360 0.02 
360 0.03 
360 0.04 
361 0.66 
363 0.52 
365 0.55 
367 0.63 
369 0.33 
371 0.74 
373 0.29 
375 0.50 
377 0.35 
379 0.73 
381 0.53 
383 0.71 
385 0.42 
387 0.35 
389 0.85 
390 0.04 
390 0.04 
390 0.04 
392 0.94 
394 0.49 
396 0.72 
398 0.65 
400 0.49 
402 0.58 
404 0.22 
406 0.52 
408 0.75 
410 0.75 
412 0.75 
413 0.26 
415 0.56 
417 0.56 
419 0.44 
420 0.05 
420 0.03 
420 0.05 
422 0.74 
424 0.54 
426 0.77 
428 0.62 
430 1.04 
432 0.53 
434 0.90 
436 0.77 
438 0.76 
440 0.58 
442 0.43 
444 0.52 
446 0.48 
448 0.67 
450 0.50 
450 0.05 
450 0.04 
450 0.03 
452 1.17 
454 0.92 
456 0.40 
458 0.39 
460 0.18 
461 0.37 
463 0.46 
465 0.78 
467 0.68 
469 0.32 
471 0.88 
473 0.34 
475 0.46 
477 0.59 
479 0.46 
480 0.10 
480 0.03 
480 0.04 
482 1.29 
484 0.73 
486 0.95 
488 0.52 
489 0.59 
491 1.10 
493 0.98 
495 0.87 
497 0.90 
499 0.83 
501 0.69 
503 1.18 
505 0.72 
507 0.56 
509 0.48 
510 0.03 
510 0.04 
510 0.06 
512 0.94 
514 0.25 
516 0.56 
518 0.35 
520 0.93 
521 0.82 
523 0.74 
525 0.86 
527 0.54 
529 0.66 
531 0.13 
533 0.23 
535 0.28 
536 0.66 
538 0.68 
540 0.44 
540 0.06 
540 0.02 
540 0.06 
541 1.27 
543 0.70 
545 0.68 
547 1.10 
549 0.83 
551 1.26 
553 0.63 
555 0.71 
557 0.96 
559 1.01 
561 0.88 
563 0.72 
565 0.66 
567 0.63 
569 0.89 
570 0.32 
570 0.04 
570 0.04 
572 0.39 
573 0.34 
575 0.40 
577 0.56 
579 0.32 
581 1.02 
583 0.53 
585 0.55 
587 0.81 
589 0.88 
591 0.54 
593 0.76 
595 0.44 
596 0.59 
598 1.01 
600 0.75 
600 0.06 
600 0.04 
600 0.06 
602 1.01 
604 1.00 
606 0.68 
608 0.59 
610 1.08 
612 0.54 
614 0.90 
616 0.51 
618 0.80 
620 1.10 
621 0.82 
623 0.99 
625 0.77 
627 0.78 
629 0.45 
630 0.06 
630 0.08 
630 0.04 
632 0.77 
634 0.53 
636 0.91 
638 0.91 
639 1.51 
641 0.58 
643 0.75 
645 0.71 
647 0.48 
649 0.75 
651 0.60 
653 0.66 
655 0.89 
657 0.60 
659 1.09 
660 0.03 
660 0.12 
660 0.04 
661 0.73 
663 0.64 
665 0.93 
667 1.10 
669 1.08 
671 1.03 
673 0.93 
675 1.25 
677 0.74 
679 0.85 
681 0.76 
683 0.77 
685 0.68 
687 0.89 
689 0.85 
690 0.43 
690 0.03 
690 0.12 
690 0.04 
691 0.88 
693 0.78 
695 0.76 
697 1.05 
699 0.52 
701 1.38 
703 0.73 
705 0.47 
707 0.40 
709 0.73 
711 1.06 
712 0.88 
714 0.79 
716 0.45 
718 0.68 
720 0.51 
720 0.05 
720 0.02 
720 0.06 
722 1.37 
724 1.36 
726 1.45 
728 1.22 
730 1.50 
732 1.09 
734 0.84 
735 0.62 
737 0.60 
739 0.75 
741 0.74 
743 0.60 
745 0.88 
747 1.70 
749 1.09 
750 0.14 
750 0.04 
750 0.04 
752 1.29 
753 0.58 
755 0.98 
757 0.63 
759 1.28 
761 0.91 
763 0.91 
765 0.57 
767 0.52 
769 1.12 
770 1.13 
772 0.74 
774 1.02 
776 0.90 
778 0.80 
780 0.66 
780 0.03 
780 0.03 
780 0.10 
781 1.02 
783 1.10 
785 0.68 
787 1.04 
789 0.78 
791 1.10 
793 1.06 
795 1.02 
796 0.83 
798 1.07 
800 1.22 
802 1.25 
804 0.66 
806 0.80 
808 1.17 
810 1.11 
810 0.06 
810 0.04 
810 0.04 
811 0.96 
813 0.68 
815 1.15 
817 1.32 
819 1.55 
821 1.01 
823 0.52 
825 0.47 
826 1.09 
828 1.15 
830 1.04 
832 0.66 
834 0.61 
836 1.06 
838 1.19 
840 0.67 
840 0.03 
840 0.06 
840 0.03 
841 1.63 
843 0.80 
845 0.83 
847 1.24 
849 1.07 
851 1.13 
853 0.77 
855 0.87 
857 0.76 
858 0.22 
860 0.48 
862 0.99 
864 0.94 
866 1.51 
868 0.52 
870 0.21 
870 0.05 
870 0.03 
870 0.06 
871 1.07 
873 2.17 
875 0.99 
877 0.79 
879 0.88 
881 0.67 
883 1.04 
885 1.01 
886 1.04 
888 0.90 
890 0.72 
892 0.93 
894 0.85 
896 0.58 
897 0.97 
899 1.00 
900 0.04 
900 0.04 
900 0.04 
902 1.14 
904 1.77 
905 1.15 
907 0.89 
909 0.99 
911 0.89 
913 0.81 
915 1.88 
917 1.24 
919 0.78 
921 1.31 
923 0.78 
925 0.85 
927 0.87 
929 0.62 
930 0.57 
930 0.07 
930 0.12 
930 0.04 
932 0.76 
934 1.00 
936 0.44 
937 0.64 
939 1.01 
941 1.05 
943 0.60 
945 0.47 
947 0.41 
949 0.29 
951 0.50 
952 1.02 
954 1.52 
956 1.31 
958 1.17 
960 0.34 
960 0.06 
960 0.04 
960 0.05 
962 1.90 
964 1.19 
966 1.35 
968 1.45 
970 1.18 
972 1.79 
974 1.49 
976 1.88 
977 0.83 
979 1.16 
981 0.60 
983 1.05 
985 1.18 
987 1.65 
989 0.65 
990 0.44 
990 0.05 
990 0.05 
990 0.04 
991 0.58 
993 0.88 
995 1.50 
997 0.95 
998 1.02 
1000 1.28 
1002 1.54 
1004 1.06 
1006 1.18 
1008 0.51 
1010 0.95 
1011 0.84 
1013 0.92 
1015 2.00 
1017 1.20 
1019 1.09 
1020 0.04 
1020 0.03 
1020 0.04 
1022 1.40 
1023 1.30 
1025 0.82 
1027 1.41 
1029 1.59 
1031 1.74 
1033 1.05 
1035 0.96 
1037 1.49 
1038 1.40 
1040 1.48 
1042 0.89 
1044 0.39 
1046 0.66 
1048 1.08 
1050 1.09 
1050 0.03 
1050 0.02 
1050 0.05 
1052 1.21 
1054 0.65 
1056 1.40 
1058 1.15 
1059 0.84 
1061 0.90 
1063 0.76 
1065 0.79 
1067 0.94 
1069 1.59 
1071 0.75 
1073 1.39 
1074 1.82 
1076 1.24 
1078 0.87 
1080 0.74 
1080 0.11 
1080 0.05 
1080 0.04 
1082 0.83 
1083 1.05 
1085 1.28 
1087 1.19 
1089 1.17 
1091 1.48 
1093 1.50 
1095 0.59 
1096 0.61 
1098 1.04 
1100 0.91 
1102 1.16 
1104 2.08 
1106 1.34 
1108 0.79 
1109 0.76 
1110 0.10 
1110 0.05 
1110 0.04 
1112 1.34 
1114 1.14 
1116 0.63 
1118 1.97 
1120 1.60 
1121 1.58 
1123 1.18 
1125 1.08 
1127 0.95 
1129 0.68 
1131 0.74 
1133 1.31 
1135 0.83 
1136 0.64 
1138 1.10 
1140 1.44 
1140 0.07 
1140 0.05 
1140 0.04 
1142 1.24 
1143 0.92 
1145 1.10 
1147 1.10 
1149 1.00 
1151 0.53 
1153 1.23 
1155 1.00 
1157 1.35 
1159 1.49 
1160 0.93 
1162 1.26 
1164 0.60 
1166 0.80 
1168 0.78 
1170 1.12 
1170 0.02 
1170 0.02 
1170 0.11 
1171 1.09 
1173 0.83 
1175 1.11 
1177 1.45 
1179 1.85 
1180 1.19 
1182 0.90 
1184 0.97 
1186 1.18 
1188 1.61 
1190 0.67 
1192 1.16 
1194 1.27 
1196 1.43 
1198 0.88 
1199 0.69 
1200 0.03 
1200 0.08 
1200 0.04 
1202 0.83 
1204 0.61 
1205 1.32 
1207 0.99 
1209 0.78 
1211 1.05 
1213 1.01 
1215 0.34 
1217 0.70 
1219 0.93 
1221 0.61 
1222 1.26 
1224 0.76 
1226 0.48 
1228 0.63 
1230 0.76 
1230 0.03 
1230 0.04 
1230 0.05 
1232 0.66 
1233 0.84 
1235 1.53 
1237 0.91 
1239 1.30 
1241 0.84 
1243 0.73 
1245 0.75 
1247 1.60 
1249 0.96 
1251 0.61 
1253 1.02 
1254 0.99 
1256 1.08 
1258 1.49 
1260 0.52 
1260 0.02 
1260 0.04 
1260 0.05 
1261 1.00 
1263 0.98 
1265 1.29 
1267 1.27 
1269 0.77 
1271 0.68 
1273 1.04 
1275 0.98 
1276 0.56 
1278 1.09 
1280 0.65 
1282 0.49 
1284 0.71 
1286 1.13 
1288 1.32 
1290 0.60 
1290 0.04 
1290 0.05 
1290 0.03 
1291 1.14 
1293 0.88 
1295 0.62 
1297 1.43 
1299 1.13 
1301 1.06 
1303 0.66 
1305 0.88 
1307 0.95 
1309 1.52 
1311 0.93 
1312 0.91 
1314 1.30 
1316 0.91 
1318 1.28 
1320 0.41 
1320 0.03 
1320 0.03 
1320 0.04 
1321 0.82 
1323 0.83 
1325 0.93 
1327 0.51 
1329 0.49 
1331 1.14 
1333 1.40 
1335 1.54 
1336 0.45 
1338 0.46 
1340 0.65 
1342 1.05 
1344 0.73 
1346 0.72 
1348 1.69 
1350 0.82 
1350 0.04 
1350 0.03 
1350 0.05 
1351 1.41 
1353 0.95 
1355 0.75 
1357 0.93 
1359 0.65 
1361 0.97 
1363 0.50 
1364 1.32 
1366 0.88 
1368 0.84 
1370 1.18 
1372 0.76 
1374 1.39 
1376 0.70 
1377 0.91 
1379 1.12 
1380 0.04 
1380 0.05 
1380 0.05 
1381 0.62 
1383 1.27 
1385 0.95 
1387 1.51 
1389 0.90 
1391 1.28 
1393 0.52 
1395 0.60 
1396 0.63 
1398 0.84 
1400 0.89 
1402 1.11 
1404 0.55 
1406 0.66 
1408 0.66 
1409 0.72 
1410 0.08 
1410 0.03 
1410 0.05 
1411 0.65 
1413 1.13 
1415 1.56 
1417 1.05 
1419 0.87 
1421 1.45 
1423 1.16 
1425 0.89 
1427 1.06 
1428 0.78 
1430 0.86 
1432 0.94 
1434 0.72 
1436 0.51 
1438 0.98 
1440 0.82 
1440 0.04 
1440 0.05 
1440 0.04 
1441 0.81 
1443 0.59 
1445 0.80 
1447 0.81 
1449 1.06 
1451 0.66 
1453 0.60 
1455 0.47 
1457 0.85 
1459 0.68 
1461 0.55 
1463 1.01 
1465 0.73 
1467 0.47 
1468 1.10 
1470 0.41 
1470 0.03 
1470 0.03 
1470 0.05 
1472 1.40 
1474 1.27 
1476 0.92 
1478 0.73 
1480 0.72 
1482 0.65 
1484 0.68 
1486 0.74 
1488 1.09 
1490 0.76 
1492 0.86 
1494 0.63 
1495 0.47 
1497 1.04 
1499 0.56 
1500 0.03 
1500 0.04 
1500 0.06 
1501 0.78 
1503 0.51 
1505 0.95 
1507 0.53 
1509 1.55 
1511 0.77 
1513 0.69 
1515 1.07 
1517 0.75 
1519 0.81 
1521 0.56 
1523 0.95 
1525 0.56 
1526 0.51 
1528 0.93 
1530 0.41 
1530 0.04 
1530 0.03 
1530 0.05 
1531 1.21 
1533 0.48 
1535 0.74 
1537 0.76 
1539 0.64 
1541 0.74 
1543 0.96 
1545 0.82 
1547 0.71 
1549 0.60 
1551 0.46 
1553 0.70 
1554 0.60 
1556 0.91 
1558 0.46 
1560 0.24 
1560 0.04 
1560 0.05 
1560 0.04 
1561 1.57 
1563 0.47 
1565 0.80 
1567 0.88 
1569 1.06 
1571 0.62 
1573 0.91 
1575 0.38 
1577 0.45 
1578 0.60 
1580 0.48 
1582 0.39 
1584 0.73 
1586 0.29 
1588 0.47 
1590 1.03 
1590 0.04 
1590 0.05 
1590 0.04 
1592 0.92 
1593 0.75 
1595 0.76 
1597 0.85 
1599 1.22 
1601 0.89 
1603 0.63 
1605 1.13 
1607 0.67 
1609 1.12 
1611 0.48 
1613 0.85 
1615 0.53 
1617 1.05 
1619 0.69 
1620 0.43 
1620 0.05 
1620 0.03 
1621 0.44 
1623 0.55 
1625 0.84 
1627 0.46 
1629 0.77 
1631 0.81 
1633 1.11 
1634 0.55 
1636 1.00 
1638 0.63 
1640 1.18 
1642 0.75 
1644 0.87 
1646 0.63 
1648 0.81 
1650 0.78 
1650 0.05 
1650 0.04 
1650 0.03 
1652 0.98 
1654 1.07 
1656 0.56 
1658 0.64 
1660 0.89 
1662 1.29 
1664 1.00 
1666 0.73 
1668 0.64 
1669 0.67 
1671 1.06 
1673 0.43 
1675 0.64 
1677 0.63 
1679 0.64 
1680 0.13 
1680 0.05 
1680 0.05 
1681 0.69 
1683 0.41 
1685 0.47 
1687 0.24 
1689 0.42 
1691 0.94 
1693 0.51 
1695 0.71 
1697 0.55 
1699 0.70 
1701 0.29 
1703 0.37 
1705 0.74 
1706 0.29 
1708 0.42 
1710 0.46 
1710 0.04 
1710 0.04 
1710 0.06 
1711 0.75 
1713 1.20 
1715 0.37 
1717 0.49 
1719 0.59 
1721 0.49 
1723 0.50 
1725 0.63 
1727 0.35 
1729 0.78 
1731 0.28 
1733 0.99 
1735 0.52 
1737 0.55 
1739 0.64 
1740 0.15 
1740 0.05 
1740 0.06 
1740 0.04 
1742 0.82 
1744 0.49 
1746 0.13 
1748 0.74 
1749 0.58 
1751 0.25 
1753 0.49 
1755 0.53 
1757 0.43 
1759 0.45 
1761 0.47 
1763 0.54 
1765 0.44 
1767 0.88 
1769 0.42 
1770 0.34 
1770 0.05 
1770 0.07 
1770 0.05 
1771 0.35 
1773 0.49 
1775 0.92 
1777 0.60 
1779 0.54 
1781 0.43 
1783 0.69 
1785 0.36 
1787 0.47 
1789 0.63 
1791 0.55 
1793 0.58 
1795 0.53 
1797 0.61 
1799 0.72 
1800 0.03 
1800 0.09 
1800 0.08 
1802 0.32 
1804 0.69 
1805 0.30 
1807 0.57 
1809 0.36 
1811 0.29 
1813 0.46 
1815 0.66 
1817 0.42 
1819 0.72 
1821 0.67 
1823 0.38 
1825 0.71 
1827 0.51 
1829 0.41 
1830 0.26 
1830 0.06 
1830 0.07 
1830 0.04 
1831 1.04 
1833 0.67 
1835 0.54 
1837 0.63 
1839 0.45 
1841 0.51 
1843 0.69 
1845 0.54 
1847 0.74 
1849 0.67 
1851 0.52 
1853 0.62 
1855 0.69 
1857 0.49 
1859 0.38 
1860 0.04 
1860 0.06 
1860 0.06 
1862 1.11 
1864 0.70 
1866 0.60 
1868 0.28 
1869 0.67 
1871 0.49 
1873 0.41 
1875 0.70 
1877 0.75 
1879 0.65 
1881 0.42 
1883 0.70 
1885 0.95 
1887 0.32 
1889 1.07 
1890 0.05 
1890 0.13 
1890 0.06 
1892 0.49 
1894 0.65 
1896 0.51 
1898 0.48 
1900 0.42 
1901 0.27 
1903 0.23 
1905 0.39 
1907 0.18 
1909 0.61 
1911 0.43 
1913 0.48 
1915 0.61 
1917 0.93 
1919 0.39 
1920 0.33 
1920 0.07 
1920 0.07 
1922 0.38 
1924 0.43 
1926 0.35 
1928 0.43 
1930 0.28 
1932 0.43 
1934 0.58 
1936 0.13 
1938 0.38 
1940 0.57 
1942 0.41 
1944 0.41 
1946 0.35 
1947 0.28 
1949 0.91 
1950 0.07 
1950 0.05 
1950 0.06 
1952 0.46 
1954 0.41 
1956 0.52 
1958 0.25 
1960 0.39 
1962 0.48 
1964 0.28 
1966 0.34 
1968 0.28 
1970 0.31 
1972 0.44 
1974 0.20 
1976 0.28 
1978 0.27 
1980 0.29 
1980 0.12 
1980 0.07 
1980 0.14 
1982 0.24 
1984 0.31 
1986 0.47 
1987 0.35 
1989 0.50 
1991 0.25 
1993 0.42 
1995 0.46 
1997 0.36 
1999 0.28 
2001 0.34 
2003 0.30 
2005 0.68 
2007 0.36 
2009 0.48 
2010 0.06 
2010 0.06 
2010 0.08 
2011 0.28 
2013 0.24 
2015 0.39 
2017 0.38 
2019 0.53 
2021 0.52 
2023 0.34 
2025 0.25 
2027 0.30 
2029 0.75 
2031 0.47 
2033 0.42 
2035 0.98 
2037 0.22 
2039 0.22 
2040 0.09 
2040 0.04 
2040 0.05 
2042 0.43 
2044 0.45 
2046 0.31 
2048 0.67 
2050 0.37 
2052 0.36 
2054 0.38 
2056 0.26 
2058 0.53 
2060 0.39 
2061 0.19 
2063 0.26 
2065 0.36 
2067 0.28 
2069 0.24 
2070 0.05 
2070 0.03 
2070 0.03 
2072 0.48 
2074 0.12 
2076 0.29 
2078 0.31 
2080 0.35 
2082 0.66 
2084 0.50 
2085 0.30 
2087 0.09 
2089 0.56 
2091 0.30 
2093 0.62 
2095 0.42 
2097 0.37 
2099 0.55 
2100 0.05 
2100 0.03 
2100 0.15 
2102 0.29 
2104 0.22 
2106 0.40 
2108 0.49 
2110 0.54 
2112 0.57 
2114 0.50 
2116 0.47 
2118 0.55 
2120 0.20 
2122 0.25 
2124 0.16 
2126 0.15 
2127 0.28 
2129 0.21 
2130 0.06 
2130 0.10 
2130 0.04 
2131 0.58 
2133 0.44 
2135 0.39 
2137 0.47 
2139 0.92 
2141 0.25 
2143 0.28 
2145 0.27 
2147 0.21 
2149 0.66 
2151 0.45 
2153 0.41 
2155 0.46 
2157 0.96 
2159 0.45 
2160 0.06 
2160 0.03 
2160 0.02 
2162 0.93 
2164 0.69 
2166 0.38 
2168 0.75 
2170 0.59 
2172 1.08 
2174 0.70 
2176 1.12 
2178 0.51 
2180 0.70 
2182 0.56 
2184 0.54 
2186 0.80 
2188 0.36 
2190 0.60 
2190 0.07 
2190 0.03 
2190 0.06 
2191 0.66 
2193 0.74 
2195 0.56 
2197 0.31 
2199 0.54 
2201 0.46 
2203 0.38 
2205 0.59 
2207 0.48 
2209 0.30 
2211 0.37 
2213 0.82 
2215 0.36 
2217 0.34 
2219 0.90 
2220 0.16 
2220 0.05 
2220 0.04 
2220 0.04 
2222 0.90 
2223 0.80 
2225 0.69 
2227 0.47 
2229 0.50 
2231 0.76 
2233 0.56 
2235 0.49 
2237 0.52 
2239 0.77 
2241 0.33 
2243 0.46 
2245 0.40 
2247 0.61 
2249 0.63 
2250 0.07 
2250 0.05 
2250 0.03 
2252 0.49 
2254 0.33 
2256 0.44 
2258 0.54 
2260 0.54 
2262 0.45 
2264 0.32 
2266 0.62 
2268 0.70 
2270 0.56 
2271 0.20 
2273 0.42 
2275 0.33 
2277 0.69 
2279 0.61 
2280 0.03 
2280 0.03 
2280 0.04 
2282 1.00 
2284 0.46 
2286 0.47 
2288 0.82 
2290 0.57 
2292 0.54 
2294 0.41 
2296 0.59 
2298 0.83 
2300 0.41 
2302 0.78 
2304 0.71 
2306 0.47 
2308 0.40 
2309 0.57 
2310 0.07 
2310 0.08 
2310 0.05 
2311 0.90 
2313 0.61 
2315 1.04 
2317 0.33 
2319 0.67 
2321 0.47 
2323 0.45 
2325 0.66 
2327 0.51 
2329 0.47 
2331 0.60 
2333 0.47 
2335 0.89 
2337 0.27 
2339 0.32 
2340 0.17 
2340 0.05 
2340 0.03 
2340 0.04 
2342 0.54 
2344 0.41 
2346 1.27 
2347 0.69 
2349 0.27 
2351 0.56 
2353 0.53 
2355 0.43 
2357 0.67 
2359 0.50 
2361 0.46 
2363 0.72 
2365 0.78 
2367 0.75 
2369 0.63 
2370 0.08 
2370 0.08 
2370 0.05 
2372 0.68 
2374 0.43 
2376 0.60 
2377 0.65 
2379 0.23 
2381 0.21 
2383 0.42 
2385 0.58 
2387 0.78 
2389 0.44 
2391 0.50 
2393 0.53 
2395 0.42 
2397 0.79 
2399 0.65 
2400 0.08 
2400 0.04 
2400 0.08 
2402 0.80 
2403 0.67 
2405 1.08 
2407 0.54 
2409 0.56 
2411 0.44 
2413 0.87 
2415 0.64 
2417 0.65 
2419 0.80 
2421 1.06 
2423 1.37 
2425 0.67 
2427 0.68 
2429 0.50 
2430 0.28 
2430 0.11 
2430 0.04 
2431 1.40 
2433 0.74 
2435 0.69 
2437 0.90 
2439 0.93 
2441 0.93 
2443 1.06 
2445 0.62 
2447 1.22 
2449 1.01 
2451 1.05 
2453 0.47 
2455 1.39 
2457 0.61 
2459 0.97 
2460 0.03 
2460 0.04 
2460 0.03 
2462 0.57 
2464 0.72 
2466 1.11 
2468 0.45 
2469 0.64 
2471 0.45 
2473 0.83 
2475 0.90 
2477 0.49 
2479 0.58 
2481 0.63 
2483 1.21 
2484 0.29 
2486 0.51 
2488 0.45 
2490 0.62 
2490 0.04 
2490 0.05 
2490 0.04 
2491 0.51 
2493 0.94 
2495 0.59 
2497 0.99 
2499 0.66 
2501 0.91 
2502 0.55 
2504 0.78 
2506 0.75 
2508 1.08 
2510 0.83 
2512 0.79 
2514 0.71 
2516 0.92 
2518 1.02 
2520 0.46 
2520 0.05 
2520 0.03 
2520 0.06 
2521 1.08 
2523 1.01 
2525 0.90 
2527 0.78 
2529 0.96 
2531 0.47 
2533 0.69 
2535 0.48 
2537 0.80 
2539 0.75 
2541 0.80 
2543 0.61 
2545 0.70 
2547 0.64 
2549 0.59 
2550 0.06 
2550 0.06 
2550 0.06 
2552 1.28 
2554 0.58 
2555 0.56 
2557 0.86 
2559 0.95 
2561 0.70 
2563 0.91 
2565 0.66 
2567 1.02 
2569 0.47 
2571 0.82 
2573 0.91 
2575 1.01 
2577 0.64 
2579 0.70 
2580 0.03 
2580 0.04 
2580 0.06 
2582 0.90 
2584 0.77 
2586 0.42 
2588 0.59 
2589 0.19 
2591 0.32 
2593 0.67 
2595 0.39 
2597 0.74 
2599 0.57 
2601 0.65 
2603 0.82 
2605 0.84 
2607 0.75 
2609 0.59 
2610 0.19 
2610 0.08 
2610 0.05 
2610 0.04 
2611 0.83 
2613 0.88 
2615 0.87 
2617 0.73 
2619 1.04 
2621 0.81 
2623 0.45 
2625 0.73 
2627 1.47 
2629 0.96 
2630 0.52 
2632 0.89 
2634 0.47 
2636 0.25 
2638 0.84 
2640 0.63 
2640 0.02 
2640 0.06 
2640 0.06 
2642 1.48 
2644 1.63 
2646 1.23 
2648 1.10 
2650 1.19 
2652 0.91 
2653 0.94 
2655 1.16 
2657 0.75 
2659 0.90 
2661 0.64 
2663 0.94 
2665 1.03 
2667 1.19 
2669 0.83 
2670 0.25 
2670 0.04 
2670 0.05 
2671 1.34 
2673 1.15 
2675 1.01 
2677 0.52 
2679 1.09 
2681 0.75 
2683 0.99 
2685 1.20 
2686 1.31 
2688 0.75 
2690 0.53 
2692 0.64 
2694 0.50 
2696 1.39 
2698 0.45 
2699 0.63 
2700 0.06 
2700 0.11 
2700 0.08 
2702 1.24 
2704 1.08 
2706 1.08 
2708 1.26 
2710 0.67 
2712 0.94 
2714 0.94 
2715 1.10 
2717 1.36 
2719 0.90 
2721 0.67 
2723 1.06 
2725 0.58 
2727 0.75 
2729 1.21 
2730 0.20 
2730 0.05 
2730 0.04 
2732 1.43 
2734 1.71 
2736 1.10 
2738 1.11 
2739 0.87 
2741 0.79 
2743 0.76 
2745 0.61 
2747 0.84 
2749 0.94 
2751 0.69 
2753 0.99 
2755 0.84 
2756 0.91 
2758 0.73 
2760 1.14 
2760 0.04 
2760 0.06 
2760 0.04 
2761 0.48 
2763 2.06 
2765 1.16 
2767 1.11 
2769 0.99 
2770 0.81 
2772 0.97 
2774 1.47 
2776 0.80 
2778 0.77 
2780 1.44 
2782 1.63 
2784 0.72 
2786 0.39 
2787 0.55 
2789 0.63 
2790 0.06 
2790 0.03 
2790 0.03 
2792 0.61 
2794 1.08 
2796 1.02 
2798 1.05 
2800 1.22 
2802 0.90 
2804 0.55 
2805 0.90 
2807 0.93 
2809 0.64 
2811 0.95 
2813 0.94 
2815 0.99 
2817 0.62 
2819 1.13 
2820 0.24 
2820 0.07 
2820 0.05 
2820 0.03 
2821 1.08 
2823 1.63 
2825 0.70 
2827 1.41 
2829 0.99 
2831 0.90 
2833 0.91 
2835 0.87 
2837 1.00 
2839 0.99 
2841 1.16 
2843 0.82 
2844 0.87 
2846 0.68 
2848 1.17 
2850 0.72 
2850 0.05 
2850 0.07 
2850 0.05 
2852 2.23 
2854 1.64 
2856 0.91 
2858 1.07 
2859 1.13 
2861 0.74 
2863 0.77 
2865 0.99 
2867 0.61 
2869 1.42 
2871 1.56 
2873 0.73 
2875 0.39 
2877 0.88 
2878 0.87 
2880 0.31 
2880 0.05 
2880 0.03 
2880 0.04 
2882 1.89 
2884 1.10 
2886 1.43 
2888 1.61 
2890 1.37 
2892 1.69 
2894 1.07 
2895 0.28 
2897 0.39 
2899 0.91 
2901 0.65 
2903 1.08 
2905 0.98 
2907 1.12 
2909 1.42 
2910 0.39 
2910 0.04 
2910 0.07 
2910 0.06 
2911 0.65 
2913 1.20 
2915 1.46 
2917 1.43 
2919 1.32 
2921 1.28 
2923 1.17 
2924 1.00 
2926 0.89 
2928 0.75 
2930 0.56 
2932 0.83 
2934 1.07 
2936 1.16 
2937 1.56 
2939 1.24 
2940 0.06 
2940 0.26 
2940 0.04 
2942 1.58 
2943 0.63 
2945 2.50 
2947 1.52 
2949 0.83 
2951 1.69 
2953 1.10 
2954 0.92 
2956 0.92 
2958 0.21 
2960 0.10 
2962 0.11 
2964 0.93 
2965 0.47 
2967 0.19 
2969 0.40 
2970 0.05 
2970 0.06 
2970 0.04 
2972 0.40 
2974 0.92 
2976 1.14 
2977 1.21 
2979 1.17 
2981 0.96 
2983 1.59 
2985 1.72 
2987 0.41 
2989 0.73 
2991 0.48 
2993 0.42 
2995 1.29 
2996 1.24 
2998 1.31 
3000 0.49 
3000 0.10 
3000 0.05 
3000 0.04 
3001 0.58 
3003 2.13 
3005 1.09 
3007 1.70 
3009 1.38 
3011 1.26 
3013 0.86 
3015 1.03 
3016 1.40 
3018 1.72 
3020 1.50 
3022 0.86 
3024 1.24 
3026 0.71 
3028 0.98 
3029 1.04 
3030 0.03 
3030 0.06 
3030 0.07 
3032 1.50 
3033 1.25 
3035 1.10 
3037 0.76 
3039 1.57 
3041 0.57 
3043 1.39 
3045 1.10 
3047 1.39 
3048 0.59 
3050 0.99 
3052 1.24 
3054 1.18 
3056 0.68 
3058 0.76 
3059 1.29 
3060 0.05 
3060 0.07 
3060 0.05 
3062 1.61 
3064 1.58 
3066 1.20 
3068 1.59 
3070 1.41 
3072 0.66 
3073 1.03 
3075 1.39 
3077 1.16 
3079 1.04 
3081 1.00 
3083 0.80 
3085 1.23 
3087 0.99 
3089 0.76 
3090 0.94 
3090 0.14 
3090 0.04 
3090 0.04 
3092 1.48 
3094 0.88 
3096 0.57 
3098 1.67 
3100 1.08 
3101 0.61 
3103 1.05 
3105 0.76 
3107 1.30 
3109 1.09 
3111 0.44 
3113 0.42 
3115 1.18 
3117 1.56 
3119 1.64 
3120 0.07 
3120 0.03 
3120 0.05 
3120 0.04 
3121 1.11 
3123 0.84 
3125 0.65 
3127 0.55 
3129 1.62 
3131 1.02 
3133 1.11 
3135 0.94 
3137 1.49 
3138 0.54 
3140 0.15 
3142 0.33 
3144 0.36 
3146 0.45 
3147 0.50 
3149 0.48 
3150 0.05 
3150 0.04 
3150 0.03 
3152 1.12 
3154 0.81 
3156 1.14 
3158 1.09 
3160 1.32 
3162 1.35 
3164 0.76 
3165 0.78 
3167 0.56 
3169 1.28 
3171 1.04 
3173 0.58 
3175 0.74 
3177 0.90 
3179 0.86 
3180 0.23 
3180 0.08 
3180 0.03 
3180 0.04 
3181 0.67 
3183 0.98 
3185 1.24 
3187 0.92 
3189 0.83 
3191 0.87 
3193 0.78 
3195 0.99 
3197 1.47 
3199 1.16 
3201 0.35 
3203 0.62 
3204 0.91 
3206 0.41 
3208 0.55 
3210 0.39 
3210 0.07 
3210 0.04 
3210 0.08 
3211 0.73 
3213 1.78 
3215 1.56 
3217 1.25 
3219 1.31 
3221 0.37 
3223 0.29 
3225 0.83 
3227 0.51 
3228 0.64 
3230 0.20 
3232 0.44 
3234 0.76 
3236 0.64 
3238 0.67 
3240 0.78 
3240 0.05 
3240 0.02 
3240 0.05 
3242 1.36 
3243 0.54 
3245 1.21 
3247 1.10 
3249 0.90 
3251 0.94 
3253 0.87 
3255 0.96 
3257 0.78 
3259 1.20 
3261 1.61 
3263 0.33 
3265 1.24 
3266 0.70 
3268 0.97 
3270 0.73 
3270 0.10 
3270 0.06 
3270 0.05 
3271 1.12 
3273 1.39 
3275 1.00 
3277 0.99 
3279 0.56 
3281 0.68 
3283 1.35 
3285 1.17 
3286 1.16 
3288 0.43 
3290 0.51 
3292 0.90 
3294 1.21 
3296 0.90 
3298 0.60 
3300 0.75 
3300 0.04 
3300 0.09 
3300 0.03 
3301 0.56 
3303 1.54 
3305 0.87 
3307 0.50 
3309 0.77 
3311 1.13 
3313 0.88 
3314 1.42 
3316 0.80 
3318 0.86 
3320 0.39 
3322 0.37 
3324 0.89 
3325 0.71 
3327 0.36 
3329 0.72 
3330 0.03 
3330 0.07 
3330 0.07 
3332 1.85 
3334 1.22 
3336 0.72 
3337 0.84 
3339 1.47 
3341 0.95 
3343 0.93 
3345 1.35 
3347 1.46 
3349 1.05 
3351 0.79 
3353 0.91 
3355 0.83 
3356 0.82 
3358 0.64 
3360 1.03 
3360 0.06 
3360 0.09 
3360 0.04 
3361 0.73 
3363 0.58 
3365 0.53 
3367 0.47 
3369 0.90 
3371 1.13 
3372 0.38 
3374 0.91 
3376 0.54 
3378 0.42 
3380 0.89 
3382 0.47 
3384 0.60 
3385 0.54 
3387 0.60 
3389 0.97 
3390 0.07 
3390 0.08 
3390 0.03 
3392 0.86 
3394 0.74 
3396 0.49 
3398 0.31 
3400 1.18 
3402 0.50 
3404 0.20 
3406 0.95 
3408 0.90 
3410 0.88 
3412 1.20 
3414 0.78 
3416 0.78 
3417 0.57 
3419 0.93 
3420 0.04 
3420 0.03 
3420 0.04 
3421 0.71 
3423 0.71 
3425 0.66 
3427 1.35 
3429 1.21 
3431 0.55 
3433 0.64 
3435 0.57 
3437 0.28 
3439 0.32 
3440 0.44 
3442 0.49 
3444 0.89 
3446 0.94 
3448 1.03 
3450 0.27 
3450 0.02 
3450 0.03 
3450 0.05 
3452 0.59 
3454 0.65 
3456 0.94 
3458 0.65 
3460 0.89 
3461 0.74 
3463 0.75 
3465 0.58 
3467 1.17 
3469 0.38 
3471 0.47 
3473 0.88 
3475 0.87 
3477 0.30 
3479 0.57 
3480 0.29 
3480 0.05 
3480 0.06 
3480 0.03 
3481 0.16 
3483 0.43 
3485 0.54 
3487 1.24 
3489 0.79 
3491 0.89 
3493 0.55 
3495 0.35 
3497 0.69 
3499 0.99 
3501 0.69 
3502 0.97 
3504 0.77 
3506 0.84 
3508 0.38 
3510 0.40 
3510 0.08 
3510 0.05 
3510 0.07 
3511 1.16 
3513 0.66 
3515 0.93 
3517 0.64 
3519 0.76 
3520 0.48 
3522 1.11 
3524 0.74 
3526 1.10 
3528 1.04 
3530 0.72 
3532 0.62 
3534 0.47 
3536 0.41 
3538 0.43 
3540 1.05 
3540 0.05 
3540 0.06 
3540 0.04 
3542 1.60 
3544 0.96 
3546 0.58 
3548 0.86 
3550 0.45 
3552 0.81 
3554 0.48 
3555 0.54 
3557 0.70 
3559 0.59 
3561 0.68 
3563 0.56 
3565 0.42 
3567 0.58 
3569 0.65 
3570 0.11 
3570 0.02 
3570 0.07 
3572 1.00 
3574 0.80 
3575 0.81 
3577 0.76 
3579 0.92 
3581 0.72 
3583 0.97 
3585 1.07 
3587 0.91 
3589 1.01 
3591 0.45 
3593 0.65 
3595 0.59 
3597 0.95 
3599 0.66 
3600 0.41 
3600 0.02 
3600 0.06 
3600 0.04 
3602 0.41 
3604 0.60 
3605 0.29 
3607 0.53 
3609 0.37 
3611 0.78 
3613 0.14 
3615 0.39 
3617 0.62 
3619 0.60 
3621 0.53 
3623 0.51 
3625 0.60 
3626 0.23 
3628 0.18 
3630 0.23 
