25 201 0.01211237907409668 1 1
26 201 0.021251440048217773 1 1
27 201 0.011381864547729492 1 1
28 201 0.01034235954284668 1 1
29 201 0.01113128662109375 1 1
55 201 0.00457453727722168 1 1
56 201 0.00483393669128418 1 1
57 201 0.0059506893157958984 1 1
57 201 0.006937503814697266 1 1
58 201 0.004679203033447266 1 1
85 201 0.004997730255126953 1 1
86 201 0.004740476608276367 1 1
87 201 0.004342555999755859 1 1
88 201 0.004521608352661133 1 1
89 201 0.00468754768371582 1 1
115 201 0.004250526428222656 1 1
116 201 0.007994651794433594 1 1
117 201 0.005333662033081055 1 1
118 201 0.005109310150146484 1 1
119 201 0.0045948028564453125 1 1
145 201 0.007486820220947266 1 1
146 201 0.0057926177978515625 1 1
147 201 0.0065190792083740234 1 1
148 201 0.006738185882568359 1 1
149 201 0.0061533451080322266 1 1
175 201 0.004774808883666992 1 1
176 201 0.005326986312866211 1 1
177 201 0.005242109298706055 1 1
178 201 0.006977558135986328 1 1
179 201 0.00505375862121582 1 1
205 201 0.00433349609375 1 1
206 201 0.00534820556640625 1 1
207 201 0.005610466003417969 1 1
208 201 0.004830837249755859 1 1
209 201 0.004500865936279297 1 1
235 201 0.007020235061645508 1 1
236 201 0.005290985107421875 1 1
237 201 0.005015850067138672 1 1
237 201 0.008280754089355469 1 1
238 201 0.006539821624755859 1 1
264 201 0.005028963088989258 1 1
265 201 0.004252195358276367 1 1
266 201 0.006008148193359375 1 1
268 201 0.026521921157836914 1 1
268 201 0.004528522491455078 1 1
295 201 0.005337715148925781 1 1
295 201 0.005815982818603516 1 1
296 201 0.007214784622192383 1 1
297 201 0.006961345672607422 1 1
298 201 0.004318952560424805 1 1
324 201 0.004849672317504883 1 1
325 201 0.00615382194519043 1 1
326 201 0.0044405460357666016 1 1
328 201 0.012469053268432617 1 1
329 201 0.006149768829345703 1 1
355 201 0.004438161849975586 1 1
355 201 0.005506038665771484 1 1
356 201 0.004609584808349609 1 1
357 201 0.004393577575683594 1 1
358 201 0.004338741302490234 1 1
385 201 0.005865335464477539 1 1
385 201 0.004042148590087891 1 1
386 201 0.004956245422363281 1 1
387 201 0.0051076412200927734 1 1
389 201 0.011113643646240234 1 1
414 201 0.005674839019775391 1 1
415 201 0.003397226333618164 1 1
416 201 0.004375457763671875 1 1
417 201 0.004767656326293945 1 1
418 201 0.003599882125854492 1 1
445 201 0.004350423812866211 1 1
446 201 0.0049266815185546875 1 1
447 201 0.0060231685638427734 1 1
448 201 0.004854917526245117 1 1
448 201 0.004312038421630859 1 1
474 201 0.004818916320800781 1 1
475 201 0.004511117935180664 1 1
476 201 0.004731655120849609 1 1
477 201 0.005782127380371094 1 1
478 201 0.0047607421875 1 1
504 201 0.0048139095306396484 1 1
505 201 0.006029605865478516 1 1
506 201 0.004269838333129883 1 1
507 201 0.003985881805419922 1 1
508 201 0.004120826721191406 1 1
534 201 0.0062694549560546875 1 1
535 201 0.004537105560302734 1 1
536 201 0.004179716110229492 1 1
537 201 0.006360769271850586 1 1
538 201 0.004279136657714844 1 1
564 201 0.0036592483520507812 1 1
565 201 0.005506992340087891 1 1
566 201 0.006021738052368164 1 1
567 201 0.0045545101165771484 1 1
568 201 0.003749847412109375 1 1
594 201 0.005010843276977539 1 1
595 201 0.005130767822265625 1 1
596 201 0.0042724609375 1 1
597 201 0.003120899200439453 1 1
598 201 0.004172563552856445 1 1
624 201 0.0038726329803466797 1 1
625 201 0.0053441524505615234 1 1
626 201 0.00461888313293457 1 1
627 201 0.003342866897583008 1 1
628 201 0.0035266876220703125 1 1
654 201 0.0037174224853515625 1 1
655 201 0.003605365753173828 1 1
656 201 0.004227161407470703 1 1
657 201 0.003891468048095703 1 1
658 201 0.004625558853149414 1 1
684 201 0.0047075748443603516 1 1
685 201 0.006030082702636719 1 1
686 201 0.006602764129638672 1 1
687 201 0.004801750183105469 1 1
688 201 0.004237174987792969 1 1
714 201 0.00760960578918457 1 1
715 201 0.0059545040130615234 1 1
716 201 0.004826545715332031 1 1
717 201 0.0040740966796875 1 1
718 201 0.0035703182220458984 1 1
744 201 0.00606226921081543 1 1
745 201 0.004076957702636719 1 1
746 201 0.014467954635620117 1 1
747 201 0.003657817840576172 1 1
748 201 0.004478931427001953 1 1
774 201 0.004282712936401367 1 1
775 201 0.004716396331787109 1 1
776 201 0.004635334014892578 1 1
777 201 0.004973888397216797 1 1
778 201 0.008263587951660156 1 1
804 201 0.002956390380859375 1 1
805 201 0.004307985305786133 1 1
806 201 0.004849672317504883 1 1
807 201 0.003269195556640625 1 1
808 201 0.005775928497314453 1 1
834 201 0.0061261653900146484 1 1
835 201 0.004888772964477539 1 1
836 201 0.004006385803222656 1 1
837 201 0.006298065185546875 1 1
838 201 0.004178524017333984 1 1
864 201 0.00447845458984375 1 1
865 201 0.0044269561767578125 1 1
866 201 0.003964424133300781 1 1
867 201 0.0036439895629882812 1 1
868 201 0.0033223628997802734 1 1
894 201 0.00348663330078125 1 1
895 201 0.004192829132080078 1 1
896 201 0.004068613052368164 1 1
897 201 0.003325939178466797 1 1
898 201 0.0054705142974853516 1 1
924 201 0.006117105484008789 1 1
925 201 0.005486249923706055 1 1
926 201 0.0035753250122070312 1 1
927 201 0.004137992858886719 1 1
928 201 0.006003618240356445 1 1
954 201 0.006463766098022461 1 1
955 201 0.004144906997680664 1 1
956 201 0.004328012466430664 1 1
957 201 0.0036330223083496094 1 1
958 201 0.006398439407348633 1 1
984 201 0.0053598880767822266 1 1
985 201 0.005157947540283203 1 1
986 201 0.0038344860076904297 1 1
987 201 0.0037229061126708984 1 1
988 201 0.004013776779174805 1 1
1014 201 0.004454612731933594 1 1
1015 201 0.004099369049072266 1 1
1016 201 0.0034847259521484375 1 1
1017 201 0.003703594207763672 1 1
1018 201 0.004187345504760742 1 1
1044 201 0.004241466522216797 1 1
1045 201 0.013472557067871094 1 1
1046 201 0.0041844844818115234 1 1
1047 201 0.004840850830078125 1 1
1048 201 0.0046236515045166016 1 1
1074 201 0.005432605743408203 1 1
1075 201 0.006035804748535156 1 1
1076 201 0.005742311477661133 1 1
1077 201 0.003853321075439453 1 1
1078 201 0.005308866500854492 1 1
1104 201 0.003217935562133789 1 1
1105 201 0.0055158138275146484 1 1
1106 201 0.0041620731353759766 1 1
1107 201 0.0045430660247802734 1 1
1108 201 0.0036163330078125 1 1
1134 201 0.0050814151763916016 1 1
1135 201 0.004251718521118164 1 1
1136 201 0.004101276397705078 1 1
1137 201 0.005134105682373047 1 1
1138 201 0.003691434860229492 1 1
1164 201 0.00580143928527832 1 1
1165 201 0.006228446960449219 1 1
1166 201 0.004094600677490234 1 1
1167 201 0.0037674903869628906 1 1
1168 201 0.006523847579956055 1 1
1194 201 0.004662275314331055 1 1
1195 201 0.005247831344604492 1 1
1196 201 0.005627155303955078 1 1
1197 201 0.004706859588623047 1 1
1198 201 0.004986286163330078 1 1
1224 201 0.004248142242431641 1 1
1225 201 0.004090070724487305 1 1
1226 201 0.009847879409790039 1 1
1227 201 0.0030837059020996094 1 1
1228 201 0.003977298736572266 1 1
1254 201 0.004117012023925781 1 1
1255 201 0.0038900375366210938 1 1
1256 201 0.0037631988525390625 1 1
1257 201 0.004915952682495117 1 1
1258 201 0.004400491714477539 1 1
1284 201 0.004327297210693359 1 1
1285 201 0.0038764476776123047 1 1
1286 201 0.0040111541748046875 1 1
1287 201 0.005485057830810547 1 1
1288 201 0.0044400691986083984 1 1
1314 201 0.006180763244628906 1 1
1315 201 0.008473396301269531 1 1
1316 201 0.004414796829223633 1 1
1317 201 0.0037102699279785156 1 1
1318 201 0.00397801399230957 1 1
1344 201 0.004451751708984375 1 1
1345 201 0.004741668701171875 1 1
1346 201 0.004978656768798828 1 1
1347 201 0.005187034606933594 1 1
1348 201 0.003881692886352539 1 1
1374 201 0.003729581832885742 1 1
1375 201 0.004078865051269531 1 1
1376 201 0.005141019821166992 1 1
1377 201 0.003540515899658203 1 1
1378 201 0.0074367523193359375 1 1
1404 201 0.006384611129760742 1 1
1405 201 0.0073506832122802734 1 1
1406 201 0.004332542419433594 1 1
1407 201 0.0057179927825927734 1 1
1408 201 0.0034639835357666016 1 1
1434 201 0.005357027053833008 1 1
1435 201 0.0050373077392578125 1 1
1436 201 0.005247354507446289 1 1
1437 201 0.0036249160766601562 1 1
1438 201 0.0038557052612304688 1 1
1464 201 0.006276130676269531 1 1
1465 201 0.00461888313293457 1 1
1466 201 0.004118442535400391 1 1
1467 201 0.004045009613037109 1 1
1468 201 0.004280805587768555 1 1
1494 201 0.004171609878540039 1 1
1495 201 0.00531768798828125 1 1
1496 201 0.004073381423950195 1 1
1497 201 0.0038521289825439453 1 1
1498 201 0.0031137466430664062 1 1
1524 201 0.004857063293457031 1 1
1525 201 0.0045299530029296875 1 1
1526 201 0.00487971305847168 1 1
1527 201 0.005405426025390625 1 1
1528 201 0.004316091537475586 1 1
1554 201 0.007060050964355469 1 1
1555 201 0.0040743350982666016 1 1
1556 201 0.0044214725494384766 1 1
1557 201 0.0040225982666015625 1 1
1558 201 0.0053157806396484375 1 1
1584 201 0.004315853118896484 1 1
1585 201 0.005631923675537109 1 1
1586 201 0.004555225372314453 1 1
1587 201 0.004544973373413086 1 1
1588 201 0.003937244415283203 1 1
1614 201 0.00496363639831543 1 1
1615 201 0.0033178329467773438 1 1
1616 201 0.005853891372680664 1 1
1617 201 0.004690408706665039 1 1
1618 201 0.0037894248962402344 1 1
1644 201 0.004363298416137695 1 1
1645 201 0.004640102386474609 1 1
1646 201 0.005480051040649414 1 1
1647 201 0.0048215389251708984 1 1
1648 201 0.006798267364501953 1 1
1674 201 0.004999637603759766 1 1
1675 201 0.0033915042877197266 1 1
1676 201 0.0037822723388671875 1 1
1677 201 0.003990888595581055 1 1
1678 201 0.0035071372985839844 1 1
1704 201 0.00464177131652832 1 1
1705 201 0.0044133663177490234 1 1
1706 201 0.004355669021606445 1 1
1707 201 0.004262685775756836 1 1
1708 201 0.005148410797119141 1 1
1734 201 0.00588679313659668 1 1
1735 201 0.004175424575805664 1 1
1736 201 0.00432276725769043 1 1
1737 201 0.004069328308105469 1 1
1738 201 0.003921985626220703 1 1
1764 201 0.00421142578125 1 1
1766 201 0.007880687713623047 1 1
1766 201 0.003970623016357422 1 1
1767 201 0.004693508148193359 1 1
1768 201 0.0067517757415771484 1 1
1795 201 0.007784366607666016 1 1
1796 201 0.004457712173461914 1 1
1797 201 0.004725933074951172 1 1
1798 201 0.004567861557006836 1 1
1799 201 0.004881143569946289 1 1
1825 201 0.01009058952331543 1 1
1826 201 0.003747701644897461 1 1
1827 201 0.004430532455444336 1 1
1828 201 0.007562875747680664 1 1
1829 201 0.004140138626098633 1 1
1854 201 0.0043909549713134766 1 1
1855 201 0.00448155403137207 1 1
1856 201 0.004003047943115234 1 1
1857 201 0.015559911727905273 1 1
1858 201 0.006772041320800781 1 1
1884 201 0.007647514343261719 1 1
1885 201 0.004747867584228516 1 1
1886 201 0.0053746700286865234 1 1
1887 201 0.004319906234741211 1 1
1888 201 0.004042863845825195 1 1
1914 201 0.008422613143920898 1 1
1915 201 0.005522012710571289 1 1
1916 201 0.005730867385864258 1 1
1917 201 0.00445866584777832 1 1
1918 201 0.005814790725708008 1 1
1944 201 0.0049932003021240234 1 1
1945 201 0.012491703033447266 1 1
1946 201 0.005055665969848633 1 1
1947 201 0.004727840423583984 1 1
1948 201 0.00561833381652832 1 1
1974 201 0.004471778869628906 1 1
1975 201 0.004836559295654297 1 1
1976 201 0.004179239273071289 1 1
1977 201 0.005839824676513672 1 1
1978 201 0.007295370101928711 1 1
2005 201 0.004484653472900391 1 1
2006 201 0.004735708236694336 1 1
2007 201 0.00674128532409668 1 1
2008 201 0.004710197448730469 1 1
2009 201 0.004821062088012695 1 1
2035 201 0.004791975021362305 1 1
2036 201 0.005373716354370117 1 1
2036 201 0.0069081783294677734 1 1
2037 201 0.004433870315551758 1 1
2038 201 0.00423884391784668 1 1
2065 201 0.004611015319824219 1 1
2066 201 0.005314350128173828 1 1
2067 201 0.004608154296875 1 1
2068 201 0.0061492919921875 1 1
2069 201 0.0047304630279541016 1 1
2094 201 0.004195451736450195 1 1
2095 201 0.004935264587402344 1 1
2096 201 0.005443096160888672 1 1
2097 201 0.00542759895324707 1 1
2098 201 0.0053479671478271484 1 1
2124 201 0.004502773284912109 1 1
2125 201 0.004500389099121094 1 1
2126 201 0.005795001983642578 1 1
2127 201 0.004580020904541016 1 1
2128 201 0.005222320556640625 1 1
2155 201 0.004387855529785156 1 1
2156 201 0.004533052444458008 1 1
2157 201 0.004781007766723633 1 1
2158 201 0.005333662033081055 1 1
2159 201 0.007980823516845703 1 1
2185 201 0.00506591796875 1 1
2185 201 0.004365682601928711 1 1
2186 201 0.003551006317138672 1 1
2187 201 0.0038399696350097656 1 1
2188 201 0.0037364959716796875 1 1
2214 201 0.004743337631225586 1 1
2215 201 0.0070841312408447266 1 1
2216 201 0.004567146301269531 1 1
2217 201 0.005746603012084961 1 1
2218 201 0.0041425228118896484 1 1
2245 201 0.004609346389770508 1 1
2246 201 0.006067991256713867 1 1
2247 201 0.00466156005859375 1 1
2248 201 0.0042574405670166016 1 1
2248 201 0.004161357879638672 1 1
2274 201 0.004355907440185547 1 1
2275 201 0.004323720932006836 1 1
2276 201 0.0049936771392822266 1 1
2277 201 0.0044329166412353516 1 1
2278 201 0.004204988479614258 1 1
2304 201 0.004360198974609375 1 1
2305 201 0.0042836666107177734 1 1
2306 201 0.003833770751953125 1 1
2307 201 0.0035254955291748047 1 1
2308 201 0.007044553756713867 1 1
2334 201 0.004805088043212891 1 1
2335 201 0.004522085189819336 1 1
2336 201 0.004973649978637695 1 1
2337 201 0.004563331604003906 1 1
2338 201 0.004040956497192383 1 1
2364 201 0.005304574966430664 1 1
2365 201 0.004434823989868164 1 1
2366 201 0.003620147705078125 1 1
2367 201 0.004457950592041016 1 1
2368 201 0.0043222904205322266 1 1
2395 201 0.004016399383544922 1 1
2395 201 0.003616809844970703 1 1
2396 201 0.004390716552734375 1 1
2397 201 0.0044324398040771484 1 1
2398 201 0.003910064697265625 1 1
2424 201 0.003792285919189453 1 1
2425 201 0.003874540328979492 1 1
2426 201 0.0044820308685302734 1 1
2427 201 0.0037124156951904297 1 1
2428 201 0.0040743350982666016 1 1
2454 201 0.004021406173706055 1 1
2455 201 0.0042018890380859375 1 1
2456 201 0.005471229553222656 1 1
2457 201 0.004616975784301758 1 1
2458 201 0.0043032169342041016 1 1
2484 201 0.007553815841674805 1 1
2485 201 0.004198789596557617 1 1
2486 201 0.003710031509399414 1 1
2487 201 0.009428024291992188 1 1
2488 201 0.003667116165161133 1 1
2515 201 0.006326436996459961 1 1
2515 201 0.004539966583251953 1 1
2516 201 0.0044384002685546875 1 1
2517 201 0.0041866302490234375 1 1
2518 201 0.004870176315307617 1 1
2544 201 0.00403285026550293 1 1
2545 201 0.0042040348052978516 1 1
2546 201 0.0055696964263916016 1 1
2547 201 0.008180856704711914 1 1
2548 201 0.005891084671020508 1 1
2574 201 0.003936767578125 1 1
2575 201 0.004766225814819336 1 1
2576 201 0.004256248474121094 1 1
2577 201 0.006890535354614258 1 1
2578 201 0.003931999206542969 1 1
2604 201 0.004174709320068359 1 1
2605 201 0.010323524475097656 1 1
2606 201 0.005834341049194336 1 1
2607 201 0.003064393997192383 1 1
2608 201 0.0047760009765625 1 1
2634 201 0.003692150115966797 1 1
2635 201 0.004599332809448242 1 1
2636 201 0.0040874481201171875 1 1
2637 201 0.004571199417114258 1 1
2638 201 0.003809213638305664 1 1
2664 201 0.0032546520233154297 1 1
2665 201 0.00423741340637207 1 1
2666 201 0.004304647445678711 1 1
2667 201 0.00310516357421875 1 1
2668 201 0.004322052001953125 1 1
2694 201 0.003379344940185547 1 1
2695 201 0.003790140151977539 1 1
2696 timeout 0.05 1 1
2697 timeout 0.05 1 1
2698 201 0.0032722949981689453 1 1
2724 201 0.0058612823486328125 1 1
2725 201 0.0050661563873291016 1 1
2726 201 0.003993988037109375 1 1
2727 201 0.0038497447967529297 1 1
2728 201 0.0037529468536376953 1 1
2754 201 0.0030155181884765625 1 1
2755 201 0.0032498836517333984 1 1
2756 201 0.004367828369140625 1 1
2757 201 0.003749847412109375 1 1
2758 201 0.004474163055419922 1 1
2784 201 0.003631114959716797 1 1
2785 201 0.005923748016357422 1 1
2786 201 0.004553794860839844 1 1
2787 201 0.003881216049194336 1 1
2788 201 0.004813671112060547 1 1
2814 201 0.005359649658203125 1 1
2815 201 0.00371551513671875 1 1
2816 201 0.005289793014526367 1 1
2817 201 0.004652738571166992 1 1
2818 201 0.00555419921875 1 1
2844 201 0.008371591567993164 1 1
2845 201 0.0039691925048828125 1 1
2846 201 0.005223989486694336 1 1
2847 201 0.005754947662353516 1 1
2848 201 0.0059909820556640625 1 1
2874 201 0.003688335418701172 1 1
2875 201 0.006377220153808594 1 1
2876 201 0.003802061080932617 1 1
2877 201 0.0035448074340820312 1 1
2878 201 0.003594636917114258 1 1
2904 201 0.00439000129699707 1 1
2905 201 0.003928184509277344 1 1
2906 201 0.00586700439453125 1 1
2907 201 0.003881216049194336 1 1
2908 201 0.004513978958129883 1 1
2934 201 0.0032896995544433594 1 1
2935 201 0.0038743019104003906 1 1
2936 201 0.004664182662963867 1 1
2937 201 0.005663633346557617 1 1
2938 201 0.00458073616027832 1 1
2964 201 0.0041501522064208984 1 2
2965 201 0.004677772521972656 1 2
2966 201 0.005985260009765625 1 2
2967 201 0.005121707916259766 1 2
2968 201 0.005494594573974609 1 2
2994 201 0.004979372024536133 1 1
2995 201 0.005474567413330078 1 1
2996 201 0.0033974647521972656 1 1
2997 201 0.008056402206420898 1 1
2998 201 0.005660057067871094 1 1
3024 201 0.00523066520690918 1 1
3025 201 0.0035321712493896484 1 1
3026 201 0.006149768829345703 1 1
3027 201 0.004893064498901367 1 1
3028 201 0.0031397342681884766 1 1
3054 201 0.003964900970458984 1 1
3055 201 0.0037994384765625 1 1
3056 201 0.004445314407348633 1 1
3057 201 0.0036170482635498047 1 1
3058 201 0.003233671188354492 1 1
3084 201 0.0038094520568847656 1 1
3085 201 0.004972934722900391 1 1
3086 201 0.003977060317993164 1 1
3087 201 0.006949424743652344 1 1
3088 201 0.006866455078125 1 1
3114 201 0.003797292709350586 1 1
3115 201 0.0035130977630615234 1 1
3116 201 0.004097938537597656 1 1
3117 201 0.0046596527099609375 1 1
3118 201 0.0030002593994140625 1 1
3144 201 0.005084037780761719 1 1
3145 201 0.004793882369995117 1 1
3146 201 0.0035202503204345703 1 1
3147 201 0.004010200500488281 1 1
3148 201 0.005007028579711914 1 1
3174 201 0.004176616668701172 1 1
3175 201 0.0042133331298828125 1 1
3176 201 0.003984689712524414 1 1
3177 201 0.0036809444427490234 1 1
3178 201 0.00465083122253418 1 1
3204 201 0.004650592803955078 1 1
3205 201 0.007663726806640625 1 1
3206 201 0.003537416458129883 1 1
3207 201 0.0034263134002685547 1 1
3208 201 0.0037200450897216797 1 1
3234 201 0.005145072937011719 1 1
3235 201 0.006738185882568359 1 1
3236 201 0.003743410110473633 1 1
3237 201 0.0041408538818359375 1 1
3238 201 0.004263162612915039 1 1
3264 201 0.0040569305419921875 1 1
3265 201 0.004354238510131836 1 1
3266 201 0.005261898040771484 1 1
3267 201 0.0036382675170898438 1 1
3268 201 0.004428863525390625 1 1
3294 201 0.003495454788208008 1 1
3295 201 0.004129648208618164 1 1
3296 201 0.005137205123901367 1 1
3297 201 0.0044710636138916016 1 1
3298 201 0.004336118698120117 1 1
3324 201 0.0037889480590820312 1 1
3325 201 0.004879951477050781 1 1
3326 201 0.005460500717163086 1 1
3327 201 0.005198478698730469 1 1
3328 201 0.00324249267578125 1 1
3354 201 0.004495382308959961 1 1
3355 201 0.0049741268157958984 1 1
3356 201 0.0038764476776123047 1 1
3357 201 0.0036058425903320312 1 1
3358 201 0.005011320114135742 1 1
3384 201 0.005532503128051758 1 1
3385 201 0.004489898681640625 1 1
3386 201 0.0046939849853515625 1 1
3387 201 0.006690263748168945 1 1
3388 201 0.005640745162963867 1 1
3414 201 0.004971981048583984 1 1
3415 201 0.00458073616027832 1 1
3416 201 0.006031990051269531 1 1
3417 201 0.0037336349487304688 1 1
3418 201 0.005576610565185547 1 1
3444 201 0.004853248596191406 1 1
3445 201 0.004676103591918945 1 1
3446 201 0.004185676574707031 1 1
3447 201 0.0037145614624023438 1 1
3448 201 0.003815889358520508 1 1
3474 201 0.003532886505126953 1 1
3475 201 0.016412734985351562 1 1
3476 201 0.005279064178466797 1 1
3477 201 0.003945589065551758 1 1
3478 201 0.0057773590087890625 1 1
3504 201 0.003842592239379883 1 1
3505 201 0.004741668701171875 1 1
3506 201 0.0038225650787353516 1 1
3507 201 0.0040280818939208984 1 1
3508 201 0.00371551513671875 1 1
3534 201 0.004462003707885742 1 1
3535 201 0.005804538726806641 1 1
3536 201 0.004116535186767578 1 1
3537 201 0.004885435104370117 1 1
3538 201 0.004652738571166992 1 1
3564 201 0.005342960357666016 1 1
3565 201 0.004676342010498047 1 1
3566 201 0.00466465950012207 1 1
3567 201 0.004578828811645508 1 1
3568 201 0.0032553672790527344 1 1
3594 201 0.0049724578857421875 1 1
3595 201 0.005474090576171875 1 1
3596 201 0.0038259029388427734 1 1
3597 201 0.00474238395690918 1 1
3598 201 0.00360107421875 1 1
3624 201 0.00451970100402832 1 1
3625 201 0.0040166378021240234 1 1
3626 201 0.004852294921875 1 1
3627 201 0.006307363510131836 1 1
3628 201 0.004546403884887695 1 1
