1 101.52 
3 101.10 
5 102.02 
7 76.75 
9 87.76 
11 54.93 
13 58.34 
15 57.33 
17 36.03 
19 63.62 
21 36.97 
23 44.19 
25 26.16 
27 31.59 
29 45.59 
30 0.17 
30 0.09 
30 10.60 
31 101.53 
33 101.98 
35 102.54 
37 101.60 
39 102.01 
41 102.51 
43 101.86 
45 102.42 
47 101.07 
49 102.01 
51 100.82 
53 101.71 
55 101.79 
57 82.75 
59 50.82 
60 15.70 
60 0.17 
60 0.08 
62 56.38 
62 51.98 
64 66.14 
64 87.13 
66 56.30 
66 45.71 
68 54.81 
68 42.81 
70 60.54 
70 82.52 
72 30.08 
72 47.61 
74 45.91 
74 48.92 
76 33.18 
76 44.97 
78 37.00 
78 40.27 
80 54.77 
80 33.11 
82 45.47 
82 33.22 
84 26.56 
84 22.38 
86 17.16 
86 22.90 
88 25.34 
88 24.36 
90 19.70 
90 43.05 
90 0.08 
90 0.10 
90 0.21 
90 0.21 
90 0.16 
90 0.19 
92 91.37 
92 91.39 
94 101.64 
94 99.22 
96 94.82 
96 77.10 
98 51.21 
98 49.18 
100 77.64 
100 54.97 
102 37.95 
102 29.01 
104 43.74 
104 28.65 
106 44.99 
106 42.13 
108 27.13 
108 23.33 
110 15.84 
110 19.22 
112 28.14 
112 27.48 
114 14.24 
114 19.05 
116 24.59 
116 11.86 
118 23.34 
118 30.96 
120 18.88 
120 12.99 
120 0.10 
120 0.13 
120 0.28 
120 0.36 
120 0.14 
120 0.13 
121 95.42 
121 91.96 
123 101.23 
123 100.87 
125 83.94 
125 102.47 
127 49.63 
127 102.72 
129 46.03 
129 102.26 
131 28.88 
131 100.95 
133 45.19 
133 102.22 
135 78.61 
135 94.28 
137 26.51 
137 77.55 
139 13.75 
139 37.33 
141 16.55 
141 27.07 
143 21.36 
143 20.50 
145 23.82 
145 24.41 
147 25.85 
147 32.34 
149 25.80 
149 22.39 
150 0.15 
150 0.19 
150 0.13 
150 0.10 
150 0.10 
150 0.09 
152 93.45 
152 70.29 
154 102.06 
154 102.15 
156 58.59 
156 101.51 
158 55.84 
158 61.94 
160 25.20 
160 23.47 
161 32.59 
161 56.78 
163 50.36 
163 42.10 
165 33.47 
165 23.77 
167 27.95 
167 47.90 
169 32.06 
169 37.96 
171 23.16 
171 15.59 
173 16.34 
173 15.68 
175 23.79 
175 28.00 
177 35.14 
177 22.22 
179 19.67 
179 25.41 
180 0.13 
180 0.13 
180 0.10 
180 0.08 
180 0.12 
180 0.10 
181 88.42 
181 99.80 
183 78.90 
183 73.84 
185 71.88 
185 57.31 
187 49.46 
187 39.15 
189 67.37 
189 36.01 
191 33.88 
191 29.53 
193 27.29 
193 36.15 
195 45.02 
195 45.91 
197 52.26 
197 23.82 
199 38.79 
199 23.35 
201 58.94 
201 44.53 
203 33.39 
203 45.08 
205 30.90 
205 17.75 
207 22.69 
207 22.61 
209 19.41 
209 15.45 
210 6.47 
210 13.05 
210 0.15 
210 0.20 
210 0.11 
210 1.65 
212 95.74 
212 101.37 
214 101.81 
214 100.51 
216 76.29 
216 70.78 
217 51.54 
217 29.67 
219 56.18 
219 45.42 
221 40.85 
221 47.91 
223 45.63 
223 27.90 
225 42.45 
225 32.65 
227 34.02 
227 40.46 
229 36.81 
229 30.57 
231 18.51 
231 15.40 
233 20.33 
233 30.79 
235 15.80 
235 21.60 
237 13.64 
237 27.29 
239 48.59 
239 50.22 
240 0.32 
240 0.22 
240 0.11 
240 0.10 
240 0.10 
240 0.09 
241 101.83 
241 92.37 
243 101.31 
243 102.50 
245 92.56 
245 101.91 
247 97.63 
247 98.00 
249 88.98 
249 81.00 
251 51.02 
251 62.01 
253 53.35 
253 61.12 
255 45.66 
255 31.77 
257 23.11 
257 27.74 
259 62.17 
259 28.86 
261 47.84 
261 31.55 
263 34.04 
263 22.53 
265 29.82 
265 47.26 
267 39.43 
267 46.37 
269 23.15 
269 19.69 
270 0.15 
270 0.52 
270 0.12 
270 0.08 
270 1.08 
270 0.15 
271 94.40 
271 102.37 
273 80.02 
273 94.74 
275 58.06 
275 101.08 
277 58.75 
277 102.84 
279 38.82 
279 102.29 
281 71.40 
281 102.52 
283 60.12 
283 102.67 
285 48.85 
285 102.77 
287 51.01 
287 103.55 
289 24.28 
289 102.46 
291 62.94 
291 103.60 
293 17.39 
293 102.18 
295 42.25 
295 103.83 
297 74.97 
297 101.83 
299 34.58 
299 102.02 
300 4.74 
300 44.99 
300 0.22 
300 0.16 
300 1.13 
300 0.16 
300 0.10 
300 0.12 
300 101.53 
300 102.18 
301 101.64 
301 99.99 
303 103.56 
303 81.62 
305 78.37 
305 102.34 
307 92.99 
307 102.77 
309 71.91 
309 95.12 
311 60.32 
311 61.85 
313 44.22 
313 74.42 
315 28.40 
315 46.32 
317 24.28 
317 35.17 
319 34.17 
319 24.98 
321 26.21 
321 21.74 
323 23.39 
323 15.29 
325 20.27 
325 53.98 
327 28.84 
327 21.77 
329 31.13 
329 24.26 
330 7.15 
330 7.04 
330 0.09 
330 0.08 
330 0.59 
330 0.10 
331 103.08 
331 102.54 
333 98.89 
333 103.24 
335 92.14 
335 101.05 
337 51.67 
337 87.21 
339 64.17 
339 102.75 
341 43.95 
341 103.15 
343 27.57 
343 102.37 
345 19.13 
345 101.20 
347 22.92 
347 102.16 
349 19.70 
349 102.85 
351 54.70 
351 102.01 
353 31.23 
353 101.22 
355 36.28 
355 102.26 
357 78.85 
357 102.69 
359 35.18 
359 102.58 
360 14.83 
360 101.26 
360 0.08 
360 101.17 
360 0.97 
360 100.51 
362 102.67 
362 102.52 
364 93.26 
364 102.90 
366 82.01 
366 101.75 
368 58.09 
368 76.14 
369 37.96 
369 46.88 
371 42.14 
371 56.15 
373 63.17 
373 31.62 
375 20.27 
375 45.82 
377 27.72 
377 31.54 
379 36.30 
379 33.67 
381 21.37 
381 34.25 
383 38.01 
383 24.23 
385 67.53 
385 28.18 
387 22.07 
387 33.03 
389 37.22 
389 40.57 
390 0.25 
390 0.63 
390 0.07 
390 0.08 
390 0.10 
390 0.10 
391 102.62 
391 103.90 
393 102.20 
393 101.40 
395 104.80 
395 93.51 
397 102.92 
397 84.65 
399 101.46 
399 28.54 
401 101.90 
401 46.36 
403 102.90 
403 54.71 
405 100.83 
405 50.41 
407 101.90 
407 27.53 
409 102.15 
409 36.52 
411 97.28 
411 36.09 
413 88.89 
413 19.87 
415 48.77 
415 17.06 
417 27.83 
417 24.88 
419 48.92 
419 20.99 
420 100.54 
420 14.06 
420 45.20 
420 0.13 
420 0.33 
420 1.20 
420 0.12 
420 0.15 
420 100.65 
420 102.63 
421 102.47 
421 102.87 
423 103.33 
423 103.07 
425 100.80 
425 102.82 
427 71.73 
427 86.31 
429 65.68 
429 80.20 
431 58.52 
431 46.61 
433 47.89 
433 44.65 
435 24.89 
435 35.77 
437 40.79 
437 59.30 
439 27.86 
439 27.30 
441 20.68 
441 28.40 
443 37.84 
443 25.02 
445 32.57 
445 36.06 
447 39.02 
447 42.64 
449 29.88 
449 35.34 
450 0.22 
450 0.22 
450 0.12 
450 0.13 
450 0.12 
450 0.12 
451 102.79 
451 102.31 
453 102.13 
453 100.52 
455 91.04 
455 101.76 
457 54.84 
457 102.46 
459 24.23 
459 101.87 
461 21.80 
461 102.93 
463 50.27 
463 101.71 
465 47.06 
465 104.07 
467 52.24 
467 101.71 
469 34.43 
469 96.28 
471 40.29 
471 49.55 
473 11.42 
473 21.42 
475 31.31 
475 24.52 
477 27.23 
477 29.22 
479 17.52 
479 47.55 
480 6.23 
480 11.31 
480 0.14 
480 0.21 
480 1.62 
480 0.77 
480 0.14 
480 0.14 
480 103.76 
480 100.75 
481 102.74 
481 103.60 
483 101.48 
483 103.43 
485 105.07 
485 97.66 
487 86.93 
487 53.91 
489 72.64 
489 52.78 
491 64.73 
491 66.32 
493 55.43 
493 68.04 
495 44.31 
495 44.76 
497 49.60 
497 44.03 
499 31.63 
499 67.66 
501 74.27 
501 52.82 
503 40.01 
503 29.90 
505 37.20 
505 27.70 
507 37.06 
507 25.56 
509 31.34 
509 28.29 
510 9.48 
510 5.74 
510 0.13 
510 0.14 
510 0.26 
510 0.77 
510 0.11 
510 0.12 
510 100.70 
510 101.85 
512 103.69 
512 100.20 
514 93.79 
514 101.23 
515 38.66 
515 66.14 
517 37.53 
517 60.20 
519 74.71 
519 74.31 
521 66.53 
521 81.29 
523 61.58 
523 61.40 
525 38.80 
525 41.68 
527 31.16 
527 28.36 
529 26.50 
529 23.05 
531 11.09 
531 19.15 
532 43.10 
532 19.79 
534 17.52 
534 30.82 
536 14.87 
536 30.24 
538 66.42 
538 81.89 
540 37.69 
540 35.51 
540 0.16 
540 0.13 
540 0.10 
540 0.13 
540 0.15 
540 0.13 
540 101.97 
540 102.76 
541 103.65 
541 103.71 
543 96.90 
543 102.84 
545 100.15 
545 103.73 
547 79.34 
547 102.84 
549 68.68 
549 102.35 
551 68.80 
551 103.46 
553 87.54 
553 102.46 
555 50.95 
555 103.39 
557 48.70 
557 102.92 
559 69.05 
559 103.68 
561 51.98 
561 93.31 
563 49.99 
563 82.77 
565 23.31 
565 45.01 
567 39.98 
567 40.01 
569 40.88 
569 35.82 
570 28.54 
570 13.18 
570 0.17 
570 0.14 
570 1.23 
570 0.06 
570 0.13 
570 0.10 
570 102.05 
570 101.19 
571 101.81 
571 102.50 
573 95.89 
573 101.23 
575 83.92 
575 99.49 
577 74.59 
577 61.34 
579 59.31 
579 102.80 
581 74.50 
581 69.87 
583 77.77 
583 44.82 
585 69.57 
585 60.61 
587 56.29 
587 47.13 
589 55.14 
589 42.95 
591 54.83 
591 35.65 
593 38.31 
593 43.70 
594 37.77 
594 34.84 
596 42.17 
596 34.07 
598 32.74 
598 19.44 
600 34.38 
600 25.51 
600 0.24 
600 0.27 
600 0.22 
600 0.20 
600 0.12 
600 0.13 
600 103.34 
600 104.40 
602 100.45 
602 102.36 
604 101.00 
604 103.09 
606 94.29 
606 104.43 
608 78.83 
608 103.27 
610 74.74 
610 105.00 
611 39.44 
611 102.84 
613 37.90 
613 102.56 
615 38.61 
615 103.82 
617 36.14 
617 102.61 
619 82.88 
619 101.98 
621 99.41 
621 100.34 
623 50.86 
623 81.45 
625 41.43 
625 78.07 
627 91.00 
627 46.80 
629 25.06 
629 41.54 
630 26.80 
630 0.18 
630 0.23 
630 0.25 
630 0.12 
630 0.12 
632 83.43 
632 97.40 
632 102.08 
634 81.12 
634 102.78 
634 101.57 
636 76.07 
636 63.11 
636 61.23 
638 69.45 
638 89.52 
638 63.80 
640 52.25 
640 61.31 
640 78.67 
642 56.27 
642 49.05 
642 56.02 
644 70.60 
644 62.89 
644 45.10 
645 47.52 
645 73.27 
645 25.74 
647 22.81 
647 14.05 
647 16.82 
649 31.52 
649 27.92 
649 53.73 
651 21.03 
651 33.00 
651 25.49 
653 52.23 
653 36.74 
653 26.51 
655 25.04 
655 31.69 
655 37.43 
657 32.26 
657 35.23 
657 22.74 
659 41.74 
659 54.55 
659 29.11 
660 0.39 
660 0.09 
660 12.17 
660 0.18 
660 0.17 
660 0.17 
660 1.06 
660 0.76 
660 1.00 
662 89.78 
662 88.84 
662 93.23 
664 75.22 
664 84.38 
664 104.31 
665 47.75 
665 69.33 
665 71.37 
667 72.29 
667 63.47 
667 98.64 
669 65.75 
669 79.76 
669 78.01 
671 67.31 
671 92.48 
671 71.72 
673 66.57 
673 32.85 
673 39.71 
675 37.77 
675 69.40 
675 37.69 
677 25.44 
677 54.80 
677 18.80 
679 26.13 
679 20.08 
679 24.82 
681 14.31 
681 16.48 
681 17.40 
683 28.51 
683 29.48 
683 23.10 
685 25.96 
685 35.02 
685 24.69 
687 28.17 
687 77.59 
687 50.98 
689 46.35 
689 29.32 
689 62.76 
690 1.31 
690 0.90 
690 0.97 
690 0.10 
690 0.10 
690 0.12 
690 1.27 
690 1.63 
690 1.21 
692 99.05 
692 99.77 
692 101.07 
694 94.19 
694 101.27 
694 72.33 
695 63.32 
695 100.62 
695 69.77 
697 59.29 
697 77.90 
697 68.07 
699 61.22 
699 48.57 
699 54.59 
701 43.78 
701 45.29 
701 42.41 
703 46.38 
703 45.53 
703 32.34 
705 59.90 
705 39.89 
705 35.86 
707 29.07 
707 16.68 
707 45.59 
709 39.54 
709 31.38 
709 25.85 
711 24.93 
711 56.71 
711 29.95 
713 39.54 
713 34.71 
713 18.95 
715 29.58 
715 17.15 
715 32.02 
717 14.68 
717 16.82 
717 18.93 
718 45.67 
718 32.55 
718 16.87 
720 12.25 
720 22.80 
720 64.97 
720 0.16 
720 0.16 
720 0.16 
720 0.12 
720 1.04 
720 0.68 
720 0.14 
720 0.13 
720 0.12 
720 103.40 
720 103.41 
720 101.83 
721 98.79 
721 98.68 
721 103.16 
723 101.58 
723 101.50 
723 100.74 
725 100.62 
725 101.14 
725 102.59 
727 100.58 
727 102.64 
727 94.02 
729 102.73 
729 102.59 
729 74.86 
731 102.61 
731 102.03 
731 59.58 
733 103.35 
733 102.93 
733 27.50 
735 101.36 
735 102.02 
735 24.55 
737 102.45 
737 98.57 
737 36.22 
739 53.61 
739 57.53 
739 21.79 
741 39.96 
741 54.76 
741 19.62 
743 55.95 
743 36.42 
743 48.44 
744 39.47 
744 88.89 
744 36.76 
746 44.09 
746 41.85 
746 49.32 
748 33.86 
748 34.67 
748 40.54 
750 16.77 
750 18.71 
750 11.31 
750 0.26 
750 0.18 
750 0.13 
750 0.88 
750 1.34 
750 0.31 
750 0.14 
750 0.13 
750 0.13 
750 101.87 
750 101.88 
750 100.06 
751 100.30 
751 98.26 
751 100.28 
753 102.03 
753 87.69 
753 100.35 
755 98.85 
755 76.71 
755 99.78 
757 59.23 
757 36.81 
757 73.47 
759 69.58 
759 76.42 
759 90.76 
761 66.99 
761 64.38 
761 63.58 
763 36.95 
763 41.64 
763 52.98 
765 20.46 
765 49.27 
765 37.65 
767 17.75 
767 19.50 
767 22.81 
768 62.33 
768 63.89 
768 63.30 
770 66.89 
770 28.42 
770 22.21 
772 28.49 
772 33.17 
772 24.91 
774 26.31 
774 38.82 
774 35.39 
776 22.63 
776 62.83 
776 22.72 
778 40.46 
778 34.25 
778 43.04 
780 31.08 
780 17.81 
780 27.88 
780 0.08 
780 0.23 
780 0.10 
780 0.10 
780 0.11 
780 0.10 
780 0.16 
780 0.15 
780 0.15 
781 100.24 
781 101.44 
781 98.17 
783 95.36 
783 105.12 
783 103.87 
785 45.01 
785 98.28 
785 98.97 
787 97.64 
787 98.71 
787 88.70 
789 66.44 
789 60.07 
789 63.74 
791 68.19 
791 51.78 
791 65.02 
793 95.87 
793 51.56 
793 73.61 
795 33.58 
795 33.26 
795 63.39 
796 26.54 
796 31.75 
796 36.52 
798 51.79 
798 38.62 
798 35.94 
800 39.57 
800 30.44 
800 26.13 
802 29.20 
802 41.19 
802 35.80 
804 14.97 
804 29.84 
804 26.99 
806 54.96 
806 31.75 
806 39.28 
808 27.44 
808 25.96 
808 29.95 
810 26.95 
810 38.34 
810 23.41 
810 0.13 
810 0.15 
810 0.14 
810 0.11 
810 0.18 
810 0.11 
810 0.32 
810 0.13 
810 0.14 
811 91.08 
811 97.17 
811 99.61 
813 63.21 
813 63.45 
813 88.63 
815 95.62 
815 98.14 
815 89.51 
817 79.45 
817 85.47 
817 64.24 
819 94.47 
819 78.44 
819 69.78 
821 47.68 
821 59.75 
821 49.96 
823 68.36 
823 27.87 
823 31.14 
825 40.87 
825 42.75 
825 50.87 
827 53.29 
827 54.92 
827 52.26 
829 36.58 
829 51.24 
829 48.99 
830 28.04 
830 27.99 
830 38.35 
832 22.64 
832 21.95 
832 17.56 
834 24.62 
834 23.81 
834 19.06 
836 46.41 
836 49.43 
836 51.29 
838 37.66 
838 33.96 
838 37.35 
840 35.12 
840 26.19 
840 21.91 
840 0.10 
840 0.12 
840 0.08 
840 0.23 
840 0.36 
840 0.20 
840 0.13 
840 0.12 
840 0.11 
842 101.87 
842 99.90 
842 100.74 
844 96.04 
844 82.51 
844 93.00 
846 102.85 
846 92.45 
846 81.65 
848 53.91 
848 73.15 
848 87.36 
850 74.07 
850 76.69 
850 82.05 
851 63.68 
851 76.52 
851 74.93 
853 30.82 
853 36.25 
853 43.51 
855 23.69 
855 27.22 
855 22.64 
857 34.03 
857 25.63 
857 29.25 
859 32.78 
859 11.28 
859 16.48 
861 21.82 
861 10.44 
861 8.66 
862 33.25 
862 33.13 
862 39.66 
864 53.82 
864 55.25 
864 39.12 
866 48.16 
866 31.47 
866 73.66 
868 21.49 
868 18.16 
868 14.11 
870 14.27 
870 9.72 
870 19.03 
870 0.22 
870 0.24 
870 0.25 
870 1.02 
870 1.05 
870 0.68 
870 0.12 
870 0.14 
870 0.15 
870 102.58 
870 101.33 
870 99.70 
872 93.31 
872 102.83 
872 100.56 
874 104.34 
874 104.17 
874 93.11 
875 100.31 
875 44.50 
875 62.51 
877 68.47 
877 55.15 
877 62.27 
879 82.23 
879 56.68 
879 49.58 
881 65.16 
881 63.50 
881 64.27 
883 59.96 
883 35.81 
883 57.38 
885 44.87 
885 49.69 
885 41.11 
887 42.12 
887 44.10 
887 77.81 
889 20.56 
889 35.88 
889 47.20 
891 63.55 
891 25.71 
891 20.54 
892 23.78 
892 52.85 
892 23.57 
894 22.34 
894 31.12 
894 94.68 
896 23.33 
896 28.79 
896 26.41 
898 39.45 
898 21.57 
898 27.21 
900 19.77 
900 15.04 
900 33.60 
900 0.10 
900 0.11 
900 0.15 
900 0.11 
900 0.13 
900 1.12 
900 0.14 
900 0.11 
900 0.17 
901 101.37 
901 102.23 
901 103.98 
903 102.55 
903 96.73 
903 101.77 
905 105.45 
905 101.46 
905 69.23 
907 79.26 
907 102.25 
907 66.70 
909 90.44 
909 75.55 
909 66.78 
911 94.70 
911 56.73 
911 87.02 
913 52.80 
913 82.32 
913 45.94 
915 41.16 
915 44.20 
915 69.82 
917 43.03 
917 70.45 
917 39.45 
918 33.51 
918 41.32 
918 31.32 
920 26.77 
920 27.94 
920 28.55 
922 41.02 
922 99.27 
922 41.80 
924 37.38 
924 34.38 
924 54.94 
926 33.69 
926 43.86 
926 25.93 
928 35.43 
928 32.68 
928 30.30 
930 22.33 
930 10.31 
930 19.99 
930 0.25 
930 0.28 
930 0.25 
930 1.80 
930 0.67 
930 0.24 
930 0.12 
930 0.11 
930 0.11 
930 102.82 
930 102.85 
930 102.86 
932 93.16 
932 88.95 
932 90.23 
934 81.30 
934 89.66 
934 81.43 
935 50.18 
935 39.25 
935 39.16 
937 41.12 
937 43.86 
937 79.67 
939 66.55 
939 82.90 
939 91.87 
941 62.20 
941 70.68 
941 85.02 
943 23.34 
943 58.06 
943 45.57 
945 16.43 
945 24.86 
945 33.59 
947 17.13 
947 27.42 
947 32.62 
949 15.04 
949 17.89 
949 13.22 
950 28.68 
950 18.89 
950 19.23 
952 27.47 
952 37.05 
952 39.16 
954 32.36 
954 36.90 
954 51.18 
956 49.59 
956 45.90 
956 50.84 
958 37.59 
958 68.58 
958 31.05 
960 21.53 
960 37.10 
960 28.61 
960 0.14 
960 0.14 
960 0.20 
960 0.12 
960 1.24 
960 1.14 
960 0.12 
960 0.12 
960 0.14 
960 101.66 
960 104.99 
960 102.53 
961 103.29 
961 100.14 
961 101.73 
963 103.18 
963 82.81 
963 89.89 
965 104.37 
965 77.38 
965 75.61 
967 103.79 
967 96.36 
967 104.43 
969 100.70 
969 89.56 
969 102.92 
971 101.90 
971 73.14 
971 104.54 
973 82.94 
973 76.97 
973 104.01 
975 54.64 
975 63.22 
975 103.13 
977 41.58 
977 37.89 
977 90.82 
979 25.94 
979 78.43 
979 91.87 
980 31.02 
980 44.11 
980 55.55 
982 42.46 
982 25.81 
982 86.45 
984 32.72 
984 67.93 
984 55.71 
986 65.76 
986 76.24 
986 53.71 
988 40.65 
988 45.96 
988 48.61 
990 27.64 
990 56.32 
990 50.75 
990 0.14 
990 0.16 
990 0.14 
990 0.42 
990 0.39 
990 1.50 
990 0.20 
990 0.15 
990 0.17 
991 101.25 
991 101.66 
991 102.17 
993 99.44 
993 99.71 
993 100.62 
995 101.20 
995 58.09 
995 52.82 
997 99.69 
997 78.34 
997 53.81 
999 90.72 
999 55.46 
999 50.68 
1001 63.32 
1001 46.94 
1001 67.25 
1003 67.12 
1003 51.59 
1003 50.91 
1004 34.19 
1004 43.14 
1004 50.50 
1006 27.14 
1006 48.81 
1006 34.59 
1008 38.40 
1008 15.87 
1008 25.30 
1010 29.00 
1010 26.83 
1010 32.50 
1012 35.29 
1012 49.53 
1012 44.49 
1014 75.64 
1014 35.71 
1014 77.26 
1016 65.72 
1016 50.50 
1016 40.80 
1018 27.24 
1018 35.69 
1018 26.28 
1019 25.72 
1019 17.78 
1019 39.66 
1020 0.07 
1020 0.07 
1020 0.08 
1020 0.12 
1020 0.13 
1020 0.15 
1020 0.13 
1020 0.11 
1020 0.09 
1021 102.20 
1021 104.81 
1021 102.36 
1023 100.84 
1023 101.15 
1023 100.80 
1025 96.52 
1025 104.63 
1025 104.63 
1027 66.22 
1027 103.89 
1027 102.67 
1029 89.32 
1029 103.68 
1029 103.90 
1031 89.06 
1031 103.08 
1031 101.99 
1032 62.46 
1032 102.53 
1032 101.37 
1034 57.07 
1034 106.41 
1034 85.58 
1036 40.88 
1036 103.17 
1036 65.77 
1038 64.91 
1038 102.59 
1038 39.01 
1040 35.26 
1040 104.62 
1040 30.02 
1042 55.76 
1042 104.94 
1042 37.89 
1044 25.07 
1044 103.04 
1044 19.05 
1046 22.18 
1046 102.89 
1046 13.62 
1047 24.02 
1047 102.52 
1047 31.65 
1049 91.38 
1049 97.14 
1049 28.10 
1050 0.07 
1050 101.01 
1050 0.12 
1050 0.14 
1050 100.95 
1050 0.09 
1050 0.10 
1050 101.20 
1050 0.08 
1052 96.92 
1052 100.37 
1052 99.81 
1053 101.16 
1053 78.59 
1053 102.00 
1055 103.44 
1055 103.03 
1055 101.31 
1057 102.00 
1057 97.61 
1057 94.66 
1059 102.88 
1059 79.87 
1059 57.97 
1061 103.41 
1061 72.60 
1061 54.67 
1063 102.96 
1063 38.46 
1063 30.19 
1065 103.82 
1065 32.23 
1065 40.80 
1067 105.39 
1067 37.05 
1067 35.38 
1069 103.68 
1069 22.66 
1069 41.09 
1070 105.21 
1070 21.43 
1070 20.34 
1072 104.42 
1072 73.22 
1072 28.90 
1074 105.07 
1074 40.32 
1074 73.41 
1076 98.07 
1076 49.35 
1076 50.27 
1078 80.07 
1078 23.04 
1078 33.04 
1080 40.77 
1080 18.12 
1080 44.76 
1080 0.18 
1080 0.26 
1080 0.18 
1080 0.62 
1080 0.15 
1080 1.09 
1080 0.12 
1080 0.15 
1080 0.13 
1082 91.94 
1082 96.86 
1082 102.79 
1083 103.26 
1083 82.76 
1083 103.02 
1085 103.42 
1085 64.95 
1085 97.53 
1087 100.91 
1087 87.09 
1087 83.61 
1089 103.55 
1089 79.73 
1089 93.64 
1091 103.25 
1091 80.15 
1091 72.85 
1093 102.98 
1093 50.06 
1093 46.06 
1094 103.05 
1094 24.29 
1094 23.06 
1096 99.77 
1096 34.71 
1096 35.76 
1098 102.14 
1098 43.07 
1098 29.97 
1100 105.28 
1100 36.34 
1100 27.51 
1102 104.19 
1102 85.90 
1102 37.61 
1104 105.58 
1104 40.31 
1104 43.45 
1106 92.37 
1106 44.63 
1106 42.91 
1108 48.86 
1108 75.12 
1108 31.97 
1109 44.47 
1109 21.21 
1109 34.01 
1110 0.21 
1110 0.22 
1110 0.19 
1110 1.84 
1110 0.12 
1110 0.10 
1110 0.11 
1110 0.12 
1110 0.10 
1111 101.67 
1111 101.12 
1111 102.05 
1113 102.39 
1113 104.92 
1113 103.54 
1115 102.13 
1115 102.46 
1115 101.51 
1117 102.48 
1117 102.55 
1117 99.51 
1119 94.95 
1119 103.83 
1119 95.04 
1121 90.46 
1121 104.83 
1121 89.62 
1123 68.69 
1123 104.57 
1123 45.64 
1125 40.52 
1125 104.58 
1125 38.89 
1126 43.52 
1126 102.89 
1126 39.07 
1128 35.22 
1128 104.38 
1128 48.20 
1130 55.13 
1130 103.36 
1130 54.56 
1132 70.06 
1132 103.36 
1132 56.49 
1134 42.29 
1134 102.77 
1134 35.04 
1136 25.22 
1136 99.61 
1136 35.32 
1138 25.11 
1138 56.97 
1138 35.20 
1139 29.09 
1139 49.11 
1139 30.73 
1140 0.16 
1140 0.27 
1140 0.23 
1140 0.13 
1140 0.15 
1140 0.20 
1140 0.14 
1140 0.13 
1140 0.14 
1142 102.53 
1142 101.53 
1142 101.36 
1144 103.62 
1144 96.44 
1144 105.20 
1146 82.26 
1146 94.33 
1146 102.76 
1148 62.17 
1148 61.47 
1148 103.15 
1150 76.51 
1150 57.23 
1150 103.29 
1151 45.29 
1151 42.45 
1151 103.64 
1153 46.99 
1153 47.08 
1153 102.24 
1155 33.71 
1155 72.98 
1155 100.78 
1157 27.79 
1157 52.20 
1157 101.70 
1159 53.91 
1159 44.58 
1159 102.37 
1161 58.86 
1161 21.14 
1161 104.07 
1163 31.04 
1163 37.94 
1163 60.62 
1164 53.67 
1164 31.08 
1164 41.56 
1166 17.01 
1166 24.92 
1166 27.34 
1168 35.05 
1168 28.59 
1168 32.32 
1170 42.23 
1170 31.36 
1170 42.76 
1170 0.22 
1170 0.15 
1170 0.14 
1170 0.10 
1170 0.09 
1170 0.09 
1170 0.15 
1170 0.15 
1170 0.14 
1170 103.97 
1170 100.86 
1170 101.05 
1172 100.71 
1172 101.54 
1172 100.63 
1174 101.00 
1174 101.83 
1174 87.73 
1175 99.72 
1175 103.40 
1175 90.38 
1177 82.98 
1177 92.07 
1177 67.31 
1179 66.77 
1179 95.95 
1179 72.35 
1181 55.55 
1181 39.33 
1181 54.52 
1183 35.74 
1183 53.95 
1183 59.72 
1185 64.57 
1185 72.79 
1185 50.62 
1187 55.98 
1187 45.72 
1187 39.29 
1189 52.93 
1189 47.91 
1189 57.65 
1191 21.05 
1191 18.50 
1191 26.72 
1193 50.66 
1193 26.49 
1193 42.07 
1194 34.63 
1194 31.05 
1194 50.38 
1196 17.98 
1196 15.12 
1196 13.87 
1198 43.73 
1198 58.62 
1198 41.45 
1200 44.28 
1200 46.62 
1200 31.46 
1200 0.11 
1200 0.14 
1200 0.12 
1200 0.23 
1200 0.35 
1200 0.20 
1200 0.14 
1200 0.16 
1200 0.18 
1202 96.48 
1202 90.66 
1202 98.25 
1203 102.42 
1203 102.29 
1203 102.90 
1205 81.44 
1205 80.80 
1205 102.13 
1207 99.70 
1207 102.24 
1207 102.35 
1209 82.37 
1209 83.90 
1209 104.23 
1211 63.06 
1211 78.47 
1211 104.77 
1213 62.28 
1213 91.88 
1213 104.98 
1215 25.49 
1215 42.29 
1215 102.58 
1217 29.96 
1217 29.38 
1217 97.74 
1219 28.75 
1219 31.60 
1219 90.77 
1220 13.29 
1220 13.07 
1220 55.83 
1222 22.89 
1222 29.19 
1222 46.98 
1224 58.49 
1224 20.63 
1224 29.16 
1226 93.43 
1226 86.27 
1226 19.15 
1228 32.79 
1228 23.30 
1228 89.85 
1230 40.98 
1230 26.46 
1230 39.52 
1230 0.17 
1230 0.10 
1230 0.11 
1230 0.14 
1230 0.13 
1230 0.12 
1230 0.14 
1230 0.13 
1230 0.13 
1232 93.47 
1232 92.14 
1232 101.63 
1233 100.07 
1233 104.26 
1233 103.40 
1235 94.53 
1235 93.86 
1235 105.23 
1237 101.16 
1237 97.71 
1237 97.14 
1239 102.09 
1239 74.78 
1239 90.12 
1241 104.17 
1241 56.62 
1241 61.96 
1243 101.87 
1243 24.53 
1243 29.88 
1245 103.50 
1245 25.61 
1245 20.26 
1247 104.29 
1247 30.87 
1247 47.96 
1249 102.15 
1249 23.78 
1249 22.93 
1251 99.99 
1251 14.23 
1251 23.05 
1252 74.90 
1252 17.72 
1252 29.40 
1254 47.46 
1254 31.82 
1254 26.16 
1256 50.59 
1256 44.28 
1256 56.12 
1258 41.35 
1258 29.90 
1258 41.20 
1260 13.61 
1260 17.20 
1260 11.00 
1260 0.08 
1260 0.12 
1260 0.09 
1260 2.74 
1260 1.51 
1260 0.68 
1260 0.13 
1260 0.11 
1260 0.11 
1260 104.28 
1260 100.66 
1260 103.20 
1261 103.01 
1261 98.74 
1261 90.88 
1263 105.78 
1263 101.55 
1263 100.59 
1265 105.16 
1265 104.68 
1265 98.21 
1267 94.73 
1267 98.75 
1267 85.29 
1269 82.70 
1269 79.37 
1269 86.31 
1271 60.52 
1271 67.02 
1271 81.40 
1273 49.23 
1273 55.50 
1273 60.75 
1275 60.94 
1275 39.40 
1275 60.29 
1277 36.34 
1277 47.42 
1277 34.74 
1279 35.32 
1279 31.42 
1279 43.37 
1280 59.03 
1280 12.75 
1280 13.56 
1282 17.28 
1282 15.25 
1282 12.66 
1284 14.44 
1284 16.43 
1284 16.30 
1286 58.71 
1286 39.75 
1286 27.33 
1288 45.94 
1288 37.03 
1288 48.17 
1290 14.98 
1290 25.54 
1290 55.85 
1290 0.11 
1290 0.12 
1290 0.12 
1290 0.17 
1290 0.19 
1290 0.26 
1290 0.10 
1290 0.11 
1290 0.11 
1291 102.99 
1291 102.80 
1293 92.89 
1293 99.95 
1295 104.29 
1295 103.87 
1297 105.59 
1297 94.03 
1299 79.75 
1299 88.99 
1301 85.79 
1301 59.01 
1303 40.47 
1303 37.20 
1305 82.40 
1305 46.73 
1307 68.80 
1307 95.93 
1309 69.94 
1309 80.59 
1311 71.17 
1311 91.03 
1313 59.64 
1313 41.77 
1315 60.83 
1315 62.00 
1317 41.51 
1317 36.24 
1318 32.53 
1318 57.15 
1320 21.25 
1320 71.26 
1320 0.12 
1320 0.21 
1320 0.17 
1320 1.37 
1320 0.12 
1320 0.13 
1320 101.37 
1320 101.99 
1321 102.64 
1321 103.21 
1323 104.18 
1323 101.21 
1325 98.13 
1325 102.41 
1327 58.12 
1327 65.25 
1329 77.63 
1329 61.13 
1331 73.51 
1331 76.78 
1333 85.57 
1333 68.67 
1335 41.90 
1335 60.60 
1337 72.12 
1337 28.43 
1339 20.61 
1339 17.51 
1340 52.18 
1340 62.21 
1342 31.82 
1342 37.33 
1344 35.71 
1344 28.47 
1346 33.11 
1346 102.26 
1348 61.47 
1348 106.34 
1350 47.84 
1350 48.31 
1350 0.11 
1350 0.12 
1350 0.10 
1350 0.11 
1350 0.18 
1350 0.21 
1350 100.83 
1350 102.84 
1352 101.43 
1352 102.02 
1354 102.30 
1354 102.13 
1355 103.27 
1355 98.23 
1357 101.56 
1357 82.93 
1359 88.00 
1359 75.49 
1361 50.01 
1361 76.25 
1363 53.08 
1363 50.88 
1365 43.06 
1365 36.40 
1367 38.29 
1367 37.63 
1368 34.61 
1368 73.94 
1370 47.62 
1370 36.59 
1372 40.48 
1372 89.59 
1374 39.96 
1374 38.18 
1376 59.46 
1376 70.93 
1378 27.62 
1378 26.70 
1380 46.61 
1380 46.63 
1380 0.07 
1380 0.07 
1380 0.10 
1380 0.14 
1380 0.12 
1380 0.12 
1382 102.11 
1382 102.46 
1383 98.80 
1383 101.94 
1385 83.15 
1385 99.10 
1387 96.87 
1387 90.91 
1389 86.33 
1389 98.76 
1391 103.12 
1391 67.84 
1393 49.47 
1393 31.59 
1395 62.35 
1395 33.15 
1397 34.74 
1397 76.16 
1399 48.12 
1399 82.14 
1401 40.17 
1401 39.50 
1402 22.64 
1402 21.37 
1404 27.52 
1404 30.16 
1406 53.68 
1406 47.29 
1408 42.64 
1408 34.51 
1410 24.58 
1410 56.49 
1410 0.15 
1410 0.16 
1410 0.20 
1410 0.23 
1410 0.12 
1410 0.11 
1412 101.69 
1412 101.28 
1414 103.18 
1414 102.77 
1416 102.87 
1416 101.62 
1418 90.81 
1418 67.71 
1419 70.53 
1419 61.05 
1421 63.32 
1421 61.27 
1423 70.71 
1423 55.48 
1425 53.75 
1425 62.58 
1427 32.72 
1427 60.40 
1429 66.57 
1429 52.99 
1431 43.79 
1431 23.09 
1433 39.96 
1433 73.18 
1434 17.31 
1434 20.56 
1436 20.82 
1436 21.88 
1438 34.19 
1438 27.13 
1440 23.33 
1440 33.88 
1440 0.12 
1440 0.11 
1440 0.14 
1440 0.11 
1440 0.14 
1440 0.12 
1440 103.46 
1440 102.54 
1442 100.94 
1442 102.66 
1444 102.09 
1444 101.02 
1446 92.60 
1446 74.79 
1448 88.36 
1448 100.29 
1450 56.04 
1450 89.33 
1452 30.51 
1452 44.95 
1454 71.78 
1454 48.22 
1455 29.75 
1455 23.90 
1457 41.52 
1457 45.63 
1459 29.80 
1459 23.48 
1461 23.96 
1461 42.06 
1463 30.46 
1463 78.93 
1465 25.50 
1465 89.59 
1467 16.25 
1467 43.26 
1469 90.38 
1469 29.17 
1470 0.22 
1470 0.20 
1470 0.10 
1470 0.13 
1470 0.63 
1470 0.88 
1472 102.23 
1472 100.94 
1474 103.71 
1474 100.74 
1476 87.11 
1476 91.10 
1478 94.91 
1478 97.73 
1480 84.36 
1480 58.78 
1482 64.82 
1482 47.07 
1484 63.01 
1484 50.61 
1485 36.72 
1485 27.36 
1487 37.93 
1487 48.21 
1489 46.05 
1489 60.06 
1491 31.54 
1491 63.39 
1493 34.26 
1493 22.24 
1495 15.49 
1495 33.81 
1497 31.35 
1497 77.63 
1499 49.11 
1499 24.68 
1500 6.04 
1500 3.66 
1500 0.21 
1500 0.17 
1500 1.36 
1500 0.22 
1502 102.47 
1502 104.59 
1504 105.58 
1504 103.74 
1506 92.69 
1506 102.51 
1508 95.64 
1508 87.10 
1510 100.53 
1510 50.01 
1512 55.11 
1512 53.06 
1514 68.23 
1514 83.62 
1516 35.29 
1516 40.24 
1518 54.66 
1518 64.46 
1519 87.06 
1519 31.42 
1521 38.20 
1521 81.60 
1523 58.66 
1523 43.76 
1525 16.58 
1525 73.46 
1527 27.68 
1527 30.91 
1529 52.90 
1529 35.36 
1530 0.15 
1530 0.08 
1530 0.08 
1530 0.10 
1530 0.10 
1530 0.10 
1532 98.98 
1532 99.88 
1534 86.70 
1534 102.91 
1536 68.21 
1536 103.16 
1538 58.85 
1538 87.71 
1540 70.85 
1540 103.91 
1542 71.88 
1542 102.77 
1544 62.85 
1544 98.61 
1545 47.71 
1545 103.02 
1547 38.71 
1547 94.19 
1549 42.45 
1549 58.43 
1551 39.95 
1551 63.05 
1553 34.79 
1553 39.04 
1555 33.81 
1555 35.15 
1557 30.16 
1557 33.91 
1559 25.03 
1559 26.54 
1560 8.65 
1560 0.17 
1560 0.10 
1560 0.10 
1560 1.19 
1560 0.55 
1561 103.54 
1561 103.64 
1563 97.78 
1563 82.25 
1565 86.26 
1565 68.38 
1567 68.89 
1567 78.18 
1569 83.53 
1569 81.09 
1571 57.76 
1571 57.32 
1573 43.86 
1573 70.53 
1574 40.82 
1574 37.87 
1576 34.05 
1576 37.20 
1578 26.90 
1578 30.73 
1580 38.45 
1580 82.39 
1582 25.36 
1582 66.66 
1584 41.88 
1584 33.39 
1586 22.54 
1586 31.44 
1588 16.57 
1588 24.98 
1589 20.84 
1589 28.20 
1590 0.11 
1590 0.14 
1590 0.14 
1590 0.15 
1590 0.12 
1590 0.20 
1591 101.97 
1591 101.11 
1593 101.82 
1593 103.37 
1595 95.48 
1595 86.35 
1597 84.03 
1597 87.22 
1599 62.32 
1599 71.39 
1601 82.91 
1601 61.05 
1603 55.68 
1603 53.15 
1605 32.91 
1605 46.64 
1607 28.05 
1607 30.55 
1609 59.48 
1609 68.13 
1611 45.83 
1611 42.22 
1613 13.87 
1613 24.84 
1615 37.96 
1615 23.70 
1617 44.12 
1617 45.55 
1618 44.51 
1618 54.89 
1620 16.49 
1620 46.39 
1620 0.12 
1620 0.12 
1620 0.14 
1620 0.15 
1620 0.13 
1620 0.13 
1620 101.64 
1620 101.15 
1621 104.71 
1621 100.06 
1623 103.08 
1623 102.69 
1625 98.59 
1625 88.43 
1627 69.01 
1627 85.12 
1629 60.40 
1629 70.60 
1631 64.34 
1631 67.78 
1633 63.82 
1633 62.09 
1634 34.45 
1634 27.79 
1636 64.08 
1636 43.39 
1638 39.58 
1638 58.25 
1640 37.04 
1640 41.41 
1642 30.72 
1642 28.45 
1644 53.08 
1644 47.69 
1646 34.12 
1646 26.73 
1648 34.05 
1648 42.59 
1650 64.29 
1650 87.52 
1650 0.14 
1650 0.15 
1650 0.25 
1650 0.16 
1650 0.13 
1650 0.12 
1650 101.61 
1650 102.04 
1652 102.16 
1652 102.13 
1654 103.10 
1654 103.99 
1656 85.92 
1656 100.10 
1657 52.82 
1657 103.64 
1659 57.14 
1659 102.19 
1661 54.79 
1661 102.97 
1663 42.56 
1663 105.04 
1665 53.77 
1665 104.28 
1667 45.89 
1667 102.75 
1669 36.07 
1669 101.31 
1671 61.05 
1671 98.34 
1673 32.23 
1673 75.99 
1675 38.73 
1675 58.43 
1677 19.61 
1677 38.64 
1679 37.69 
1679 49.79 
1680 0.58 
1680 0.18 
1680 0.08 
1680 0.09 
1680 0.11 
1680 0.13 
1681 101.61 
1681 106.71 
1683 98.20 
1683 102.13 
1685 59.14 
1685 100.57 
1687 56.57 
1687 71.11 
1689 49.59 
1689 64.36 
1691 48.28 
1691 63.45 
1693 45.69 
1693 29.99 
1695 42.07 
1695 39.80 
1697 31.65 
1697 23.25 
1699 33.02 
1699 53.80 
1701 33.65 
1701 25.79 
1703 67.12 
1703 22.28 
1705 57.54 
1705 31.41 
1706 16.99 
1706 21.68 
1708 20.21 
1708 37.24 
1710 28.81 
1710 24.42 
1710 0.09 
1710 0.18 
1710 0.11 
1710 0.12 
1710 0.13 
1710 0.13 
1710 102.69 
1710 103.57 
1711 103.77 
1711 102.19 
1713 97.85 
1713 95.82 
1715 85.17 
1715 56.93 
1717 93.20 
1717 47.03 
1719 74.85 
1719 43.96 
1721 53.44 
1721 53.85 
1723 61.61 
1723 61.81 
1725 54.38 
1725 56.05 
1727 75.90 
1727 30.31 
1729 33.42 
1729 38.94 
1731 22.82 
1731 24.04 
1733 40.94 
1733 28.30 
1735 25.30 
1735 25.00 
1737 17.92 
1737 26.91 
1739 22.46 
1739 21.16 
1740 9.70 
1740 5.71 
1740 0.10 
1740 0.10 
1740 1.44 
1740 2.81 
1742 101.74 
1742 99.68 
1744 94.46 
1744 104.21 
1746 43.97 
1746 101.57 
1748 95.41 
1748 70.85 
1750 54.43 
1750 46.09 
1751 32.07 
1751 35.21 
1753 78.59 
1753 38.63 
1755 58.34 
1755 33.11 
1757 44.11 
1757 31.36 
1759 36.14 
1759 23.52 
1761 37.10 
1761 27.62 
1763 31.55 
1763 32.89 
1765 27.04 
1765 22.92 
1767 89.27 
1767 46.32 
1769 17.87 
1769 27.39 
1770 5.14 
1770 3.15 
1770 0.19 
1770 0.16 
1770 1.25 
1770 2.04 
1772 101.32 
1772 91.11 
1774 101.54 
1774 102.97 
1776 99.39 
1776 91.03 
1778 90.05 
1778 100.54 
1780 84.26 
1780 92.83 
1782 56.37 
1782 68.03 
1784 39.02 
1784 44.81 
1786 15.73 
1786 36.40 
1787 14.91 
1787 96.83 
1789 55.33 
1789 29.60 
1791 34.41 
1791 38.58 
1793 23.26 
1793 36.83 
1795 48.11 
1795 52.08 
1797 36.83 
1797 34.38 
1799 44.68 
1799 33.42 
1800 0.15 
1800 0.10 
1800 0.30 
1800 0.27 
1800 0.19 
1800 0.16 
1801 105.65 
1801 95.38 
1803 69.72 
1803 103.93 
1805 87.07 
1805 102.37 
1807 72.22 
1807 103.64 
1809 62.06 
1809 101.91 
1811 35.59 
1811 101.49 
1812 59.59 
1812 102.64 
1814 44.75 
1814 95.21 
1816 40.58 
1816 79.59 
1818 39.38 
1818 43.34 
1820 62.11 
1820 48.80 
1822 28.30 
1822 35.66 
1824 20.24 
1824 28.96 
1826 37.31 
1826 29.47 
1828 38.71 
1828 45.23 
1830 36.48 
1830 21.63 
1830 0.26 
1830 0.26 
1830 0.34 
1830 0.26 
1830 0.14 
1830 0.19 
1832 102.86 
1832 100.79 
1834 101.73 
1834 103.75 
1836 104.10 
1836 97.24 
1838 86.65 
1838 95.97 
1840 71.60 
1840 79.97 
1842 61.63 
1842 43.32 
1844 41.81 
1844 34.96 
1846 30.13 
1846 37.68 
1848 39.97 
1848 34.57 
1850 30.21 
1850 28.63 
1852 20.37 
1852 21.74 
1854 29.81 
1854 29.68 
1855 42.99 
1855 45.56 
1857 36.83 
1857 29.99 
1859 22.76 
1859 22.18 
1860 0.20 
1860 0.11 
1860 0.18 
1860 0.15 
1860 0.12 
1860 0.12 
1861 99.97 
1861 103.34 
1863 100.90 
1863 101.69 
1865 93.04 
1865 100.41 
1867 59.92 
1867 81.82 
1869 81.09 
1869 67.02 
1871 50.20 
1871 46.28 
1873 71.18 
1873 43.08 
1875 63.12 
1875 36.59 
1877 40.92 
1877 30.45 
1879 29.11 
1879 66.93 
1881 29.87 
1881 46.60 
1883 21.44 
1883 24.95 
1885 32.23 
1885 36.77 
1887 31.07 
1887 16.56 
1889 38.60 
1889 52.69 
1890 13.65 
1890 4.53 
1890 1.11 
1890 0.34 
1890 0.34 
1890 0.79 
1892 92.56 
1892 102.30 
1894 103.95 
1894 103.12 
1896 101.60 
1896 88.35 
1898 97.78 
1898 75.67 
1899 89.22 
1899 51.22 
1901 60.30 
1901 35.61 
1903 45.87 
1903 17.97 
1905 33.39 
1905 24.51 
1907 22.67 
1907 20.04 
1909 26.93 
1909 20.32 
1911 33.96 
1911 28.60 
1913 38.86 
1913 59.78 
1915 39.30 
1915 31.61 
1917 19.17 
1917 32.38 
1919 25.88 
1919 44.18 
1920 6.67 
1920 5.90 
1920 0.19 
1920 0.22 
1920 1.53 
1920 3.07 
1922 77.90 
1922 94.49 
1924 102.65 
1924 63.13 
1926 75.92 
1926 37.41 
1928 53.16 
1928 55.23 
1930 60.59 
1930 69.34 
1932 35.00 
1932 33.01 
1934 34.27 
1934 39.81 
1936 50.99 
1936 36.48 
1938 26.29 
1938 36.11 
1940 25.07 
1940 26.67 
1942 16.57 
1942 26.10 
1944 25.31 
1944 43.63 
1945 16.62 
1945 15.68 
1947 67.16 
1947 64.36 
1949 14.85 
1949 19.04 
1950 0.25 
1950 0.13 
1950 0.21 
1950 0.21 
1950 0.21 
1950 0.21 
1951 102.85 
1951 96.30 
1953 102.51 
1953 50.97 
1955 84.47 
1955 40.73 
1957 63.97 
1957 50.06 
1959 32.89 
1959 59.44 
1961 37.40 
1961 53.28 
1963 41.93 
1963 32.42 
1965 39.36 
1965 30.21 
1967 21.95 
1967 25.69 
1969 43.41 
1969 24.99 
1971 22.89 
1971 22.18 
1973 26.84 
1973 30.30 
1975 14.50 
1975 15.42 
1977 19.12 
1977 22.84 
1979 15.04 
1979 15.35 
1980 3.68 
1980 8.81 
1980 0.28 
1980 0.28 
1980 1.09 
1980 0.19 
1980 0.13 
1980 0.13 
1980 101.38 
1980 104.76 
1982 92.99 
1982 101.31 
1984 70.01 
1984 96.97 
1986 41.57 
1986 83.60 
1988 35.47 
1988 54.91 
1990 60.60 
1990 52.39 
1992 53.91 
1992 48.42 
1994 36.04 
1994 45.63 
1996 22.59 
1996 19.74 
1998 32.07 
1998 24.22 
2000 59.27 
2000 85.03 
2002 19.01 
2002 17.93 
2004 27.76 
2004 20.92 
2006 17.89 
2006 14.78 
2008 35.24 
2008 33.96 
2010 24.74 
2010 22.70 
2010 0.20 
2010 0.16 
2010 0.25 
2010 0.29 
2010 0.17 
2010 0.23 
2011 102.88 
2011 79.39 
2013 103.79 
2013 84.83 
2015 87.07 
2015 45.97 
2017 76.21 
2017 60.98 
2019 39.39 
2019 38.08 
2021 50.35 
2021 45.55 
2023 25.67 
2023 29.90 
2025 22.26 
2025 35.80 
2027 23.54 
2027 39.56 
2029 67.86 
2029 68.59 
2031 35.18 
2031 62.75 
2033 32.58 
2033 25.72 
2035 16.14 
2035 26.78 
2037 9.52 
2037 20.41 
2039 20.30 
2039 19.88 
2040 0.21 
2040 0.10 
2040 0.12 
2040 0.13 
2040 3.21 
2040 0.15 
2042 100.70 
2042 87.79 
2044 102.79 
2044 56.74 
2046 68.89 
2046 70.52 
2048 94.34 
2048 58.72 
2050 55.64 
2050 45.24 
2052 50.78 
2052 52.13 
2054 29.89 
2054 26.69 
2056 47.39 
2056 39.04 
2058 33.15 
2058 34.63 
2060 23.73 
2060 32.88 
2062 22.14 
2062 39.29 
2064 27.94 
2064 20.57 
2066 23.54 
2066 63.14 
2068 30.69 
2068 37.58 
2070 30.63 
2070 22.57 
2070 0.13 
2070 0.14 
2070 0.11 
2070 0.11 
2070 0.12 
2070 0.14 
2072 83.22 
2072 94.87 
2074 43.92 
2074 101.13 
2076 102.75 
2076 61.34 
2078 68.40 
2078 50.58 
2080 45.52 
2080 45.95 
2082 39.01 
2082 43.35 
2084 61.49 
2084 43.75 
2086 29.65 
2086 18.94 
2088 21.13 
2088 21.32 
2090 24.84 
2090 20.49 
2092 63.49 
2092 14.90 
2094 28.19 
2094 17.97 
2096 18.39 
2096 16.71 
2097 33.40 
2097 24.70 
2099 13.84 
2099 10.59 
2100 0.17 
2100 0.17 
2100 0.11 
2100 0.13 
2100 0.21 
2100 0.18 
2101 100.19 
2101 91.27 
2103 52.84 
2103 95.09 
2105 88.74 
2105 66.96 
2107 47.99 
2107 60.72 
2109 43.68 
2109 47.19 
2111 45.57 
2111 35.69 
2113 34.02 
2113 56.00 
2115 33.61 
2115 39.90 
2117 51.60 
2117 34.62 
2119 28.89 
2119 13.85 
2121 28.31 
2121 17.87 
2123 28.79 
2123 32.31 
2125 24.34 
2125 20.84 
2127 28.41 
2127 53.13 
2129 20.73 
2129 21.41 
2130 1.08 
2130 0.16 
2130 0.15 
2130 0.15 
2130 0.11 
2130 0.16 
2132 101.30 
2132 98.92 
2134 95.62 
2134 101.05 
2136 76.71 
2136 69.33 
2138 55.68 
2138 46.33 
2140 27.22 
2140 23.58 
2142 25.13 
2142 33.91 
2144 28.43 
2144 37.77 
2146 19.51 
2146 26.70 
2148 43.70 
2148 57.05 
2150 44.22 
2150 35.27 
2152 40.64 
2152 24.35 
2154 23.16 
2154 24.39 
2156 35.22 
2156 22.12 
2158 21.20 
2158 33.81 
2160 35.47 
2160 30.64 
2160 0.23 
2160 0.26 
2160 0.10 
2160 0.09 
2160 0.13 
2160 0.12 
2161 103.60 
2161 102.64 
2163 97.19 
2163 95.84 
2165 70.82 
2165 102.13 
2167 58.60 
2167 102.95 
2169 40.25 
2169 103.85 
2171 57.21 
2171 100.25 
2173 33.56 
2173 84.45 
2175 37.59 
2175 84.94 
2177 60.44 
2177 33.03 
2179 35.96 
2179 39.88 
2181 34.23 
2181 34.23 
2183 37.92 
2183 25.27 
2185 18.28 
2185 53.46 
2187 17.59 
2187 83.85 
2189 25.70 
2189 45.55 
2190 0.25 
2190 0.31 
2190 0.10 
2190 0.09 
2190 0.19 
2190 0.21 
2191 102.99 
2191 102.27 
2193 86.53 
2193 102.22 
2195 93.88 
2195 77.64 
2197 99.17 
2197 67.11 
2199 85.96 
2199 54.59 
2201 75.64 
2201 53.05 
2203 33.29 
2203 48.43 
2205 21.74 
2205 22.20 
2207 29.50 
2207 38.89 
2209 26.90 
2209 28.09 
2211 37.31 
2211 27.86 
2213 14.07 
2213 25.46 
2215 26.81 
2215 34.20 
2217 19.67 
2217 31.36 
2219 55.23 
2219 96.02 
2220 6.85 
2220 18.65 
2220 0.12 
2220 0.14 
2220 0.66 
2220 1.20 
2220 0.15 
2220 0.13 
2220 102.31 
2220 101.32 
2221 101.16 
2221 105.51 
2223 90.70 
2223 101.00 
2225 67.38 
2225 67.26 
2227 70.84 
2227 82.57 
2229 40.85 
2229 55.87 
2231 66.87 
2231 47.65 
2233 37.60 
2233 46.81 
2235 46.86 
2235 55.21 
2237 33.93 
2237 23.33 
2239 18.10 
2239 20.21 
2241 37.28 
2241 17.22 
2243 18.12 
2243 30.74 
2245 31.39 
2245 25.28 
2247 34.94 
2247 30.06 
2249 25.57 
2249 39.25 
2250 10.39 
2250 5.54 
2250 0.17 
2250 0.19 
2250 1.03 
2250 1.35 
2252 99.68 
2252 97.16 
2254 90.59 
2254 100.45 
2256 84.51 
2256 101.71 
2258 60.34 
2258 101.78 
2260 69.35 
2260 103.59 
2262 51.23 
2262 102.87 
2264 41.01 
2264 103.49 
2266 41.80 
2266 103.20 
2268 26.75 
2268 84.75 
2269 65.11 
2269 48.46 
2271 22.03 
2271 22.86 
2273 15.45 
2273 20.12 
2275 26.41 
2275 20.29 
2277 37.75 
2277 35.02 
2279 23.06 
2279 33.86 
2280 0.21 
2280 0.12 
2280 0.08 
2280 0.10 
2280 0.09 
2280 0.12 
2282 99.22 
2282 99.12 
2284 70.97 
2284 83.39 
2286 35.07 
2286 58.80 
2288 42.73 
2288 57.64 
2290 58.17 
2290 63.39 
2292 59.75 
2292 82.29 
2294 44.74 
2294 83.00 
2296 36.64 
2296 37.37 
2298 25.26 
2298 42.96 
2300 36.30 
2300 33.88 
2302 41.91 
2302 23.96 
2304 63.42 
2304 94.07 
2306 90.68 
2306 34.42 
2308 14.88 
2308 14.02 
2310 22.56 
2310 21.47 
2310 0.22 
2310 0.17 
2310 0.14 
2310 0.19 
2310 0.15 
2310 0.13 
2311 98.75 
2311 102.91 
2313 101.44 
2313 100.85 
2315 88.49 
2315 83.40 
2317 102.80 
2317 72.32 
2319 93.33 
2319 85.52 
2321 63.85 
2321 41.58 
2323 47.13 
2323 35.43 
2325 26.32 
2325 17.64 
2327 51.17 
2327 34.95 
2329 27.68 
2329 34.11 
2331 23.28 
2331 29.62 
2333 20.80 
2333 28.16 
2335 17.96 
2335 33.87 
2337 10.89 
2337 10.27 
2339 22.56 
2339 26.75 
2340 12.47 
2340 4.43 
2340 0.14 
2340 0.16 
2340 0.09 
2340 0.10 
2342 102.51 
2342 102.33 
2344 75.46 
2344 102.83 
2346 69.51 
2346 100.11 
2348 41.80 
2348 84.64 
2350 55.54 
2350 47.80 
2351 42.77 
2351 42.42 
2353 43.51 
2353 39.05 
2355 40.26 
2355 41.23 
2357 103.80 
2357 38.71 
2359 44.17 
2359 32.81 
2361 44.86 
2361 26.63 
2363 21.96 
2363 21.15 
2365 23.06 
2365 20.90 
2367 66.33 
2367 32.58 
2369 41.47 
2369 28.38 
2370 0.09 
2370 0.11 
2370 0.19 
2370 0.25 
2370 0.08 
2370 0.11 
2372 101.52 
2372 94.37 
2374 95.92 
2374 94.71 
2376 82.61 
2376 79.27 
2378 59.86 
2378 72.79 
2380 53.19 
2380 49.41 
2381 53.64 
2381 44.62 
2383 38.79 
2383 32.06 
2385 62.53 
2385 60.68 
2387 52.71 
2387 52.83 
2389 34.90 
2389 23.73 
2391 15.38 
2391 27.90 
2393 37.67 
2393 40.84 
2395 24.38 
2395 21.20 
2397 51.70 
2397 23.51 
2399 25.96 
2399 38.89 
2400 0.50 
2400 0.35 
2400 0.11 
2400 0.10 
2400 1.50 
2400 1.04 
2402 101.77 
2402 100.41 
2404 101.91 
2404 103.39 
2406 100.04 
2406 102.15 
2408 84.90 
2408 104.01 
2410 59.05 
2410 104.93 
2411 41.88 
2411 102.51 
2413 33.54 
2413 102.14 
2415 36.41 
2415 103.14 
2417 42.51 
2417 93.81 
2419 40.47 
2419 57.61 
2421 43.47 
2421 54.22 
2423 55.51 
2423 48.45 
2425 28.13 
2425 31.07 
2427 22.79 
2427 40.91 
2429 89.64 
2429 59.94 
2430 0.11 
2430 100.18 
2430 0.48 
2430 0.30 
2430 0.61 
2430 0.10 
2432 101.87 
2432 101.31 
2434 102.49 
2434 92.27 
2436 89.58 
2436 87.97 
2438 94.20 
2438 70.80 
2440 78.45 
2440 77.71 
2442 74.31 
2442 49.45 
2444 81.20 
2444 73.37 
2446 53.04 
2446 61.92 
2448 42.88 
2448 68.79 
2449 50.60 
2449 105.04 
2451 40.34 
2451 59.84 
2453 29.82 
2453 31.96 
2455 23.86 
2455 26.54 
2457 88.41 
2457 23.57 
2459 25.94 
2459 40.67 
2460 0.06 
2460 0.11 
2460 0.13 
2460 0.11 
2460 0.07 
2460 1.21 
2461 103.69 
2461 103.93 
2463 102.15 
2463 102.44 
2465 101.98 
2465 101.53 
2467 95.10 
2467 92.40 
2469 77.95 
2469 89.21 
2471 69.44 
2471 46.81 
2473 77.97 
2473 28.18 
2474 23.42 
2474 45.65 
2476 34.77 
2476 39.80 
2478 28.40 
2478 36.73 
2480 32.21 
2480 25.56 
2482 52.92 
2482 29.62 
2484 35.60 
2484 49.28 
2486 22.48 
2486 28.22 
2488 22.24 
2488 63.40 
2490 15.15 
2490 30.17 
2490 0.06 
2490 0.09 
2490 0.18 
2490 0.20 
2490 0.15 
2490 0.15 
2492 101.46 
2492 101.87 
2494 99.86 
2494 102.35 
2495 73.23 
2495 101.59 
2497 71.74 
2497 94.53 
2499 56.78 
2499 89.53 
2501 75.01 
2501 88.00 
2503 34.57 
2503 26.10 
2505 28.72 
2505 28.24 
2507 63.97 
2507 33.55 
2509 40.19 
2509 31.27 
2510 48.85 
2510 50.47 
2512 26.61 
2512 21.47 
2514 39.71 
2514 39.03 
2516 54.48 
2516 26.99 
2518 19.01 
2518 21.51 
2520 70.52 
2520 84.10 
2520 0.15 
2520 0.18 
2520 0.09 
2520 0.10 
2520 0.12 
2520 0.10 
2520 99.34 
2520 100.82 
2522 102.52 
2522 101.93 
2524 103.06 
2524 101.85 
2526 102.91 
2526 98.94 
2528 97.43 
2528 80.19 
2530 69.68 
2530 59.12 
2532 54.69 
2532 24.03 
2534 49.20 
2534 55.74 
2536 36.22 
2536 39.58 
2538 34.10 
2538 49.03 
2540 41.28 
2540 38.89 
2542 44.36 
2542 44.86 
2544 34.62 
2544 46.57 
2546 36.38 
2546 34.64 
2548 43.15 
2548 74.01 
2550 30.37 
2550 73.60 
2550 0.09 
2550 0.09 
2550 0.22 
2550 0.18 
2550 0.11 
2550 0.14 
2551 102.92 
2551 102.31 
2553 73.86 
2553 100.86 
2555 91.66 
2555 102.67 
2557 102.18 
2557 102.16 
2559 103.44 
2559 103.79 
2561 104.09 
2561 102.15 
2563 103.28 
2563 102.52 
2565 102.46 
2565 102.66 
2567 102.37 
2567 103.66 
2569 102.28 
2569 102.49 
2571 103.22 
2571 102.46 
2573 102.78 
2573 103.30 
2575 104.41 
2575 104.21 
2577 97.79 
2577 102.11 
2579 103.72 
2579 103.94 
2580 45.96 
2580 40.67 
2580 0.11 
2580 0.12 
2580 0.21 
2580 0.24 
2582 98.50 
2582 102.13 
2582 102.15 
2584 98.05 
2584 102.39 
2584 101.95 
2585 81.17 
2585 80.81 
2585 74.04 
2587 76.23 
2587 91.08 
2587 68.82 
2589 49.76 
2589 54.96 
2589 50.32 
2591 39.24 
2591 41.80 
2591 41.02 
2593 22.78 
2593 27.62 
2593 21.43 
2595 23.23 
2595 20.59 
2595 19.62 
2597 27.88 
2597 58.39 
2597 39.74 
2599 36.87 
2599 55.29 
2599 39.06 
2601 31.64 
2601 34.29 
2601 29.28 
2603 21.15 
2603 30.27 
2603 33.04 
2605 31.08 
2605 21.91 
2605 19.49 
2607 20.13 
2607 23.24 
2607 35.85 
2608 16.59 
2608 11.17 
2608 14.46 
2610 22.58 
2610 22.14 
2610 22.75 
2610 0.39 
2610 0.26 
2610 0.24 
2610 1.09 
2610 0.12 
2610 0.11 
2610 0.13 
2610 0.11 
2610 0.09 
2610 101.67 
2610 102.50 
2610 104.09 
2611 102.76 
2611 101.67 
2611 104.05 
2613 100.44 
2613 101.70 
2613 95.88 
2615 63.07 
2615 86.61 
2615 75.94 
2617 47.68 
2617 62.56 
2617 60.50 
2619 50.61 
2619 60.42 
2619 41.92 
2621 44.59 
2621 39.93 
2621 36.62 
2623 41.62 
2623 61.66 
2623 31.37 
2625 39.66 
2625 44.15 
2625 37.05 
2627 48.83 
2627 46.54 
2627 58.73 
2629 49.34 
2629 33.71 
2629 27.18 
2631 33.41 
2631 43.88 
2631 56.86 
2633 36.15 
2633 22.62 
2633 37.53 
2634 21.77 
2634 16.89 
2634 18.10 
2636 9.59 
2636 14.77 
2636 10.68 
2638 54.02 
2638 30.62 
2638 27.08 
2640 74.11 
2640 15.41 
2640 23.62 
2640 0.11 
2640 0.07 
2640 0.07 
2640 1.25 
2640 0.20 
2640 0.18 
2640 0.10 
2640 0.12 
2640 0.10 
2640 102.19 
2640 100.72 
2640 100.65 
2642 101.59 
2642 101.16 
2642 102.29 
2644 93.21 
2644 103.12 
2644 102.27 
2646 92.14 
2646 102.11 
2646 101.28 
2648 72.89 
2648 102.53 
2648 86.99 
2650 61.44 
2650 103.46 
2650 64.12 
2652 55.88 
2652 103.50 
2652 64.04 
2654 31.03 
2654 91.38 
2654 33.93 
2656 44.95 
2656 64.98 
2656 27.20 
2657 24.85 
2657 40.23 
2657 24.75 
2659 36.87 
2659 31.96 
2659 30.36 
2661 24.74 
2661 35.88 
2661 36.39 
2663 31.46 
2663 37.29 
2663 26.32 
2665 56.74 
2665 42.71 
2665 59.08 
2667 35.04 
2667 102.09 
2667 39.89 
2669 35.17 
2669 50.54 
2669 34.46 
2670 0.97 
2670 0.30 
2670 0.18 
2670 0.20 
2670 0.13 
2670 0.11 
2670 0.61 
2670 1.29 
2670 1.21 
2672 104.63 
2672 90.83 
2672 102.15 
2674 95.13 
2674 94.50 
2674 101.61 
2675 72.58 
2675 96.03 
2675 100.30 
2677 61.65 
2677 70.15 
2677 77.77 
2679 67.49 
2679 71.41 
2679 44.69 
2681 73.78 
2681 94.29 
2681 47.60 
2683 54.84 
2683 49.43 
2683 33.37 
2685 48.22 
2685 74.73 
2685 45.68 
2687 37.07 
2687 46.87 
2687 31.25 
2689 17.16 
2689 28.76 
2689 47.82 
2690 34.08 
2690 19.94 
2690 16.22 
2692 10.59 
2692 18.27 
2692 17.46 
2694 18.84 
2694 19.85 
2694 62.09 
2696 28.24 
2696 30.24 
2696 25.74 
2698 91.35 
2698 87.62 
2698 13.77 
2700 15.30 
2700 12.42 
2700 21.35 
2700 0.14 
2700 0.13 
2700 0.12 
2700 0.19 
2700 0.22 
2700 0.25 
2700 0.17 
2700 0.16 
2700 0.27 
2701 102.40 
2701 101.27 
2703 102.67 
2703 103.03 
2705 100.15 
2705 103.04 
2707 100.77 
2707 87.76 
2709 55.36 
2709 67.18 
2711 82.08 
2711 69.55 
2713 49.39 
2713 53.10 
2715 73.25 
2715 65.76 
2717 79.03 
2717 63.47 
2719 53.22 
2719 62.51 
2721 44.87 
2721 40.97 
2722 29.27 
2722 94.21 
2724 24.80 
2724 42.76 
2726 26.77 
2726 24.23 
2728 36.20 
2728 30.16 
2730 49.45 
2730 56.99 
2730 0.12 
2730 0.07 
2730 2.19 
2730 0.10 
2730 0.13 
2730 0.13 
2730 101.75 
2730 101.94 
2731 101.78 
2731 101.55 
2733 102.10 
2733 102.27 
2735 102.89 
2735 103.52 
2737 102.62 
2737 102.64 
2739 65.26 
2739 52.64 
2741 55.37 
2741 44.39 
2743 58.71 
2743 52.27 
2745 49.50 
2745 40.23 
2747 63.94 
2747 58.69 
2748 53.66 
2748 43.28 
2750 38.66 
2750 40.77 
2752 71.71 
2752 72.24 
2754 47.12 
2754 49.01 
2756 40.67 
2756 44.14 
2758 37.75 
2758 30.88 
2760 32.10 
2760 44.71 
2760 0.09 
2760 0.08 
2760 0.23 
2760 0.32 
2760 0.12 
2760 0.11 
2762 101.45 
2762 101.20 
2763 101.63 
2763 101.25 
2765 101.33 
2765 101.43 
2767 88.05 
2767 103.40 
2769 55.81 
2769 101.30 
2771 53.98 
2771 102.17 
2773 55.58 
2773 103.00 
2775 57.23 
2775 101.99 
2777 41.21 
2777 101.29 
2779 33.43 
2779 102.40 
2781 42.68 
2781 103.24 
2782 94.96 
2782 102.47 
2784 25.25 
2784 101.56 
2786 16.53 
2786 101.97 
2788 23.67 
2788 101.19 
2790 18.32 
2790 102.46 
2790 0.08 
2790 100.68 
2790 0.09 
2790 101.43 
2790 0.10 
2790 101.43 
2792 100.10 
2792 101.61 
2792 99.07 
2793 95.45 
2793 102.35 
2793 102.14 
2795 79.22 
2795 88.37 
2795 103.52 
2797 78.08 
2797 82.25 
2797 104.21 
2799 67.22 
2799 66.88 
2799 84.61 
2801 33.73 
2801 36.43 
2801 50.74 
2803 41.65 
2803 52.77 
2803 43.34 
2805 45.48 
2805 29.22 
2805 40.25 
2807 23.11 
2807 28.55 
2807 23.61 
2809 19.40 
2809 22.43 
2809 21.95 
2811 30.43 
2811 25.55 
2811 58.91 
2813 39.57 
2813 29.50 
2813 72.38 
2814 76.72 
2814 39.21 
2814 68.49 
2816 25.37 
2816 34.18 
2816 25.00 
2818 28.63 
2818 43.67 
2818 40.35 
2820 17.29 
2820 17.60 
2820 47.22 
2820 0.21 
2820 0.19 
2820 0.17 
2820 0.29 
2820 0.21 
2820 0.21 
2820 0.16 
2820 0.11 
2820 0.13 
2820 100.98 
2820 101.74 
2820 102.19 
2822 100.73 
2822 101.39 
2822 100.61 
2824 101.17 
2824 101.60 
2824 102.84 
2826 101.10 
2826 96.05 
2826 101.70 
2828 77.85 
2828 56.65 
2828 78.08 
2830 90.62 
2830 54.74 
2830 72.38 
2832 35.10 
2832 26.84 
2832 34.58 
2833 28.95 
2833 58.05 
2833 39.98 
2835 24.53 
2835 24.50 
2835 28.27 
2837 54.03 
2837 91.78 
2837 35.31 
2839 36.92 
2839 39.89 
2839 37.63 
2841 55.72 
2841 47.13 
2841 33.17 
2843 28.63 
2843 61.43 
2843 63.40 
2845 50.28 
2845 29.11 
2845 34.89 
2847 39.79 
2847 31.53 
2847 66.88 
2849 21.09 
2849 25.52 
2849 26.09 
2850 3.28 
2850 5.29 
2850 5.84 
2850 0.31 
2850 0.44 
2850 0.40 
2850 2.26 
2850 2.14 
2850 1.78 
2851 104.04 
2851 102.76 
2851 103.86 
2853 103.68 
2853 102.10 
2853 103.15 
2855 102.31 
2855 104.18 
2855 73.48 
2857 104.84 
2857 106.02 
2857 76.73 
2859 102.16 
2859 100.35 
2859 83.24 
2861 104.70 
2861 103.30 
2861 81.76 
2863 104.39 
2863 104.45 
2863 35.34 
2865 101.58 
2865 101.64 
2865 50.55 
2867 97.71 
2867 102.49 
2867 20.46 
2869 101.15 
2869 101.53 
2869 32.04 
2871 103.37 
2871 103.41 
2871 39.92 
2873 100.88 
2873 102.50 
2873 29.78 
2875 89.42 
2875 102.24 
2875 31.69 
2876 103.57 
2876 103.22 
2876 33.92 
2878 78.52 
2878 102.10 
2878 23.72 
2880 47.38 
2880 86.20 
2880 21.88 
2880 0.08 
2880 0.11 
2880 0.13 
2880 0.98 
2880 1.02 
2880 1.01 
2880 0.18 
2880 0.12 
2880 0.13 
2880 102.93 
2880 104.32 
2880 104.82 
2881 100.79 
2881 103.15 
2881 100.26 
2883 98.16 
2883 98.51 
2883 98.47 
2885 96.25 
2885 95.44 
2885 91.80 
2887 97.72 
2887 79.19 
2887 101.87 
2889 78.46 
2889 78.36 
2889 104.89 
2891 94.61 
2891 70.23 
2891 104.81 
2893 86.17 
2893 52.28 
2893 103.11 
2895 29.69 
2895 69.23 
2895 103.68 
2897 9.48 
2897 6.29 
2897 103.00 
2898 29.07 
2898 19.32 
2898 101.88 
2900 19.85 
2900 18.33 
2900 92.78 
2902 25.16 
2902 66.64 
2902 50.44 
2904 67.72 
2904 44.71 
2904 56.62 
2906 49.41 
2906 40.77 
2906 65.42 
2908 30.02 
2908 38.32 
2908 50.90 
2910 45.80 
2910 38.31 
2910 46.53 
2910 0.09 
2910 0.19 
2910 0.12 
2910 0.29 
2910 0.18 
2910 0.20 
2910 0.13 
2910 0.16 
2910 0.22 
2912 101.88 
2912 102.12 
2912 102.41 
2913 101.52 
2913 100.75 
2913 100.43 
2915 90.28 
2915 82.19 
2915 93.57 
2917 80.37 
2917 65.53 
2917 77.40 
2919 52.66 
2919 77.32 
2919 61.84 
2921 64.45 
2921 63.70 
2921 39.46 
2923 56.16 
2923 37.99 
2923 33.74 
2925 30.59 
2925 30.40 
2925 46.92 
2927 28.99 
2927 25.52 
2927 20.85 
2928 91.47 
2928 31.00 
2928 33.00 
2930 23.96 
2930 53.08 
2930 62.22 
2932 50.66 
2932 64.37 
2932 51.97 
2934 29.37 
2934 58.43 
2934 27.13 
2936 26.29 
2936 29.66 
2936 34.53 
2938 40.71 
2938 60.35 
2938 46.19 
2940 58.03 
2940 70.75 
2940 59.56 
2940 0.16 
2940 0.20 
2940 0.12 
2940 0.24 
2940 0.30 
2940 0.20 
2940 0.12 
2940 0.19 
2940 0.17 
2941 103.23 
2941 102.91 
2941 105.23 
2943 102.51 
2943 102.97 
2943 103.36 
2945 102.97 
2945 102.41 
2945 101.91 
2947 103.68 
2947 82.61 
2947 96.53 
2949 103.65 
2949 70.46 
2949 64.65 
2950 104.18 
2950 45.56 
2950 46.06 
2952 102.00 
2952 57.34 
2952 52.02 
2954 103.31 
2954 43.08 
2954 41.74 
2956 104.20 
2956 35.36 
2956 39.67 
2958 104.34 
2958 23.41 
2958 55.49 
2959 81.03 
2959 27.72 
2959 34.71 
2961 39.33 
2961 16.79 
2961 24.77 
2963 67.23 
2963 79.29 
2963 66.08 
2965 45.00 
2965 23.48 
2965 27.59 
2967 34.85 
2967 11.29 
2967 22.34 
2969 64.03 
2969 30.38 
2969 29.54 
2970 9.40 
2970 3.97 
2970 3.34 
2970 0.14 
2970 0.13 
2970 0.15 
2970 1.01 
2970 1.13 
2970 0.65 
2971 78.07 
2971 64.55 
2971 85.89 
2973 100.69 
2973 102.55 
2973 100.33 
2975 101.59 
2975 98.75 
2975 79.86 
2977 101.55 
2977 96.92 
2977 70.21 
2979 102.45 
2979 87.28 
2979 74.91 
2981 103.66 
2981 69.47 
2981 71.85 
2983 104.37 
2983 87.19 
2983 82.01 
2985 102.55 
2985 68.00 
2985 51.34 
2987 102.50 
2987 23.16 
2987 30.47 
2989 102.66 
2989 21.38 
2989 24.50 
2990 99.72 
2990 33.02 
2990 31.86 
2992 81.57 
2992 15.77 
2992 18.45 
2994 98.96 
2994 44.36 
2994 29.29 
2996 71.35 
2996 59.51 
2996 68.49 
2998 39.00 
2998 39.38 
2998 39.37 
3000 29.30 
3000 27.33 
3000 22.84 
3000 0.30 
3000 0.31 
3000 0.26 
3000 0.14 
3000 0.63 
3000 0.10 
3000 0.20 
3000 0.20 
3000 0.18 
3000 103.42 
3000 106.07 
3000 104.66 
3002 102.02 
3002 102.23 
3002 101.73 
3004 98.08 
3004 101.94 
3004 98.14 
3006 83.23 
3006 102.50 
3006 84.96 
3008 93.67 
3008 104.15 
3008 60.76 
3009 76.90 
3009 105.47 
3009 80.70 
3011 70.99 
3011 103.44 
3011 65.08 
3013 62.29 
3013 101.92 
3013 52.82 
3015 35.20 
3015 105.08 
3015 56.99 
3017 56.95 
3017 102.26 
3017 31.46 
3019 37.24 
3019 101.43 
3019 33.49 
3021 65.96 
3021 105.05 
3021 56.42 
3023 30.76 
3023 104.69 
3023 31.22 
3025 38.33 
3025 83.23 
3025 26.86 
3026 17.29 
3026 38.64 
3026 16.42 
3028 93.05 
3028 62.76 
3028 92.38 
3030 13.52 
3030 17.50 
3030 27.05 
3030 0.11 
3030 0.10 
3030 0.15 
3030 0.86 
3030 0.11 
3030 0.09 
3030 0.14 
3030 0.15 
3030 0.13 
3030 100.17 
3030 102.01 
3030 100.72 
3032 102.02 
3032 102.11 
3032 103.22 
3034 83.94 
3034 101.62 
3034 78.31 
3036 97.04 
3036 80.52 
3036 67.20 
3037 82.04 
3037 45.22 
3037 48.34 
3039 80.91 
3039 95.79 
3039 71.43 
3041 60.80 
3041 55.77 
3041 63.61 
3043 46.25 
3043 40.28 
3043 67.37 
3045 59.98 
3045 69.76 
3045 72.74 
3047 32.43 
3047 41.45 
3047 33.72 
3049 26.24 
3049 37.62 
3049 35.52 
3051 67.13 
3051 28.48 
3051 35.08 
3052 42.01 
3052 30.96 
3052 34.44 
3054 46.12 
3054 25.53 
3054 22.91 
3056 25.55 
3056 17.98 
3056 15.65 
3058 18.69 
3058 15.70 
3058 39.79 
3060 22.54 
3060 74.01 
3060 77.49 
3060 0.09 
3060 0.10 
3060 0.08 
3060 0.22 
3060 0.31 
3060 0.21 
3060 0.14 
3060 0.13 
3060 0.13 
3061 103.05 
3061 101.71 
3061 102.92 
3063 102.34 
3063 100.69 
3063 101.47 
3065 102.32 
3065 99.37 
3065 98.83 
3067 83.94 
3067 98.23 
3067 103.52 
3069 72.17 
3069 87.17 
3069 86.29 
3071 53.68 
3071 51.81 
3071 69.40 
3073 48.98 
3073 48.31 
3073 57.51 
3075 50.77 
3075 62.08 
3075 56.44 
3077 54.27 
3077 45.05 
3077 46.08 
3079 51.72 
3079 23.62 
3079 35.12 
3081 57.39 
3081 54.32 
3081 24.24 
3082 33.22 
3082 30.32 
3082 30.85 
3084 38.66 
3084 42.67 
3084 31.92 
3086 71.42 
3086 76.28 
3086 77.98 
3088 21.64 
3088 25.87 
3088 16.48 
3090 74.86 
3090 34.46 
3090 35.15 
3090 0.14 
3090 0.10 
3090 0.13 
3090 0.16 
3090 0.13 
3090 0.10 
3090 0.15 
3090 0.21 
3090 0.15 
3090 102.35 
3090 102.12 
3090 102.45 
3092 97.98 
3092 97.87 
3092 86.67 
3093 84.00 
3093 86.26 
3093 74.28 
3095 44.58 
3095 59.43 
3095 78.15 
3097 99.27 
3097 89.24 
3097 89.18 
3099 78.86 
3099 90.17 
3099 94.06 
3101 87.37 
3101 56.21 
3101 102.72 
3103 63.76 
3103 56.51 
3103 64.68 
3105 53.42 
3105 64.37 
3105 50.33 
3107 44.08 
3107 77.67 
3107 53.45 
3109 53.07 
3109 46.18 
3109 73.68 
3111 39.42 
3111 66.76 
3111 53.44 
3113 31.92 
3113 36.82 
3113 28.06 
3114 29.40 
3114 73.56 
3114 35.77 
3116 50.81 
3116 36.57 
3116 29.30 
3118 35.75 
3118 28.86 
3118 44.65 
3120 30.03 
3120 12.91 
3120 23.83 
3120 0.12 
3120 0.10 
3120 0.16 
3120 1.04 
3120 0.59 
3120 1.29 
3120 0.13 
3120 0.13 
3120 0.15 
3120 102.40 
3120 102.08 
3120 102.40 
3121 100.45 
3121 102.62 
3121 102.67 
3123 99.28 
3123 87.39 
3123 73.97 
3125 69.28 
3125 52.24 
3125 85.69 
3127 54.55 
3127 49.64 
3127 36.76 
3129 102.93 
3129 79.15 
3129 60.22 
3131 67.42 
3131 73.23 
3131 104.07 
3133 71.62 
3133 57.16 
3133 84.58 
3135 57.47 
3135 46.27 
3135 90.54 
3137 48.84 
3137 40.55 
3137 59.78 
3138 24.94 
3138 42.92 
3138 21.85 
3140 14.45 
3140 7.34 
3140 15.95 
3142 11.15 
3142 8.47 
3142 6.89 
3144 23.42 
3144 24.79 
3144 18.24 
3146 14.36 
3146 21.07 
3146 27.54 
3148 20.62 
3148 46.69 
3148 36.78 
3149 54.83 
3149 29.90 
3149 49.85 
3150 0.07 
3150 0.08 
3150 0.07 
3150 0.17 
3150 0.16 
3150 0.32 
3150 0.11 
3150 0.08 
3150 0.12 
3151 103.93 
3151 103.68 
3153 101.32 
3153 99.70 
3155 103.32 
3155 94.02 
3157 104.64 
3157 92.71 
3159 104.67 
3159 100.34 
3161 104.37 
3161 72.04 
3163 103.10 
3163 60.48 
3165 103.87 
3165 52.84 
3167 103.05 
3167 49.48 
3169 104.11 
3169 77.14 
3170 103.17 
3170 57.90 
3172 102.60 
3172 47.09 
3174 103.29 
3174 53.55 
3176 104.53 
3176 38.83 
3178 103.08 
3178 54.05 
3180 86.45 
3180 47.30 
3180 0.12 
3180 0.14 
3180 1.53 
3180 0.12 
3180 0.12 
3180 0.11 
3180 103.95 
3180 101.90 
3182 101.56 
3182 99.79 
3184 101.18 
3184 102.23 
3186 103.48 
3186 104.83 
3188 97.40 
3188 96.30 
3190 70.37 
3190 74.15 
3191 42.37 
3191 61.09 
3193 42.00 
3193 42.91 
3195 46.87 
3195 66.61 
3197 74.70 
3197 91.12 
3199 46.83 
3199 85.23 
3201 38.28 
3201 43.17 
3203 48.30 
3203 28.66 
3205 60.06 
3205 25.45 
3207 18.50 
3207 18.94 
3208 19.32 
3208 18.16 
3210 34.27 
3210 27.75 
3210 0.31 
3210 0.40 
3210 0.82 
3210 1.64 
3210 0.14 
3210 0.11 
3210 100.82 
3210 100.10 
3211 103.44 
3211 103.43 
3213 101.54 
3213 101.91 
3215 104.46 
3215 103.72 
3217 103.93 
3217 102.71 
3219 104.05 
3219 93.35 
3221 102.59 
3221 38.14 
3222 75.78 
3222 35.32 
3224 91.67 
3224 73.60 
3226 48.28 
3226 28.32 
3228 28.03 
3228 20.39 
3230 37.56 
3230 66.73 
3232 49.10 
3232 21.81 
3234 24.80 
3234 23.19 
3235 21.95 
3235 27.50 
3237 29.53 
3237 32.67 
3239 41.41 
3239 36.05 
3240 0.11 
3240 0.12 
3240 0.10 
3240 0.11 
3240 0.14 
3240 0.18 
3241 104.70 
3241 101.87 
3243 101.29 
3243 96.40 
3245 102.00 
3245 103.51 
3247 104.44 
3247 98.51 
3249 93.00 
3249 83.39 
3251 60.26 
3251 54.29 
3253 39.58 
3253 25.79 
3255 38.30 
3255 38.00 
3257 74.61 
3257 62.20 
3259 68.66 
3259 57.15 
3260 48.22 
3260 28.97 
3262 27.91 
3262 30.33 
3264 39.48 
3264 84.43 
3266 42.41 
3266 62.02 
3268 34.97 
3268 32.49 
3270 61.11 
3270 44.21 
3270 0.36 
3270 0.24 
3270 1.29 
3270 0.14 
3270 0.13 
3270 0.11 
3270 102.27 
3270 100.68 
3271 105.39 
3271 99.79 
3273 101.51 
3273 104.53 
3275 103.72 
3275 99.49 
3277 79.55 
3277 75.72 
3278 73.84 
3278 59.32 
3280 93.18 
3280 57.00 
3282 75.47 
3282 46.43 
3284 60.05 
3284 56.63 
3286 57.87 
3286 91.33 
3288 29.33 
3288 57.46 
3290 39.73 
3290 35.44 
3292 43.46 
3292 42.81 
3294 57.09 
3294 36.14 
3296 49.00 
3296 52.66 
3297 48.41 
3297 51.66 
3299 34.90 
3299 24.26 
3300 0.09 
3300 0.09 
3300 0.10 
3300 0.11 
3300 0.12 
3300 0.08 
3301 100.62 
3301 100.56 
3303 101.23 
3303 99.99 
3305 101.34 
3305 97.68 
3307 91.33 
3307 98.30 
3309 82.77 
3309 59.39 
3311 83.21 
3311 70.57 
3312 60.37 
3312 52.86 
3314 86.51 
3314 61.65 
3316 93.82 
3316 30.36 
3318 57.61 
3318 57.52 
3320 68.38 
3320 75.60 
3322 19.24 
3322 40.81 
3324 40.84 
3324 48.67 
3325 24.59 
3325 55.28 
3327 33.02 
3327 25.48 
3329 30.32 
3329 49.42 
3330 0.13 
3330 0.24 
3330 0.12 
3330 0.19 
3330 1.12 
3330 0.23 
3331 104.37 
3331 104.47 
3333 102.21 
3333 102.76 
3335 103.29 
3335 102.09 
3337 104.02 
3337 100.87 
3339 101.33 
3339 102.96 
3340 82.83 
3340 102.60 
3342 44.42 
3342 103.73 
3344 55.83 
3344 106.09 
3346 83.91 
3346 103.14 
3348 59.59 
3348 104.76 
3350 47.99 
3350 103.27 
3352 32.31 
3352 97.27 
3354 57.23 
3354 93.06 
3356 34.02 
3356 89.14 
3357 18.08 
3357 43.94 
3359 19.96 
3359 69.52 
3360 0.31 
3360 0.18 
3360 0.15 
3360 0.14 
3360 0.08 
3360 0.08 
3361 102.35 
3361 100.55 
3363 102.58 
3363 102.43 
3365 35.73 
3365 73.56 
3367 64.43 
3367 91.80 
3369 102.11 
3369 96.29 
3371 85.07 
3371 59.13 
3373 82.04 
3373 46.93 
3375 54.98 
3375 51.74 
3376 56.71 
3376 34.51 
3378 43.36 
3378 28.44 
3380 25.93 
3380 22.33 
3382 32.31 
3382 20.93 
3384 36.30 
3384 37.65 
3386 18.60 
3386 22.56 
3388 28.33 
3388 50.40 
3390 26.02 
3390 28.61 
3390 0.14 
3390 0.52 
3390 0.31 
3390 0.24 
3390 0.09 
3390 0.10 
3391 102.44 
3391 103.65 
3393 103.25 
3393 101.05 
3395 94.59 
3395 90.17 
3397 84.07 
3397 78.26 
3399 68.94 
3399 62.67 
3401 47.99 
3401 47.97 
3403 35.10 
3403 30.19 
3405 39.48 
3405 56.76 
3407 34.60 
3407 32.71 
3409 66.95 
3409 33.65 
3411 100.40 
3411 43.89 
3413 63.55 
3413 44.47 
3415 38.69 
3415 65.24 
3417 79.07 
3417 80.60 
3419 29.14 
3419 44.27 
3420 45.49 
3420 15.68 
3420 0.10 
3420 0.10 
3420 1.28 
3420 0.59 
3420 0.11 
3420 0.12 
3420 102.07 
3420 102.52 
3422 101.04 
3422 101.77 
3424 102.67 
3424 100.31 
3426 104.13 
3426 103.47 
3427 88.23 
3427 102.30 
3429 75.00 
3429 94.96 
3431 48.61 
3431 43.25 
3433 23.89 
3433 28.10 
3435 25.66 
3435 24.69 
3437 25.01 
3437 14.50 
3439 12.11 
3439 10.96 
3441 21.26 
3441 15.65 
3443 27.28 
3443 22.19 
3445 55.68 
3445 46.32 
3447 44.00 
3447 53.14 
3448 45.28 
3448 44.36 
3450 15.53 
3450 65.36 
3450 0.13 
3450 0.11 
3450 1.42 
3450 1.00 
3450 0.12 
3450 0.16 
3450 101.71 
3451 102.59 
3453 102.23 
3455 102.54 
3457 102.98 
3459 97.48 
3461 92.65 
3463 104.54 
3465 100.55 
3467 53.58 
3468 54.09 
3470 74.18 
3472 40.41 
3474 66.86 
3476 54.65 
3478 42.49 
3480 75.64 
3480 0.16 
3480 0.12 
3480 0.10 
3480 101.02 
3482 103.03 
3484 102.97 
3486 102.95 
3488 105.03 
3490 102.22 
3491 101.34 
3493 102.83 
3495 103.45 
3497 103.62 
3499 96.89 
3501 101.94 
3503 89.89 
3505 65.40 
3506 57.91 
3508 51.41 
3510 29.11 
3510 0.19 
3510 0.17 
3510 0.12 
3510 102.94 
3510 104.00 
3511 101.44 
3511 101.70 
3513 90.23 
3513 89.71 
3515 94.67 
3515 66.94 
3517 69.10 
3517 59.89 
3519 74.38 
3519 83.84 
3521 56.59 
3521 45.86 
3523 44.74 
3523 49.29 
3525 60.89 
3525 60.53 
3527 69.10 
3527 41.97 
3529 46.44 
3529 45.33 
3531 81.21 
3531 22.70 
3533 52.42 
3533 45.64 
3534 24.88 
3534 26.08 
3536 16.94 
3536 35.78 
3538 24.18 
3538 13.36 
3540 48.52 
3540 32.31 
3540 0.12 
3540 0.13 
3540 0.59 
3540 1.13 
3540 0.12 
3540 0.12 
3540 102.87 
3540 102.19 
3541 103.24 
3541 103.87 
3543 101.46 
3543 100.24 
3545 102.85 
3545 99.73 
3547 99.88 
3547 93.51 
3549 98.75 
3549 44.94 
3551 52.90 
3551 46.83 
3553 29.74 
3553 26.21 
3555 24.87 
3555 44.01 
3557 50.68 
3557 33.67 
3559 25.26 
3559 22.61 
3560 22.18 
3560 27.06 
3562 45.64 
3562 43.29 
3564 43.94 
3564 42.33 
3566 26.96 
3566 34.38 
3568 30.08 
3568 76.17 
3570 80.63 
3570 46.68 
3570 0.08 
3570 0.08 
3570 0.28 
3570 0.26 
3570 0.13 
3570 0.13 
3570 103.60 
3570 105.64 
3571 102.58 
3571 102.26 
3573 103.96 
3573 103.24 
3575 101.02 
3575 82.40 
3577 103.71 
3577 59.36 
3579 103.70 
3579 42.95 
3581 103.84 
3581 77.64 
3583 102.07 
3583 61.64 
3585 103.17 
3585 38.25 
3587 103.65 
3587 36.89 
3589 103.43 
3589 58.32 
3590 97.47 
3590 34.67 
3592 58.52 
3592 25.18 
3594 40.40 
3594 64.30 
3596 39.45 
3596 33.87 
3598 57.46 
3598 85.19 
3600 38.79 
3600 65.81 
3600 0.14 
3600 0.07 
3600 0.15 
3600 0.17 
3600 0.17 
3600 0.13 
3600 102.78 
3600 103.52 
3602 99.32 
3602 102.79 
3604 96.79 
3604 96.68 
3606 71.37 
3606 72.09 
3608 57.50 
3608 63.88 
3610 57.29 
3610 56.97 
3612 40.45 
3612 44.81 
3614 72.18 
3614 31.43 
3615 47.37 
3615 81.23 
3617 31.91 
3617 51.19 
3619 68.06 
3619 39.46 
3621 40.94 
3621 31.32 
3623 15.23 
3623 51.44 
3625 27.63 
3625 20.27 
3627 39.18 
3627 19.81 
3629 38.56 
3629 69.00 
3630 2.27 
3630 3.35 
